Draft Pos Age YPro Team InPro 2JPro 3PPro InEff 2JEff 3PEff  OReb  DReb  BDom PassR PassE InDef PerDef  InFR PerFR FTEff GInj Updated
  2.1 SF1  29    9  BRE   7.0  41.0  52.0  88.0  77.0  93.0  14.0  59.0   9.0  54.0  44.0  28.0   34.0  32.0  16.0  46.0    0 Y11-D6-FA
  2.1 SF1  29    9   FA   7.0  41.0  52.0  88.0  77.0  93.0  14.0  59.0   9.0  54.0  44.0  28.0   34.0  32.0  16.0  49.5    0 Y11-D24-RSG7
  2.1 SF1  29    9   FA   7.0  41.0  52.0  88.0  77.0  93.0  14.0  59.0   9.0  54.0  44.0  28.0   34.0  32.0  17.0  49.5    0 Y11-D26-RSG9
  2.1 SF1  29    9   FA   7.0  41.0  52.0  88.0  77.0  93.0  14.0  59.0   9.0  54.0  44.0  28.0   34.0  32.0  17.0  47.0    0 Y11-D30-RSG13
  2.1 SF1  29    9   FA   7.0  41.0  52.0  88.0  77.0  93.0  14.0  59.0   9.0  54.0  44.0  28.0   34.0  32.0  17.0  44.2    0 Y11-D36-RSG19
  2.1 SF1  29    9   FA   7.0  41.0  52.0  88.0  77.0  90.8  14.0  59.0   9.0  54.0  44.0  28.0   34.0  32.0  17.0  44.2    0 Y11-D45-RSG28
  2.1 SF1  29    9   FA   7.0  41.0  52.0  88.0  77.0  90.8  14.0  59.0   9.0  54.0  46.2  28.0   34.0  32.0  17.0  44.2    0 Y11-D51-RSG34
  2.1 SF1  29    9   FA   7.0  41.0  52.0  88.0  77.0  90.8  14.0  59.0   9.0  53.3  46.2  28.0   34.0  32.0  17.0  44.2    0 Y11-D52-RSG35
  2.1 SF1  29    9   FA   7.1  40.1  52.8  88.0  77.0  90.8  14.0  59.0   9.0  53.3  46.2  28.0   34.0  32.0  17.0  44.2    0 Y11-D60-RSG43
  2.1 SF1  29    9   FA   7.1  40.1  52.8  88.0  77.0  90.8  14.0  59.0   9.0  55.3  46.2  28.0   34.0  32.0  17.0  44.2    0 Y11-D61-RSG44
  2.1 SF1  29    9   FA   7.1  40.1  52.8  88.0  77.0  90.8  14.0  59.0   9.0  55.3  46.2  28.0   34.0  33.6  17.0  44.2    0 Y11-D68-RSG51
  2.1 SF1  29    9   FA   7.2  39.2  53.6  88.0  77.0  90.8  14.0  59.0   9.0  55.3  46.2  28.0   34.0  33.6  17.0  44.2    0 Y11-D70-RSG53
  2.1 SF1  29    9   FA   7.2  39.2  53.6  88.0  77.0  90.8  14.0  59.0   9.0  55.3  46.2  28.0   34.0  33.6  17.0  44.2    3 Y11-D71-RSG54
  2.1 SF1  29    9   FA   7.2  39.2  53.6  88.0  77.0  90.8  14.0  59.0   9.0  55.3  46.2  28.0   34.0  33.6  17.0  44.2    3 Y11-D72-RSG55
  2.1 SF1  29    9   FA   7.2  39.2  53.6  88.0  77.0  90.8  14.0  59.0   9.0  55.3  46.2  28.0   34.0  33.6  17.0  44.2    2 Y11-D73-RSG56
  2.1 SF1  29    9   FA   7.2  39.2  53.6  88.0  77.0  90.8  14.0  59.0   9.0  55.3  46.2  28.0   34.0  33.6  17.0  44.2    1 Y11-D74-RSG57
  2.1 SF1  29    9   FA   7.2  39.2  53.6  88.0  77.0  88.9  14.0  59.0   9.0  55.3  46.2  28.0   34.0  33.6  17.0  44.2    1 Y11-D75-RSG58
  2.1 SF1  29    9   FA   7.2  39.2  53.6  88.0  77.0  88.9  14.0  59.0   9.0  55.3  46.2  28.0   34.0  33.6  17.0  44.2    0 Y11-D76-RSG59
  2.1 SF1  29    9   FA   7.2  39.2  53.6  88.0  78.0  88.9  14.0  59.0   9.0  55.3  46.2  28.0   34.0  33.6  17.0  44.2    0 Y11-D80-RSG63
  2.1 SF1  29    9   FA   7.3  39.6  53.1  88.0  78.0  88.9  14.0  59.0   9.0  55.3  46.2  28.0   34.0  33.6  17.0  44.2    0 Y11-D86-RSG69
  2.1 SF1  29    9   FA   7.3  39.6  53.1  88.0  78.0  88.9  14.0  59.0   9.0  54.1  46.2  28.0   34.0  33.6  17.0  44.2    0 Y11-D92-RSG75
  2.1 SF1  29    9   FA   7.3  39.6  53.1  84.5  78.0  88.9  14.0  59.0   9.0  54.1  46.2  28.0   34.0  33.6  17.0  44.2    0 Y11-D96-RSG79
