Draft Pos Age YPro Team InPro 2JPro 3PPro InEff 2JEff 3PEff  OReb  DReb  BDom PassR PassE InDef PerDef  InFR PerFR FTEff GInj Updated
 3.16 PF1  28    8  BRE  83.0  15.0   2.0  91.2  66.0  42.0  30.0  88.0  37.0  38.0  16.0  78.0   36.0  48.0  17.0  77.0    0 Y11-D18-RSG1
 3.16 PF1  28    8  BRE  83.0  15.0   2.0  91.2  62.8  42.0  30.0  88.0  37.0  38.0  14.2  78.0   36.0  48.0  17.0  77.0    0 Y11-D20-RSG3
 3.16 PF1  28    8  BRE  83.0  15.0   2.0  91.2  62.8  42.0  30.0  88.0  37.0  38.0  14.2  78.0   36.0  48.0  17.0  75.7    0 Y11-D23-RSG6
 3.16 PF1  28    8  BRE  81.8  16.2   2.0  91.2  62.8  42.0  30.0  88.0  37.0  38.0  14.2  78.0   34.0  48.0  17.0  75.7    0 Y11-D24-RSG7
 3.16 PF1  28    8  BRE  81.8  16.2   2.0  87.7  62.8  42.0  30.0  88.0  37.0  38.0  14.2  78.0   34.0  48.0  17.0  75.7    0 Y11-D25-RSG8
 3.16 PF1  28    8  BRE  81.8  16.2   2.0  87.7  62.8  39.0  30.0  88.0  37.0  38.0  17.4  78.0   34.0  48.0  17.0  75.7    0 Y11-D36-RSG19
 3.16 PF1  28    8  BRE  81.8  16.2   2.0  87.7  62.8  39.0  30.0  88.0  37.0  37.0  17.4  78.0   34.0  48.0  17.0  75.7    0 Y11-D46-RSG29
 3.16 PF1  28    8  BRE  82.1  15.9   2.0  87.7  63.8  39.0  30.0  88.0  38.5  37.0  17.4  78.0   34.0  48.0  17.0  75.7    0 Y11-D47-RSG30
 3.16 PF1  28    8  BRE  82.1  15.9   2.0  87.7  63.8  37.0  30.0  88.0  38.5  37.0  17.4  78.0   34.0  48.0  17.0  75.7    0 Y11-D51-RSG34
 3.16 PF1  28    8  BRE  82.1  15.9   2.0  87.7  63.8  37.0  30.0  88.0  38.5  37.0  17.4  78.0   32.2  48.0  15.1  74.7    0 Y11-D54-RSG37
 3.16 PF1  28    8  BRE  82.1  15.9   2.0  87.7  63.8  37.0  30.0  88.0  38.5  38.3  17.4  78.0   32.2  48.0  15.1  74.7    0 Y11-D57-RSG40
 3.16 PF1  28    8  BRE  81.9  15.9   2.2  87.7  63.8  37.0  30.0  88.0  38.5  38.3  17.4  78.0   32.2  48.0  15.1  74.7    0 Y11-D62-RSG45
 3.16 PF1  28    8  BRE  81.0  16.8   2.2  87.7  63.8  37.0  30.0  88.0  38.5  38.3  17.4  78.0   32.2  48.0  15.1  74.7    0 Y11-D64-RSG47
 3.16 PF1  28    8  BRE  80.7  16.7   2.6  87.7  63.8  37.0  30.0  88.0  38.5  38.3  17.4  78.0   32.2  48.0  15.1  74.7    0 Y11-D65-RSG48
 3.16 PF1  28    8  BRE  80.7  16.7   2.6  87.7  63.8  37.0  30.0  88.0  36.7  38.3  17.4  78.0   32.2  48.0  15.1  74.7    0 Y11-D68-RSG51
 3.16 PF1  28    8  BRE  80.9  16.7   2.4  87.7  63.8  37.0  30.0  88.0  36.7  38.3  17.4  78.0   32.2  48.0  15.1  74.7    0 Y11-D72-RSG55
 3.16 PF1  28    8  BRE  80.9  16.7   2.4  87.7  63.8  37.0  30.0  88.0  36.7  36.5  17.4  78.0   32.2  48.0  15.1  74.7    0 Y11-D74-RSG57
 3.16 PF1  28    8  BRE  81.2  16.4   2.4  87.7  63.8  37.0  30.0  88.0  36.7  36.5  17.4  78.0   32.2  48.0  15.1  72.0    0 Y11-D76-RSG59
 3.16 PF1  28    8  BRE  81.2  16.4   2.4  87.7  63.8  37.0  29.0  88.0  36.7  36.5  17.4  78.0   32.2  48.0  15.1  72.0    0 Y11-D79-RSG62
 3.16 PF1  28    8  BRE  81.2  16.4   2.4  87.7  63.8  35.9  29.0  88.0  36.7  36.5  17.4  78.0   32.2  48.0  15.1  72.0    0 Y11-D81-RSG64
 3.16 PF1  28    8  BRE  81.2  16.4   2.4  87.7  63.8  35.9  29.0  88.0  36.0  36.5  17.4  78.0   32.2  48.0  15.1  72.0    0 Y11-D94-RSG77
 3.16 PF1  28    8  BRE  81.2  16.4   2.4  87.7  63.8  39.2  29.0  88.0  36.0  36.5  17.4  78.0   32.2  48.0  15.1  72.0    0 Y11-D95-RSG78
