Draft Pos Age YPro Team InPro 2JPro 3PPro InEff 2JEff 3PEff  OReb  DReb  BDom PassR PassE InDef PerDef  InFR PerFR FTEff GInj Updated
  3.1 PF1  28    8  CRO  56.0  40.0   4.0 106.0  75.0  36.0  25.0  87.0  25.0  26.0  38.0  78.0   24.0  43.0   1.0  64.0    0 Y11-D18-FA
  3.1 PF1  28    8   FA  56.0  40.0   4.0 106.0  75.0  36.0  25.0  89.1  25.0  26.0  38.0  78.0   24.0  43.0   1.0  64.0    0 Y11-D20-RSG3
  3.1 PF1  28    8   FA  56.0  40.0   4.0 106.0  75.0  36.0  25.0  89.1  25.0  26.0  38.0  78.0   24.0  44.0   1.0  64.0    0 Y11-D25-RSG8
  3.1 PF1  28    8   FA  56.0  40.0   4.0 106.0  75.0  36.0  25.0  89.1  25.0  26.0  38.0  78.0   24.0  44.0   1.0  61.7    0 Y11-D36-RSG19
  3.1 PF1  28    8   FA  56.0  40.0   4.0 106.0  75.0  36.0  25.0  89.1  25.0  26.0  38.0  78.0   24.0  44.0   1.0  61.7    0 Y11-D44-RSG27
  3.1 PF1  28    8   FA  56.0  40.0   4.0 106.0  75.0  32.0  25.0  89.1  25.0  26.0  38.0  78.0   24.0  44.0   1.0  61.7    0 Y11-D47-RSG30
  3.1 PF1  28    8   FA  55.9  40.1   4.0 106.0  75.0  32.0  25.0  89.1  25.0  26.0  38.0  78.0   24.0  44.0   1.0  61.7    0 Y11-D53-RSG36
  3.1 PF1  28    8   FA  55.9  40.1   4.0 106.0  75.0  32.0  25.0  89.1  25.0  26.0  38.0  78.0   24.0  44.0   1.0  61.7    1 Y11-D55-RSG38
  3.1 PF1  28    8   FA  55.9  40.1   4.0 106.0  75.0  32.0  25.0  89.1  25.0  26.0  38.0  78.0   24.0  44.0   1.0  61.7    0 Y11-D56-RSG39
  3.1 PF1  28    8   FA  55.9  40.1   4.0 106.0  75.0  32.0  25.0  90.1  25.0  26.0  38.0  78.0   24.0  44.0   1.0  61.7    0 Y11-D59-RSG42
  3.1 PF1  28    8   FA  55.9  40.1   4.0 106.0  75.0  32.0  25.0  90.1  25.0  26.0  38.0  78.0   24.0  42.5   1.0  61.7    0 Y11-D61-RSG44
  3.1 PF1  28    8   FA  55.9  40.1   4.0 106.0  75.0  32.0  25.0  90.1  25.0  26.0  38.0  78.0   24.0  42.5   1.0  61.7    9 Y11-D77-RSG60
  3.1 PF1  28    8   FA  55.9  40.1   4.0 106.0  75.0  32.0  25.0  90.1  25.0  26.0  38.0  78.0   24.0  42.5   1.0  61.7    7 Y11-D78-RSG61
  3.1 PF1  28    8   FA  55.9  40.1   4.0 106.0  75.0  32.0  25.0  90.1  25.0  26.0  38.0  78.0   24.0  42.5   1.0  61.7    6 Y11-D79-RSG62
  3.1 PF1  28    8   FA  55.9  40.1   4.0 106.0  75.0  32.0  25.0  90.1  25.0  26.0  38.0  78.0   24.0  42.5   1.0  61.7    5 Y11-D80-RSG63
  3.1 PF1  28    8   FA  55.9  40.1   4.0 106.0  75.0  32.0  25.0  90.1  25.0  26.0  38.0  78.0   24.0  42.5   1.0  61.7    4 Y11-D81-RSG64
  3.1 PF1  28    8   FA  55.9  40.1   4.0 106.0  75.0  32.0  25.0  90.1  25.0  26.0  38.0  78.0   24.0  42.5   1.0  61.7    3 Y11-D82-RSG65
  3.1 PF1  28    8   FA  56.2  40.3   3.5 106.0  75.0  32.0  25.0  90.1  25.0  26.0  38.0  78.0   24.0  42.5   1.0  61.7    1 Y11-D83-RSG66
  3.1 PF1  28    8   FA  56.2  40.3   3.5 106.0  75.0  32.0  25.0  90.1  25.0  26.0  38.0  78.0   24.0  42.5   1.0  61.7    0 Y11-D84-RSG67
  3.1 PF1  28    8   FA  56.2  40.3   3.5 103.4  75.0  32.0  25.0  90.1  25.0  26.0  38.0  78.0   24.0  42.5   1.0  61.7    0 Y11-D87-RSG70
  3.1 PF1  28    8   FA  56.2  40.3   3.5 103.4  76.0  32.0  25.0  90.1  25.0  26.0  38.0  78.0   24.0  42.5   1.0  61.7    0 Y11-D90-RSG73
