Draft Pos Age YPro Team InPro 2JPro 3PPro InEff 2JEff 3PEff  OReb  DReb  BDom PassR PassE InDef PerDef  InFR PerFR FTEff GInj Updated
 3.14 SG1  28    8  RAY  38.0  16.0  46.0  98.0  93.0 100.0  12.0  68.0  47.6  58.0  62.0  32.0   71.0  53.0  40.0  71.0    0 Y11-D22-RSG5
 3.14 SG1  28    8  RAY  38.0  16.0  46.0  99.0  93.0 100.0  12.0  68.0  47.6  58.0  62.0  32.0   71.0  53.0  40.0  71.0    0 Y11-D24-RSG7
 3.14 SG1  28    8  RAY  38.0  16.0  46.0  99.0  93.0 100.0  12.0  68.0  47.6  58.0  62.0  31.0   71.0  53.0  40.0  71.0    0 Y11-D31-RSG14
 3.14 SG1  28    8  RAY  38.0  16.0  46.0  99.0  93.0 100.0  12.0  68.0  47.6  55.8  62.0  31.0   71.0  53.0  40.0  71.0    0 Y11-D32-RSG15
 3.14 SG1  28    8  RAY  38.0  16.0  46.0  99.0  93.0 100.0  12.0  68.0  47.6  55.8  61.0  31.0   71.0  53.0  40.0  71.0    0 Y11-D35-RSG18
 3.14 SG1  28    8  RAY  38.0  16.0  46.0  99.0  93.0 100.0  12.0  68.0  47.6  55.8  62.3  33.4   71.0  53.0  40.0  71.0    3 Y11-D37-RSG20
 3.14 SG1  28    8  RAY  38.0  16.0  46.0  99.0  93.0 100.0  12.0  68.0  47.6  55.8  62.3  33.4   71.0  53.0  40.0  71.0    2 Y11-D38-RSG21
 3.14 SG1  28    8  RAY  38.0  16.0  46.0  99.0  93.0 100.0  12.0  68.0  47.6  55.8  62.3  33.4   71.0  53.0  40.0  71.0    1 Y11-D39-RSG22
 3.14 SG1  28    8  RAY  38.0  16.0  46.0  99.0  93.0 100.0  12.0  68.0  47.6  55.8  62.3  33.4   71.0  53.0  40.0  71.0    0 Y11-D40-RSG23
 3.14 SG1  28    8  RAY  38.0  16.0  46.0  99.0  93.0 100.0  12.0  68.0  48.6  55.8  62.3  33.4   71.0  53.0  40.0  71.0    0 Y11-D42-RSG25
 3.14 SG1  28    8  RAY  38.0  16.0  46.0  99.0  93.0 100.0  12.0  68.0  48.6  57.4  62.3  33.4   71.0  53.0  40.0  71.0    0 Y11-D44-RSG27
 3.14 SG1  28    8  RAY  38.0  16.0  46.0  99.0  93.0 100.0  12.0  68.0  48.6  57.4  62.3  33.4   71.0  53.0  40.0  72.0    0 Y11-D45-RSG28
 3.14 SG1  28    8  RAY  38.0  16.0  46.0  99.0  93.0 100.0  12.0  68.0  50.6  57.4  62.3  33.4   71.0  53.0  40.0  72.0    0 Y11-D53-RSG36
 3.14 SG1  28    8  RAY  38.0  16.0  46.0  99.0  93.0 100.0  13.0  68.0  50.6  57.4  62.3  33.4   71.0  53.0  40.0  72.0    0 Y11-D54-RSG37
 3.14 SG1  28    8  RAY  38.0  16.0  46.0  99.0  93.0 100.0  13.0  68.0  50.6  57.4  62.3  33.4   68.5  53.0  40.0  72.0    0 Y11-D58-RSG41
 3.14 SG1  28    8  RAY  38.0  16.0  46.0  99.0  93.0 100.0  13.0  68.0  50.6  57.4  62.3  33.4   68.5  53.0  40.0  73.0    0 Y11-D61-RSG44
 3.14 SG1  28    8  RAY  38.0  16.0  46.0  97.1  93.0 100.0  13.0  68.0  50.6  57.4  62.3  33.4   68.5  53.0  40.0  73.0    0 Y11-D63-RSG46
 3.14 SG1  28    8  RAY  38.0  16.0  46.0  97.1  93.0 100.0  13.0  68.0  50.6  57.4  62.3  33.4   68.5  53.0  40.0  73.0    5 Y11-D69-RSG52
 3.14 SG1  28    8  RAY  36.8  16.3  46.9  97.1  93.0 100.0  13.0  68.0  50.6  57.4  62.3  33.4   68.5  53.0  40.0  73.0    3 Y11-D70-RSG53
 3.14 SG1  28    8  RAY  36.8  16.3  46.9  97.1  93.0 100.0  13.0  68.0  50.6  57.4  62.3  33.4   68.5  53.0  40.0  73.0    3 Y11-D71-RSG54
 3.14 SG1  28    8  RAY  36.8  16.3  46.9  97.1  93.0 100.0  13.0  68.0  50.6  57.4  62.3  33.4   68.5  53.0  40.0  73.0    2 Y11-D72-RSG55
 3.14 SG1  28    8  RAY  36.8  16.3  46.9  97.1  93.0 100.0  13.0  68.0  50.6  57.4  62.3  33.4   68.5  53.0  40.0  73.0    2 Y11-D73-RSG56
 3.14 SG1  28    8  RAY  36.8  16.3  46.9  97.1  93.0 100.0  13.0  68.0  50.6  57.4  62.3  33.4   68.5  53.0  40.0  73.0    1 Y11-D74-RSG57
 3.14 SG1  28    8  RAY  36.8  16.3  46.9  97.1  93.0 100.0  13.0  68.0  50.6  57.4  62.3  33.4   68.5  53.0  40.0  73.0    1 Y11-D75-RSG58
 3.14 SG1  28    8  RAY  36.8  16.3  46.9  97.1  93.0 100.0  13.0  68.0  50.6  57.4  62.3  33.4   68.5  53.0  40.0  73.0    1 Y11-D76-RSG59
 3.14 SG1  28    8  RAY  36.8  16.3  46.9  97.1  93.0 100.0  13.0  68.0  50.6  57.4  62.3  33.4   68.5  53.0  40.0  73.0    0 Y11-D77-RSG60
 3.14 SG1  28    8  RAY  36.8  16.3  46.9  97.1  93.0 100.0  13.0  68.0  50.6  56.1  65.9  33.4   68.5  53.0  40.0  73.0    0 Y11-D81-RSG64
 3.14 SG1  28    8  RAY  36.8  16.3  46.9  97.1  93.0 100.0  14.2  69.0  50.6  56.1  65.9  33.4   68.5  53.0  40.0  73.0    0 Y11-D85-RSG68
 3.14 SG1  28    8  RAY  36.8  16.3  46.9  97.1  93.0 100.0  14.2  69.0  50.6  56.1  65.9  33.4   68.5  53.0  40.0  73.0    8 Y11-D90-RSG73
 3.14 SG1  28    8  RAY  36.8  16.3  46.9  97.1  93.0 100.0  14.2  69.0  50.6  56.1  65.9  33.4   68.5  53.0  40.0  73.0    8 Y11-D91-RSG74
 3.14 SG1  28    8  RAY  36.8  16.3  46.9  97.1  93.0 100.0  14.2  69.0  50.6  56.1  65.9  33.4   68.5  53.0  40.0  73.0    8 Y11-D92-RSG75
 3.14 SG1  28    8  RAY  37.0  15.9  47.1  97.1  90.9 100.0  14.2  69.0  50.6  56.1  65.9  33.4   68.5  53.0  40.0  73.0    6 Y11-D93-RSG76
 3.14 SG1  28    8  RAY  37.0  15.9  47.1  97.1  90.9 100.0  14.2  69.0  50.6  56.1  65.9  33.4   67.5  53.0  40.0  73.0    6 Y11-D94-RSG77
 3.14 SG1  28    8  RAY  37.0  15.9  47.1  97.1  90.9 100.0  14.2  69.0  50.6  56.1  65.9  33.4   67.5  53.0  40.0  73.0    5 Y11-D95-RSG78
 3.14 SG1  28    8  RAY  37.0  15.9  47.1  97.1  89.4 100.0  14.2  69.0  50.6  56.1  65.9  33.4   67.5  53.0  40.0  73.0    4 Y11-D96-RSG79
