Draft Pos Age YPro Team InPro 2JPro 3PPro InEff 2JEff 3PEff  OReb  DReb  BDom PassR PassE InDef PerDef  InFR PerFR FTEff GInj Updated
  4.1 SF1  27    7  KEN  34.0  29.0  37.0  89.0  89.0  90.0  18.0  52.0   9.0  56.0  62.0  74.0   87.0  58.0  37.0  78.0    0 Y11-D9-FA
  4.1 SF1  27    7   FA  34.0  29.0  37.0  89.0  89.0  90.0  18.0  52.0   9.0  56.0  62.0  74.0   87.0  58.0  37.0  79.0    0 Y11-D19-RSG2
  4.1 SF1  27    7   FA  34.8  27.4  37.8  89.0  89.0  90.0  18.0  52.0   9.0  56.0  62.0  74.0   87.0  58.0  37.0  79.0    0 Y11-D24-RSG7
  4.1 SF1  27    7   FA  34.8  27.4  37.8  89.0  89.0  90.0  18.0  48.2   9.0  56.0  62.0  74.0   87.0  58.0  37.0  79.0    0 Y11-D27-RSG10
  4.1 SF1  27    7   FA  34.8  27.4  37.8  90.9  89.0  90.0  18.0  48.2   9.0  56.0  62.0  74.0   87.0  58.0  37.0  79.0    0 Y11-D28-RSG11
  4.1 SF1  27    7   FA  34.8  27.4  37.8  90.9  89.0  90.0  18.0  48.2   9.0  56.0  62.0  74.0   87.0  54.8  37.0  79.0    0 Y11-D47-RSG30
  4.1 SF1  27    7   FA  34.8  27.4  37.8  90.9  89.0  90.0  18.0  48.2   9.0  56.0  64.3  74.0   87.0  54.8  37.0  79.0    0 Y11-D48-RSG31
  4.1 SF1  27    7   FA  34.8  27.4  37.8  90.9  85.4  90.0  18.0  48.2   9.0  56.0  64.3  74.0   87.0  54.8  37.0  79.0    0 Y11-D53-RSG36
  4.1 SF1  27    7   FA  34.8  27.4  37.8  90.9  85.4  90.0  18.0  48.2   9.0  56.9  64.3  74.0   87.0  54.8  37.0  79.0    0 Y11-D55-RSG38
  4.1 SF1  27    7   FA  34.5  27.1  38.4  90.9  85.4  90.0  18.0  48.2   9.0  56.9  64.3  74.0   87.0  54.8  37.0  79.0    0 Y11-D58-RSG41
  4.1 SF1  27    7   FA  34.5  27.1  38.4  90.9  85.4  90.0  18.0  48.2   9.0  56.9  64.3  74.0   87.0  54.8  37.0  79.0   35 Y11-D65-RSG48
  4.1 SF1  27    7   FA  34.5  27.1  38.4  90.9  85.4  90.0  18.0  48.2   9.0  56.9  64.3  74.0   87.0  54.8  37.0  79.0   34 Y11-D66-RSG49
  4.1 SF1  27    7   FA  34.5  27.1  38.4  90.9  85.4  90.0  18.0  48.2   9.0  56.9  64.3  74.0   87.0  54.8  37.0  79.0   33 Y11-D67-RSG50
  4.1 SF1  27    7   FA  34.5  27.1  38.4  90.9  85.4  90.0  18.0  48.2   9.0  56.9  64.3  74.0   87.0  54.8  37.0  79.0   32 Y11-D68-RSG51
  4.1 SF1  27    7   FA  34.5  27.1  38.4  90.9  85.4  90.0  19.8  48.2   9.0  56.9  64.3  74.0   87.0  54.8  37.0  79.0   30 Y11-D69-RSG52
  4.1 SF1  27    7   FA  34.5  27.1  38.4  90.9  85.4  90.0  19.8  48.2   9.0  56.9  64.3  74.0   87.0  54.8  37.0  77.3   29 Y11-D70-RSG53
  4.1 SF1  27    7   FA  34.5  27.1  38.4  90.9  85.4  90.0  19.8  48.2   9.0  56.9  64.3  74.0   87.0  54.8  37.0  77.3   29 Y11-D71-RSG54
  4.1 SF1  27    7   FA  34.5  27.1  38.4  90.9  85.4  90.0  19.8  48.2   9.0  56.9  64.3  74.0   87.0  54.8  37.0  77.3   28 Y11-D72-RSG55
  4.1 SF1  27    7   FA  34.5  27.1  38.4  90.9  85.4  90.0  19.8  48.2   9.0  56.9  64.3  74.0   87.0  54.8  37.0  77.3   26 Y11-D73-RSG56
  4.1 SF1  27    7   FA  34.5  27.1  38.4  90.9  85.4  90.0  19.8  48.2   9.0  56.9  64.3  74.0   87.0  54.8  37.0  77.3   24 Y11-D74-RSG57
  4.1 SF1  27    7   FA  34.5  27.1  38.4  90.9  85.4  90.0  19.8  48.2   9.0  56.9  64.3  74.0   87.0  54.8  37.0  77.3   24 Y11-D75-RSG58
  4.1 SF1  27    7   FA  34.5  27.1  38.4  90.9  85.4  90.0  19.8  48.2   9.0  56.9  64.3  74.0   87.0  54.8  37.0  77.3   23 Y11-D76-RSG59
  4.1 SF1  27    7   FA  34.5  27.1  38.4  90.9  85.4  90.0  19.8  48.2   9.0  56.9  64.3  74.0   87.0  54.8  37.0  77.3   21 Y11-D77-RSG60
  4.1 SF1  27    7   FA  34.5  27.1  38.4  90.9  85.4  90.0  19.8  48.2   9.0  56.9  64.3  74.0   87.0  54.8  37.0  77.3   21 Y11-D78-RSG61
  4.1 SF1  27    7   FA  34.5  27.1  38.4  90.9  85.4  90.0  19.8  48.2   9.0  56.9  64.3  74.0   87.0  54.8  37.0  77.3   19 Y11-D79-RSG62
  4.1 SF1  27    7   FA  34.5  27.1  38.4  90.9  85.4  90.0  19.8  48.2   9.0  56.9  64.3  74.0   87.0  54.8  37.0  77.3   19 Y11-D80-RSG63
  4.1 SF1  27    7   FA  34.5  27.1  38.4  90.9  85.4  90.0  19.8  48.2   9.0  56.9  64.3  74.0   87.0  54.8  37.0  77.3   19 Y11-D81-RSG64
  4.1 SF1  27    7   FA  34.5  27.1  38.4  90.9  85.4  90.0  19.8  48.2   9.0  56.9  64.3  74.0   87.0  54.8  37.0  77.3   18 Y11-D82-RSG65
  4.1 SF1  27    7   FA  34.5  27.1  38.4  90.9  85.4  90.0  18.8  48.2   9.0  56.9  64.3  74.0   87.0  54.8  37.0  77.3   16 Y11-D83-RSG66
  4.1 SF1  27    7   FA  34.5  27.1  38.4  90.9  85.4  90.0  18.8  48.2   9.0  56.9  64.3  74.0   87.0  54.8  37.0  77.3   15 Y11-D84-RSG67
  4.1 SF1  27    7   FA  34.5  27.1  38.4  90.9  85.4  90.0  18.8  48.2   9.0  56.9  64.3  74.0   87.0  54.8  37.0  77.3   13 Y11-D85-RSG68
  4.1 SF1  27    7   FA  34.5  27.1  38.4  90.9  85.4  90.0  18.8  48.2   9.0  56.9  64.3  74.0   87.0  54.8  37.0  77.3   11 Y11-D86-RSG69
  4.1 SF1  27    7   FA  34.5  27.1  38.4  90.9  85.4  90.0  18.8  48.2   9.0  56.9  64.3  74.0   87.0  54.8  37.0  77.3   10 Y11-D87-RSG70
  4.1 SF1  27    7   FA  34.5  27.1  38.4  90.9  85.4  90.0  18.8  48.2   9.0  56.9  64.3  74.0   87.0  54.8  37.0  78.3   10 Y11-D88-RSG71
  4.1 SF1  27    7   FA  34.5  27.1  38.4  90.9  85.4  90.0  18.8  48.2   9.0  56.9  64.3  74.0   87.0  54.8  37.0  78.3    9 Y11-D89-RSG72
  4.1 SF1  27    7   FA  34.5  27.1  38.4  90.9  85.4  90.0  18.8  48.2   9.0  56.9  64.3  74.0   87.0  54.8  37.0  78.3    7 Y11-D90-RSG73
  4.1 SF1  27    7   FA  34.5  27.1  38.4  90.9  85.4  90.0  18.8  48.2   9.0  56.2  64.3  74.0   87.0  54.8  37.0  78.3    5 Y11-D91-RSG74
  4.1 SF1  27    7   FA  34.5  27.1  38.4  90.9  85.4  90.0  18.8  48.2   9.0  56.2  64.3  74.0   87.0  54.8  37.0  78.3    5 Y11-D92-RSG75
  4.1 SF1  27    7   FA  34.5  27.1  38.4  90.9  85.4  90.0  18.8  48.2   9.0  56.2  64.3  74.0   87.0  54.8  37.0  78.3    4 Y11-D93-RSG76
  4.1 SF1  27    7   FA  34.5  27.1  38.4  90.9  85.4  90.0  18.8  48.2   9.0  56.2  64.3  74.0   87.0  54.8  37.0  78.3    2 Y11-D94-RSG77
  4.1 SF1  27    7   FA  34.5  27.1  38.4  90.9  85.4  90.0  18.8  48.2   9.0  56.2  64.3  74.0   87.0  54.8  37.0  78.3    1 Y11-D95-RSG78
  4.1 SF1  27    7   FA  34.5  27.1  38.4  90.9  85.4  90.0  18.8  48.2   9.0  56.2  64.3  74.0   87.0  54.8  37.0  78.3    0 Y11-D96-RSG79
