Draft Pos Age YPro Team InPro 2JPro 3PPro InEff 2JEff 3PEff  OReb  DReb  BDom PassR PassE InDef PerDef  InFR PerFR FTEff GInj Updated
  4.1 SF1  27    7  BRE  57.0  10.0  33.0 107.0  81.0  76.0  23.0  65.0  15.0  32.0  58.0  75.0   59.4  17.3  34.0  70.0    0 Y11-D18-RSG1
  4.1 SF1  27    7  BRE  55.6  11.9  32.5 107.0  81.0  76.0  23.0  65.0  15.0  32.0  58.0  75.0   59.4  17.3  34.0  68.2    0 Y11-D20-RSG3
  4.1 SF1  27    7  BRE  55.2  12.5  32.3 107.0  81.0  76.0  23.0  65.0  15.0  32.0  58.0  76.0   59.4  17.3  34.0  68.2    0 Y11-D22-RSG5
  4.1 SF1  27    7  BRE  55.2  12.5  32.3 107.0  81.0  76.0  23.0  65.0  15.0  32.0  58.0  76.0   59.4  17.3  34.0  69.3    0 Y11-D24-RSG7
  4.1 SF1  27    7  BRE  55.2  12.5  32.3 107.0  81.0  74.7  23.0  65.0  15.0  32.0  58.0  76.0   59.4  17.3  34.0  69.3    0 Y11-D25-RSG8
  4.1 SF1  27    7  BRE  55.9  12.3  31.8 107.0  81.0  74.7  23.0  65.0  15.0  32.0  58.0  76.0   59.4  17.3  34.0  69.3    0 Y11-D29-RSG12
  4.1 SF1  27    7  BRE  56.7  12.1  31.2 107.0  81.0  74.7  23.0  65.0  15.0  32.0  58.0  76.0   59.4  17.3  34.0  69.3    0 Y11-D30-RSG13
  4.1 SF1  27    7  BRE  56.7  12.1  31.2 107.0  81.0  74.7  23.0  65.0  15.0  32.0  59.4  76.0   59.4  17.3  34.0  69.3    0 Y11-D31-RSG14
  4.1 SF1  27    7  BRE  56.7  12.1  31.2 103.5  81.0  74.7  23.0  65.0  15.0  32.0  59.4  76.0   59.4  17.3  34.0  69.3    0 Y11-D34-RSG17
  4.1 SF1  27    7  BRE  56.7  12.1  31.2 103.5  83.2  74.7  23.0  65.0  15.0  32.0  59.4  76.0   59.4  17.3  34.0  69.3    0 Y11-D36-RSG19
  4.1 SF1  27    7  BRE  56.7  12.1  31.2 103.5  83.2  74.7  23.0  66.0  15.0  32.0  59.4  76.0   59.4  17.3  34.0  69.3    0 Y11-D37-RSG20
  4.1 SF1  27    7  BRE  56.7  12.1  31.2 103.5  83.2  74.7  23.0  64.0  16.8  33.9  59.4  76.0   59.4  17.3  33.0  69.3    0 Y11-D38-RSG21
  4.1 SF1  27    7  BRE  56.1  12.0  31.9 102.5  84.2  74.7  23.0  65.0  16.8  33.9  59.4  75.0   59.4  17.3  33.0  69.3    0 Y11-D46-RSG29
  4.1 SF1  27    7  BRE  56.1  12.0  31.9 102.5  84.2  74.7  23.0  65.0  16.8  33.9  59.4  75.0   60.9  17.3  33.0  69.3    0 Y11-D48-RSG31
  4.1 SF1  27    7  BRE  56.1  12.0  31.9 102.5  84.2  74.7  23.0  66.0  16.8  33.9  59.4  75.0   60.9  17.3  33.0  69.3    0 Y11-D51-RSG34
  4.1 SF1  27    7  BRE  56.1  12.0  31.9 102.5  83.2  71.4  23.0  66.0  16.8  33.9  59.4  75.0   60.9  17.3  33.0  69.3    0 Y11-D57-RSG40
  4.1 SF1  27    7  BRE  56.5  11.9  31.6 102.5  83.2  71.4  23.0  66.0  16.8  33.9  59.4  75.0   62.4  17.3  33.0  69.3    0 Y11-D59-RSG42
  4.1 SF1  27    7  BRE  57.1  11.7  31.2 102.5  83.2  71.4  23.0  66.0  16.8  33.9  59.4  76.0   62.4  17.3  33.0  69.3    0 Y11-D62-RSG45
  4.1 SF1  27    7  BRE  57.6  11.5  30.9 102.5  83.2  71.4  23.0  66.0  16.8  33.9  59.4  76.0   62.4  17.3  33.0  69.3    0 Y11-D64-RSG47
  4.1 SF1  27    7  BRE  56.6  13.0  30.4 103.5  82.1  71.4  23.0  66.0  16.8  33.9  59.4  76.0   62.4  17.3  33.0  69.3    0 Y11-D70-RSG53
  4.1 SF1  27    7  BRE  56.6  13.0  30.4 103.5  82.1  71.4  23.0  66.0  16.8  33.9  59.4  76.0   62.4  21.0  33.0  69.3    0 Y11-D71-RSG54
  4.1 SF1  27    7  BRE  56.6  13.0  30.4 103.5  79.5  71.4  23.0  66.0  16.8  33.9  59.4  76.0   62.4  21.0  33.0  69.3    0 Y11-D75-RSG58
  4.1 SF1  27    7  BRE  56.6  13.0  30.4 103.5  79.5  71.4  21.4  66.0  16.8  33.9  59.4  76.0   62.4  21.0  33.0  69.3    0 Y11-D76-RSG59
  4.1 SF1  27    7  BRE  56.0  13.2  30.8 103.5  79.5  71.4  21.4  66.0  16.8  33.9  59.4  76.0   62.4  21.0  33.0  69.3    0 Y11-D77-RSG60
  4.1 SF1  27    7  BRE  56.1  13.2  30.7 103.5  79.5  67.9  21.4  66.0  16.8  33.9  59.4  76.0   62.4  21.0  33.0  69.3    0 Y11-D78-RSG61
  4.1 SF1  27    7  BRE  55.0  14.9  30.1 103.5  79.5  67.9  21.4  66.0  16.8  33.9  59.4  76.0   62.4  21.0  33.0  69.3    0 Y11-D81-RSG64
  4.1 SF1  27    7  BRE  55.0  14.9  30.1 103.5  79.5  67.9  21.4  66.0  17.1  33.9  59.4  76.0   62.4  21.0  33.0  69.3    0 Y11-D88-RSG71
  4.1 SF1  27    7  BRE  54.7  14.8  30.5 103.5  79.5  67.9  21.4  66.0  17.1  33.9  59.4  75.0   62.4  21.0  33.0  69.3    0 Y11-D94-RSG77
