Draft Pos Age YPro Team InPro 2JPro 3PPro InEff 2JEff 3PEff  OReb  DReb  BDom PassR PassE InDef PerDef  InFR PerFR FTEff GInj Updated
  5.1  C1  26    6  RAY  63.8  34.2   2.0  97.0  66.0  31.0  36.0  78.0   5.0   8.0  37.0  90.0   12.0  83.0   8.0  86.0    0 Y11-D20-RSG3
  5.1  C1  26    6  RAY  63.8  34.2   2.0  97.0  66.0  31.0  36.0  78.0   5.0   6.2  37.0  90.0   10.4  83.0   8.0  86.0    0 Y11-D21-RSG4
  5.1  C1  26    6  RAY  63.8  34.2   2.0  97.0  66.0  31.0  36.0  78.0   5.0   6.2  38.0  90.0   10.4  83.0   8.0  86.0    0 Y11-D29-RSG12
  5.1  C1  26    6  RAY  63.5  34.0   2.5  97.0  66.0  31.0  36.0  78.0   5.0   6.2  38.0  90.0   10.4  83.0   8.0  86.0    0 Y11-D30-RSG13
  5.1  C1  26    6  RAY  63.5  34.0   2.5  99.3  66.0  31.0  36.0  78.0   6.9   6.2  38.0  90.0   10.4  83.0   8.0  86.0    0 Y11-D31-RSG14
  5.1  C1  26    6  RAY  63.5  34.0   2.5  99.3  66.0  31.0  36.0  78.0   6.9   6.2  38.0  90.0   10.4  84.0   8.0  86.0    0 Y11-D35-RSG18
  5.1  C1  26    6  RAY  63.1  34.4   2.5  99.3  63.2  31.0  37.0  78.0   6.9   6.2  38.0  90.0   10.4  84.0   8.0  86.0    0 Y11-D37-RSG20
  5.1  C1  26    6  RAY  63.1  34.4   2.5  99.3  63.2  31.0  37.0  78.0   6.1   6.2  38.0  90.0   10.4  84.0   8.0  86.0    0 Y11-D39-RSG22
  5.1  C1  26    6  RAY  63.5  34.0   2.5  99.3  63.2  31.0  37.0  78.0   6.1   6.2  38.0  90.0   10.4  84.0   8.0  86.0    0 Y11-D40-RSG23
  5.1  C1  26    6  RAY  63.5  34.0   2.5  99.3  63.2  31.0  37.0  78.0   6.1   6.2  38.0  90.0    9.0  84.0   8.0  86.0    0 Y11-D41-RSG24
  5.1  C1  26    6  RAY  63.5  34.0   2.5  99.3  63.2  31.0  36.0  78.0   6.1   6.2  38.0  90.0    9.0  84.0   8.0  86.0    0 Y11-D44-RSG27
  5.1  C1  26    6  RAY  63.5  34.0   2.5  99.3  63.2  31.0  36.0  75.8   6.1   7.0  38.0  90.0    9.0  84.0   8.0  86.0    0 Y11-D52-RSG35
  5.1  C1  26    6  RAY  63.5  34.0   2.5  99.3  63.2  31.0  37.0  75.8   6.1   7.0  38.0  90.0   10.1  84.0   8.0  86.0    0 Y11-D53-RSG36
  5.1  C1  26    6  RAY  63.5  34.0   2.5  99.3  63.2  31.0  37.0  75.8   6.1   7.0  38.0  90.0   10.1  84.0   8.0  83.7    0 Y11-D59-RSG42
  5.1  C1  26    6  RAY  63.5  34.0   2.5  99.3  63.2  31.0  37.0  75.8   6.1   7.0  38.0  90.0    9.1  84.0   8.0  83.7    0 Y11-D60-RSG43
  5.1  C1  26    6  RAY  63.5  34.0   2.5  99.3  63.2  28.7  37.0  75.8   6.1   7.0  38.0  90.0    9.1  84.0   8.0  83.7    0 Y11-D68-RSG51
  5.1  C1  26    6  RAY  63.5  34.0   2.5  99.3  63.2  28.7  37.0  75.8   6.1   8.0  38.0  90.0    9.1  84.0   8.0  84.7    0 Y11-D69-RSG52
  5.1  C1  26    6  RAY  63.5  34.0   2.5  99.3  63.2  27.5  37.0  75.8   6.1   8.0  38.0  90.0    9.1  84.0   8.0  84.7    0 Y11-D73-RSG56
  5.1  C1  26    6  RAY  63.5  34.0   2.5  99.3  63.2  27.5  37.0  75.8   6.1   8.0  38.0  90.0    9.1  84.0   8.0  85.7    0 Y11-D77-RSG60
  5.1  C1  26    6  RAY  63.5  34.0   2.5  99.3  63.2  27.5  37.0  75.8   6.1   8.0  38.0  90.0    9.1  81.4   8.0  85.7    0 Y11-D80-RSG63
  5.1  C1  26    6  RAY  63.5  34.0   2.5  99.3  63.2  27.5  37.0  75.8   6.1   9.6  38.0  90.0    9.1  81.4   8.0  85.7    0 Y11-D81-RSG64
  5.1  C1  26    6  RAY  63.5  34.0   2.5  99.3  63.2  27.5  37.0  75.8   6.1   9.6  38.0  90.0    9.1  80.4   8.0  85.7    0 Y11-D85-RSG68
  5.1  C1  26    6  RAY  63.5  34.0   2.5  98.3  63.2  27.5  37.0  78.8   6.1   9.6  38.0  90.0    8.1  80.4   8.0  85.7    0 Y11-D86-RSG69
  5.1  C1  26    6  RAY  63.5  34.0   2.5  98.3  63.2  27.5  37.0  78.8   6.1   9.6  38.0  91.0    8.1  80.4   8.0  85.7    0 Y11-D90-RSG73
  5.1  C1  26    6  RAY  63.5  34.0   2.5  98.3  63.2  27.5  37.0  78.8   6.1   9.9  38.0  91.0    8.1  80.4   8.0  86.7    0 Y11-D92-RSG75
  5.1  C1  26    6  RAY  64.6  33.0   2.4  98.3  63.2  27.5  37.0  78.8   6.1   9.9  38.0  91.0    8.1  80.4   8.0  86.7    0 Y11-D93-RSG76
  5.1  C1  26    6  RAY  64.6  33.0   2.4  98.3  63.2  27.5  37.0  78.8   6.1   9.9  38.0  89.7    8.1  80.4   8.0  86.7    0 Y11-D95-RSG78
  5.1  C1  26    6  RAY  64.6  33.0   2.4  98.3  63.2  27.5  37.0  81.8   6.1   9.9  38.0  89.7    8.1  80.4   8.0  86.7    0 Y11-D96-RSG79
