Draft Pos Age YPro Team InPro 2JPro 3PPro InEff 2JEff 3PEff  OReb  DReb  BDom PassR PassE InDef PerDef  InFR PerFR FTEff GInj Updated
  5.9 PG2  26    6  KEN  17.6  16.6  65.8  55.0 108.0 102.0   9.0  18.0 104.0  60.0  76.0  14.0   91.0  26.0  50.0  85.0    0 Y11-D25-RSG8
  5.9 PG2  26    6  KEN  17.6  16.6  65.8  55.0 109.0 102.0   9.0  18.0 104.0  60.0  76.0  14.0   91.0  26.0  50.0  85.0    0 Y11-D26-RSG9
  5.9 PG2  26    6  KEN  17.6  16.6  65.8  55.0 110.0 102.0   9.0  18.0 104.0  60.0  76.0  14.0   91.0  26.0  50.0  85.0    0 Y11-D27-RSG10
  5.9 PG2  26    6  KEN  17.6  16.6  65.8  55.0 110.0 102.0   9.0  18.0 104.0  60.0  76.0  14.0   91.0  26.0  50.0  82.4    0 Y11-D29-RSG12
  5.9 PG2  26    6  KEN  17.6  16.6  65.8  55.0 110.0 102.0   9.0  18.0 104.0  56.2  76.0  14.0   91.0  26.0  50.0  82.4    0 Y11-D31-RSG14
  5.9 PG2  26    6  KEN  17.6  16.6  65.8  55.0 110.0 102.0  10.0  18.0 104.0  56.2  76.0  14.0   91.0  26.0  50.0  82.4    0 Y11-D33-RSG16
  5.9 PG2  26    6  KEN  17.8  15.8  66.4  53.6 110.0 102.0  10.0  18.0 104.0  56.2  76.0  14.0   91.0  27.0  50.0  82.4    0 Y11-D39-RSG22
  5.9 PG2  26    6  KEN  17.8  15.8  66.4  53.6 110.0 102.0  10.0  18.0 104.0  56.2  76.0  14.0   91.0  27.0  49.0  82.4    0 Y11-D44-RSG27
  5.9 PG2  26    6  KEN  17.8  15.8  66.4  53.6 110.0 102.0  10.0  18.0 104.0  56.2  76.0  14.0   91.0  25.9  49.0  82.4    0 Y11-D50-RSG33
  5.9 PG2  26    6  KEN  17.8  15.8  66.4  53.6 110.0 102.0  10.0  18.0 104.0  56.2  76.0  14.0   93.5  25.9  49.0  82.4    0 Y11-D57-RSG40
  5.9 PG2  26    6  KEN  17.8  15.6  66.6  53.6 110.0 100.9  10.0  18.0 104.0  56.2  76.0  14.0   93.5  25.9  49.0  82.4    0 Y11-D65-RSG48
  5.9 PG2  26    6  KEN  17.8  15.6  66.6  53.6 110.0 100.9   9.0  18.0 104.0  56.2  77.0  14.0   93.5  25.9  49.0  82.4    0 Y11-D67-RSG50
  5.9 PG2  26    6  KEN  17.8  15.6  66.6  53.6 110.0 100.9   9.0  18.0 104.0  56.2  77.0  14.0   93.5  25.9  49.0  82.4   60 Y11-D69-RSG52
  5.9 PG2  26    6  KEN  17.8  15.6  66.6  53.6 110.0 100.9   9.0  18.0 104.0  56.2  77.0  14.0   93.5  25.9  49.0  82.4   58 Y11-D70-RSG53
  5.9 PG2  26    6  KEN  17.8  15.6  66.6  53.6 110.0 100.9   9.0  18.0 104.0  56.2  77.0  14.0   93.5  25.9  49.0  82.4   58 Y11-D71-RSG54
  5.9 PG2  26    6  KEN  17.8  15.6  66.6  53.6 110.0 100.9   9.0  18.0 104.0  56.2  77.0  14.0   93.5  25.9  49.0  82.4   57 Y11-D72-RSG55
  5.9 PG2  26    6  KEN  17.8  15.6  66.6  53.6 110.0 100.9   9.0  18.0 104.0  56.2  77.0  14.0   93.5  25.9  49.0  82.4   56 Y11-D73-RSG56
  5.9 PG2  26    6  KEN  17.8  15.6  66.6  53.6 110.0 100.9   9.0  18.0 104.0  56.2  77.0  14.0   93.5  25.9  49.0  82.4   55 Y11-D74-RSG57
  5.9 PG2  26    6  KEN  17.8  15.6  66.6  53.6 110.0 100.9   9.0  18.0 104.0  56.2  77.0  14.0   93.5  25.9  49.0  82.4   54 Y11-D75-RSG58
  5.9 PG2  26    6  KEN  17.8  15.6  66.6  53.6 110.0 100.9   9.0  18.0 104.0  56.2  77.0  14.0   93.5  25.9  49.0  82.4   54 Y11-D76-RSG59
  5.9 PG2  26    6  KEN  17.8  15.6  66.6  53.6 110.0 100.9   9.0  18.0 104.0  56.2  77.0  14.0   93.5  25.9  49.0  82.4   53 Y11-D77-RSG60
  5.9 PG2  26    6  KEN  17.8  15.6  66.6  53.6 110.0 100.9   9.0  18.0 104.0  56.2  77.0  14.0   93.5  25.9  49.0  82.4   52 Y11-D78-RSG61
  5.9 PG2  26    6  KEN  17.8  15.6  66.6  53.6 110.0 100.9   7.5  16.2 102.4  56.2  77.0  14.0   93.5  25.9  47.7  82.4   52 Y11-D79-RSG62
  5.9 PG2  26    6  KEN  17.8  15.6  66.6  53.6 110.0 100.9   7.5  16.2 102.4  56.2  77.0  14.0   93.5  25.9  47.7  82.4   51 Y11-D80-RSG63
  5.9 PG2  26    6  KEN  17.1  15.7  67.2  53.6 110.0 100.9   7.5  16.2 105.4  56.2  77.0  14.0   93.5  25.9  47.7  82.4   50 Y11-D81-RSG64
  5.9 PG2  26    6  KEN  17.1  15.7  67.2  53.6 110.0 100.9   7.5  16.2 105.4  56.2  77.0  14.0   93.5  25.9  47.7  82.4   48 Y11-D82-RSG65
  5.9 PG2  26    6  KEN  17.1  15.7  67.2  53.6 110.0 100.9   7.5  16.2 105.4  56.2  77.0  14.0   93.5  25.9  47.7  82.4   47 Y11-D83-RSG66
  5.9 PG2  26    6  KEN  17.1  15.7  67.2  53.6 110.0 100.9   7.5  16.2 105.4  56.2  77.0  14.0   93.5  25.9  47.7  82.4   46 Y11-D84-RSG67
  5.9 PG2  26    6  KEN  17.1  15.7  67.2  53.6 110.0 100.9   7.5  16.2 105.4  56.2  77.0  14.0   93.5  25.9  47.7  82.4   44 Y11-D85-RSG68
  5.9 PG2  26    6  KEN  17.1  15.7  67.2  53.6 110.0 100.9   7.5  16.2 105.4  56.2  77.0  14.0   93.5  25.9  47.7  82.4   43 Y11-D86-RSG69
  5.9 PG2  26    6  KEN  17.1  15.7  67.2  52.5 110.0 100.9   7.5  16.2 105.4  56.2  77.0  14.0   93.5  25.9  47.7  82.4   42 Y11-D87-RSG70
  5.9 PG2  26    6  KEN  17.1  15.7  67.2  52.5 110.0 100.9   7.5  16.2 105.4  56.2  77.0  14.0   93.5  25.9  47.7  82.4   40 Y11-D88-RSG71
  5.9 PG2  26    6  KEN  17.1  15.7  67.2  52.5 110.0 100.9   7.5  16.2 105.4  56.2  77.0  14.0   93.5  25.9  47.7  82.4   39 Y11-D89-RSG72
  5.9 PG2  26    6  KEN  17.1  15.7  67.2  52.5 110.0 100.9   7.5  16.2 105.4  56.2  77.0  14.0   93.5  25.9  47.7  82.4   39 Y11-D90-RSG73
  5.9 PG2  26    6  KEN  17.1  15.7  67.2  52.5 110.0 100.9   7.5  16.2 105.4  56.2  77.0  14.0   93.5  25.9  47.7  82.4   38 Y11-D91-RSG74
  5.9 PG2  26    6  KEN  17.2  15.0  67.8  52.5 110.0 100.9   6.2  16.2 105.4  56.2  77.0  14.0   93.5  25.9  47.7  82.4   38 Y11-D92-RSG75
  5.9 PG2  26    6  KEN  17.2  15.0  67.8  52.5 110.0 100.9   6.2  16.2 105.4  56.2  77.0  14.0   93.5  25.9  47.7  82.4   37 Y11-D93-RSG76
  5.9 PG2  26    6  KEN  17.2  15.0  67.8  52.5 110.0 100.9   6.2  16.2 105.4  56.2  77.0  14.0   93.5  25.9  47.7  82.4   36 Y11-D94-RSG77
  5.9 PG2  26    6  KEN  17.2  15.0  67.8  52.5 110.0 100.9   6.2  16.2 105.4  56.2  77.0  14.0   93.5  25.9  47.7  82.4   35 Y11-D95-RSG78
  5.9 PG2  26    6  KEN  17.2  15.0  67.8  52.5 110.0 100.9   6.2  16.2 105.4  56.2  77.0  14.0   93.5  25.9  47.7  82.4   34 Y11-D96-RSG79
