Draft Pos Age YPro Team InPro 2JPro 3PPro InEff 2JEff 3PEff  OReb  DReb  BDom PassR PassE InDef PerDef  InFR PerFR FTEff GInj Updated
  6.4  C1  25    5  RAY  59.7  38.3   2.0  99.0  64.0  37.0  48.0  82.0   7.0  17.0  47.0  93.0   23.0  82.0   7.0  62.0    0 Y11-D19-RSG2
  6.4  C1  25    5  RAY  59.7  38.3   2.0  99.0  64.0  37.0  48.0  82.0   7.4  17.0  47.0  93.0   23.0  82.0   7.0  62.0    0 Y11-D21-RSG4
  6.4  C1  25    5  RAY  59.7  38.3   2.0  99.0  63.0  37.0  48.0  82.0   7.4  17.0  47.0  93.0   23.0  82.0   7.0  62.0    0 Y11-D24-RSG7
  6.4  C1  25    5  RAY  59.7  38.3   2.0  99.0  63.0  37.0  48.0  82.0   7.4  17.0  47.0  93.0   23.0  82.0   6.0  62.0    0 Y11-D29-RSG12
  6.4  C1  25    5  RAY  59.7  38.3   2.0  99.0  63.0  37.0  48.0  80.0   7.4  17.0  47.0  93.0   23.0  82.0   6.0  62.0    0 Y11-D35-RSG18
  6.4  C1  25    5  RAY  59.7  38.3   2.0  99.0  63.0  37.0  48.0  80.0   7.4  17.5  47.0  93.0   23.0  82.0   6.0  62.0    0 Y11-D37-RSG20
  6.4  C1  25    5  RAY  59.6  38.3   2.1  99.0  63.0  37.0  48.0  80.0   7.4  17.5  47.0  93.0   23.0  82.0   6.0  62.0    0 Y11-D39-RSG22
  6.4  C1  25    5  RAY  58.7  39.2   2.1  99.0  63.0  37.0  48.0  80.0   7.4  17.5  47.0  93.0   23.0  82.0   6.0  62.0    0 Y11-D44-RSG27
  6.4  C1  25    5  RAY  58.9  39.0   2.1  99.0  63.0  37.0  48.0  80.0   7.4  17.5  47.0  93.0   23.0  82.0   6.0  63.0    0 Y11-D45-RSG28
  6.4  C1  25    5  RAY  58.9  39.0   2.1  99.0  63.0  37.0  49.0  80.0   7.4  17.5  47.0  93.0   23.0  82.0   6.0  64.0    0 Y11-D52-RSG35
  6.4  C1  25    5  RAY  58.9  39.0   2.1  99.0  63.0  37.0  49.0  80.0   7.4  17.5  47.0  95.3   23.0  82.0   6.0  64.0    0 Y11-D53-RSG36
  6.4  C1  25    5  RAY  59.0  38.9   2.1  99.0  63.0  37.0  49.0  80.0   7.4  17.5  47.0  95.3   23.0  82.0   6.0  64.0    0 Y11-D54-RSG37
  6.4  C1  25    5  RAY  59.0  38.9   2.1  99.0  63.0  37.0  49.0  80.0   7.4  17.5  47.0  95.3   20.5  82.0   6.0  64.0    0 Y11-D64-RSG47
  6.4  C1  25    5  RAY  60.1  37.9   2.0  99.0  63.0  37.0  49.0  80.0   7.4  17.5  47.0  95.3   20.5  82.0   6.0  64.0    0 Y11-D67-RSG50
  6.4  C1  25    5  RAY  60.1  37.9   2.0  99.0  63.0  37.0  49.0  80.0   7.4  17.5  47.0  95.3   19.5  82.0   6.0  64.0    0 Y11-D69-RSG52
  6.4  C1  25    5  RAY  60.8  37.2   2.0  99.0  63.0  37.0  49.0  80.0   7.4  17.5  47.0  96.3   19.5  82.0   6.0  64.0    0 Y11-D77-RSG60
  6.4  C1  25    5  RAY  60.8  37.2   2.0  99.0  63.0  37.0  49.0  80.0   7.4  17.5  44.9  97.3   19.5  82.0   6.0  64.0    0 Y11-D80-RSG63
  6.4  C1  25    5  RAY  60.8  37.2   2.0  99.0  60.1  37.0  49.0  80.0   7.4  17.5  48.3  97.3   19.5  82.0   6.0  64.0    0 Y11-D86-RSG69
  6.4  C1  25    5  RAY  60.0  38.0   2.0  99.0  60.1  37.0  49.0  80.0   7.4  17.5  48.3  97.3   19.5  82.0   6.0  64.0    0 Y11-D88-RSG71
  6.4  C1  25    5  RAY  60.0  38.0   2.0  99.0  60.1  37.0  49.0  78.0   7.4  17.5  48.3  97.3   19.5  82.0   4.2  64.0    0 Y11-D90-RSG73
  6.4  C1  25    5  RAY  60.0  38.0   2.0  99.0  60.1  37.0  50.0  78.0   7.4  17.5  48.3  97.3   19.5  82.0   4.2  64.0    0 Y11-D91-RSG74
  6.4  C1  25    5  RAY  60.2  37.8   2.0  99.0  60.1  37.0  50.0  78.0   7.4  17.5  48.3  97.3   19.5  82.0   4.2  64.0    0 Y11-D93-RSG76
  6.4  C1  25    5  RAY  60.2  37.8   2.0  99.0  60.1  37.0  50.0  78.0   6.3  17.5  48.3  97.3   19.5  83.0   4.2  64.0    0 Y11-D96-RSG79
