Draft Pos Age YPro Team InPro 2JPro 3PPro InEff 2JEff 3PEff  OReb  DReb  BDom PassR PassE InDef PerDef  InFR PerFR FTEff GInj Updated
 6.15 PG1  25    5  CRO  23.0  48.0  29.0  73.0  93.0 102.0   9.0  34.0  71.6  65.0  92.0  27.0   70.0  29.0  40.0  77.0    0 Y11-D18-RSG1
 6.15 PG1  25    5  CRO  23.0  48.0  29.0  73.0  93.0 102.0  10.0  34.0  71.6  65.0  92.0  27.0   70.0  29.0  40.0  77.0    0 Y11-D21-RSG4
 6.15 PG1  25    5  CRO  22.6  48.9  28.5  73.0  93.0 102.0  10.0  34.0  71.9  65.0  92.0  27.0   70.0  29.0  40.0  77.0    0 Y11-D32-RSG15
 6.15 PG1  25    5  CRO  22.6  48.9  28.5  73.0  93.0 102.0  10.0  34.0  71.9  65.0  92.0  27.0   69.0  29.0  40.0  77.0    0 Y11-D33-RSG16
 6.15 PG1  25    5  CRO  22.6  48.9  28.5  73.0  93.0 102.0  10.0  34.0  71.9  65.0  92.0  27.0   69.0  29.0  41.7  77.0    0 Y11-D36-RSG19
 6.15 PG1  25    5  CRO  21.3  49.7  29.0  73.0  93.0 102.0  10.0  34.0  71.9  65.0  92.0  27.0   69.0  29.0  41.7  77.0    0 Y11-D40-RSG23
 6.15 PG1  25    5  CRO  21.3  49.7  29.0  73.0  93.0 101.0  10.0  34.0  71.9  65.0  92.0  27.0   68.0  29.0  41.7  77.0    0 Y11-D47-RSG30
 6.15 PG1  25    5  CRO  21.3  49.7  29.0  73.0  93.0 101.0   8.3  31.5  71.9  65.0  92.0  27.0   68.0  29.0  41.7  77.0    0 Y11-D48-RSG31
 6.15 PG1  25    5  CRO  21.0  49.0  30.0  73.0  93.0 101.0   9.3  31.5  71.9  65.0  92.0  27.0   68.0  29.0  41.7  77.0    0 Y11-D50-RSG33
 6.15 PG1  25    5  CRO  21.0  49.0  30.0  73.0  93.0 101.0   9.3  32.5  71.9  65.0  92.0  27.0   68.0  29.0  41.7  77.0    0 Y11-D51-RSG34
 6.15 PG1  25    5  CRO  21.0  49.0  30.0  73.0  94.0 101.0   9.3  32.5  71.9  65.0  92.0  27.0   68.0  29.0  41.7  77.0    0 Y11-D52-RSG35
 6.15 PG1  25    5  CRO  20.9  48.8  30.3  73.0  95.0 101.0   9.3  32.5  71.9  65.0  92.0  27.0   68.0  29.0  41.7  77.0    0 Y11-D56-RSG39
 6.15 PG1  25    5  CRO  20.9  48.8  30.3  73.0  95.0 101.0   9.3  32.5  71.9  65.0  92.0  27.0   68.0  29.0  39.7  76.0    0 Y11-D58-RSG41
 6.15 PG1  25    5  CRO  20.9  48.8  30.3  73.0  95.0 101.0   9.3  32.5  71.9  67.0  92.0  27.0   68.0  29.0  39.7  76.0    0 Y11-D59-RSG42
 6.15 PG1  25    5  CRO  20.9  48.9  30.2  73.0  94.0 101.0   9.3  31.5  71.9  67.0  92.0  27.0   68.0  29.0  39.7  76.0    0 Y11-D66-RSG49
 6.15 PG1  25    5  CRO  20.9  48.9  30.2  73.0  94.0 101.0   9.3  31.5  71.9  67.0  92.0  27.0   68.0  29.0  40.7  76.0    0 Y11-D79-RSG62
 6.15 PG1  25    5  CRO  20.3  50.3  29.4  73.0  94.0 101.0   9.3  31.5  71.9  67.0  92.0  27.0   69.0  29.0  40.7  76.0    0 Y11-D82-RSG65
 6.15 PG1  25    5  CRO  20.3  50.3  29.4  73.0  94.0 101.0   9.3  31.5  70.9  67.0  92.0  27.0   69.0  29.0  40.7  76.0    0 Y11-D85-RSG68
 6.15 PG1  25    5  CRO  20.3  50.3  29.4  73.0  94.0 101.0   9.3  31.5  70.9  67.0  92.0  27.0   70.5  29.0  40.7  76.0    0 Y11-D93-RSG76
