Draft Pos Age YPro Team InPro 2JPro 3PPro InEff 2JEff 3PEff  OReb  DReb  BDom PassR PassE InDef PerDef  InFR PerFR FTEff GInj Updated
 7.11  C1  24    4  HAR  67.8  31.8   0.4 103.0  65.0  48.0  48.0  97.0   3.0  22.0  47.0  78.0   54.0  76.0  11.0  67.0    0 Y11-D20-RSG3
 7.11  C1  24    4  HAR  67.8  31.8   0.4 103.0  65.0  48.0  48.0  95.8   3.0  22.0  47.0  78.0   54.0  76.0  11.0  67.0    0 Y11-D21-RSG4
 7.11  C1  24    4  HAR  68.6  31.0   0.4 103.0  65.0  48.0  48.0  95.8   3.0  22.0  47.0  78.0   54.0  76.0  11.0  67.0    0 Y11-D23-RSG6
 7.11  C1  24    4  HAR  68.6  31.0   0.4 103.0  65.0  48.0  48.0  95.8   3.0  22.0  47.0  78.0   54.0  76.0  11.0  65.2    0 Y11-D30-RSG13
 7.11  C1  24    4  HAR  68.7  31.1   0.2 103.0  65.0  48.0  48.0  95.8   3.0  22.0  47.0  78.0   54.0  76.0  11.0  65.2    0 Y11-D31-RSG14
 7.11  C1  24    4  HAR  68.7  31.1   0.2 103.0  65.0  48.0  48.0  95.8   3.0  22.0  47.0  78.0   54.0  77.0  12.0  65.2    0 Y11-D33-RSG16
 7.11  C1  24    4  HAR  68.7  31.1   0.2 103.0  65.0  48.0  48.0  96.8   3.0  22.0  47.0  78.0   54.0  77.0  12.0  65.2    0 Y11-D35-RSG18
 7.11  C1  24    4  HAR  68.7  31.1   0.2 103.0  65.0  48.0  49.0  96.8   3.0  22.0  47.0  78.0   54.0  77.0  12.0  65.2    0 Y11-D37-RSG20
 7.11  C1  24    4  HAR  68.7  31.1   0.2 103.0  65.0  48.0  48.0  96.8   3.0  22.0  47.0  78.0   54.0  77.0  12.0  65.2    0 Y11-D47-RSG30
 7.11  C1  24    4  HAR  68.6  31.1   0.3 104.6  65.0  48.0  48.0  96.8   3.0  22.0  47.0  78.0   54.0  77.0  12.0  65.2    0 Y11-D48-RSG31
 7.11  C1  24    4  HAR  68.6  31.1   0.3 104.6  65.0  48.0  48.0  96.8   3.0  22.0  47.0  78.0   54.0  77.0  13.0  65.2    0 Y11-D54-RSG37
 7.11  C1  24    4  HAR  68.6  31.1   0.3 104.6  65.0  48.0  48.0  96.8   3.0  22.0  47.0  78.0   54.0  78.0  13.0  66.2    0 Y11-D55-RSG38
 7.11  C1  24    4  HAR  68.6  31.1   0.3 104.6  65.0  48.0  48.0  96.8   4.9  22.0  47.0  78.0   54.0  78.0  13.0  66.2    0 Y11-D58-RSG41
 7.11  C1  24    4  HAR  68.6  31.1   0.3 104.6  65.0  48.0  48.0  97.8   4.9  22.0  47.0  78.0   54.0  78.0  13.0  66.2    0 Y11-D62-RSG45
 7.11  C1  24    4  HAR  68.8  30.9   0.3 104.6  65.0  48.0  48.0  96.0   6.9  22.0  47.0  78.0   54.0  79.1  13.0  66.2    0 Y11-D63-RSG46
 7.11  C1  24    4  HAR  68.6  30.8   0.6 104.6  65.0  48.0  48.0  96.0   6.9  22.0  47.0  78.0   54.0  79.1  13.0  66.2    0 Y11-D64-RSG47
 7.11  C1  24    4  HAR  68.6  30.8   0.6 104.6  65.0  48.0  46.7  96.0   6.9  22.0  47.0  78.0   54.0  79.1  13.0  66.2    0 Y11-D65-RSG48
 7.11  C1  24    4  HAR  68.6  30.8   0.6 104.6  65.0  48.0  46.7  96.0   6.9  22.0  44.3  78.0   54.0  79.1  13.0  66.2    0 Y11-D66-RSG49
 7.11  C1  24    4  HAR  68.6  30.8   0.6 104.6  65.0  48.0  46.7  96.0   6.9  21.1  44.3  78.0   54.0  79.1  13.0  66.2    0 Y11-D68-RSG51
 7.11  C1  24    4  HAR  68.6  30.8   0.6 104.6  65.0  48.0  46.7  93.1   6.9  21.1  44.3  78.0   54.0  79.1  12.0  66.2    0 Y11-D70-RSG53
 7.11  C1  24    4  HAR  68.6  30.8   0.6 105.6  65.0  48.0  46.7  93.1   6.9  21.1  44.3  78.0   54.0  79.1  13.0  66.2    0 Y11-D71-RSG54
 7.11  C1  24    4  HAR  68.6  30.8   0.6 105.6  65.0  48.0  46.7  93.1   6.9  21.1  45.3  78.0   54.0  79.1  13.0  66.2    0 Y11-D78-RSG61
 7.11  C1  24    4  HAR  68.6  30.8   0.6 106.6  65.0  48.0  46.7  93.1   6.9  21.1  45.3  78.0   54.0  79.1  13.0  66.2    0 Y11-D79-RSG62
 7.11  C1  24    4  HAR  68.5  30.7   0.8 106.6  65.0  48.0  46.7  93.1   6.9  21.1  45.3  78.0   54.0  79.1  13.0  66.2    0 Y11-D82-RSG65
 7.11  C1  24    4  HAR  68.5  30.7   0.8 106.6  65.0  48.0  46.7  93.1   6.9  21.1  45.3  80.7   54.0  79.1  13.0  66.2    0 Y11-D83-RSG66
 7.11  C1  24    4  HAR  68.5  30.7   0.8 106.6  65.0  48.0  46.7  93.1   6.9  21.1  45.3  80.7   54.0  79.1  13.0  66.2    0 Y11-D84-RSG67
 7.11  C1  24    4  HAR  68.5  30.7   0.8 106.6  65.0  48.0  46.7  93.1   6.9  21.1  45.3  80.7   54.0  79.1  14.0  66.2    0 Y11-D86-RSG69
 7.11  C1  24    4  HAR  68.5  30.7   0.8 106.6  65.0  48.0  45.7  93.1   6.9  21.1  45.3  80.7   54.0  79.1  14.0  66.2    0 Y11-D87-RSG70
 7.11  C1  24    4  HAR  68.6  30.8   0.6 106.6  65.0  48.0  45.7  93.1   6.9  22.1  45.3  80.7   54.0  79.1  14.0  66.2    0 Y11-D88-RSG71
 7.11  C1  24    4  HAR  68.6  30.8   0.6 106.6  65.0  49.0  45.7  93.1   8.7  22.1  47.5  80.7   54.0  79.1  14.0  66.2    0 Y11-D95-RSG78
