Draft Pos Age YPro Team InPro 2JPro 3PPro InEff 2JEff 3PEff  OReb  DReb  BDom PassR PassE InDef PerDef  InFR PerFR FTEff GInj Updated
  8.5 SF1  23    3  CRO  24.0  59.0  17.0  88.0  96.0  96.0  28.0  64.0  27.0  36.0  69.0  66.0   51.0  57.0  50.0  72.0    0 Y11-D26-RSG9
  8.5 SF1  23    3  CRO  24.0  59.0  17.0  88.0  96.0  96.0  29.0  64.0  27.0  36.0  69.0  66.0   51.0  57.0  50.0  72.0    0 Y11-D27-RSG10
  8.5 SF1  23    3  CRO  23.8  59.3  16.9  89.0  96.0  96.0  29.0  64.0  27.0  36.0  69.0  66.0   51.0  58.0  50.0  72.0    0 Y11-D34-RSG17
  8.5 SF1  23    3  CRO  24.3  58.5  17.2  89.0  96.0  96.0  29.0  64.0  27.0  36.0  69.0  66.0   51.0  58.0  50.0  72.0    0 Y11-D36-RSG19
  8.5 SF1  23    3  CRO  24.3  58.5  17.2  89.0  97.2  96.0  29.0  64.0  27.0  36.0  69.0  66.0   51.0  58.0  50.0  72.0    0 Y11-D37-RSG20
  8.5 SF1  23    3  CRO  23.8  59.4  16.8  89.0  97.2  96.0  29.0  64.0  27.0  36.0  69.0  66.0   51.0  58.0  50.0  72.0    0 Y11-D40-RSG23
  8.5 SF1  23    3  CRO  23.5  59.6  16.9  89.0  97.2  96.0  29.0  64.0  27.0  36.0  69.0  66.0   51.0  58.0  50.0  72.0    0 Y11-D42-RSG25
  8.5 SF1  23    3  CRO  23.5  59.6  16.9  89.0  97.2  96.0  29.0  64.0  27.0  36.0  69.0  63.6   51.0  58.0  50.0  72.0    0 Y11-D47-RSG30
  8.5 SF1  23    3  CRO  23.4  59.8  16.8  89.0  97.2  96.0  29.0  64.0  27.0  36.0  69.0  63.6   51.0  58.0  50.0  72.0    0 Y11-D48-RSG31
  8.5 SF1  23    3  CRO  23.4  59.8  16.8  89.0  97.2  96.0  30.1  64.0  27.0  36.0  69.0  63.6   51.0  58.0  50.0  72.0    0 Y11-D49-RSG32
  8.5 SF1  23    3  CRO  23.6  60.4  16.0  89.0  97.2  96.0  30.1  64.0  27.0  36.0  69.0  63.6   51.0  58.0  50.0  72.0    0 Y11-D54-RSG37
  8.5 SF1  23    3  CRO  23.4  59.9  16.7  89.0  97.2  96.0  30.1  64.0  27.0  36.0  69.0  63.6   51.0  58.0  50.0  72.0    0 Y11-D59-RSG42
  8.5 SF1  23    3  CRO  23.4  59.9  16.7  89.0  97.2  96.0  30.1  64.0  27.0  36.0  69.0  62.6   51.0  58.0  50.0  72.0    0 Y11-D64-RSG47
  8.5 SF1  23    3  CRO  23.4  59.9  16.7  89.0  97.2  96.0  30.1  64.0  27.0  36.0  69.0  62.6   51.0  55.5  50.0  72.0    0 Y11-D66-RSG49
  8.5 SF1  23    3  CRO  23.4  59.9  16.7  89.0  97.2  96.0  30.1  64.0  27.0  36.0  69.0  62.6   51.0  54.5  50.0  72.0    0 Y11-D67-RSG50
  8.5 SF1  23    3  CRO  23.4  59.9  16.7  89.0  94.4  96.0  30.1  64.0  27.0  36.0  69.0  60.8   51.0  54.5  50.0  72.0    0 Y11-D69-RSG52
  8.5 SF1  23    3  CRO  23.4  59.9  16.7  89.0  94.4  96.0  28.2  64.0  27.0  36.0  69.0  60.8   51.0  54.5  50.0  72.0    0 Y11-D70-RSG53
  8.5 SF1  23    3  CRO  23.6  59.6  16.8  89.0  94.4  96.0  28.2  64.0  27.0  36.0  69.0  58.2   48.6  54.5  50.0  72.0    0 Y11-D72-RSG55
  8.5 SF1  23    3  CRO  24.1  58.7  17.2  89.0  94.4  96.0  28.2  64.0  27.0  36.0  69.0  58.2   48.6  54.5  50.0  72.0    0 Y11-D74-RSG57
  8.5 SF1  23    3  CRO  24.1  58.7  17.2  89.0  94.4  96.0  28.2  62.3  27.0  36.0  69.0  58.2   48.6  54.5  50.0  72.0    0 Y11-D75-RSG58
  8.5 SF1  23    3  CRO  25.4  57.7  16.9  89.0  94.4  94.6  28.2  62.3  27.0  36.0  69.0  58.2   48.6  54.5  48.9  72.0    0 Y11-D76-RSG59
  8.5 SF1  23    3  CRO  25.4  57.7  16.9  89.0  94.4  94.6  28.2  62.3  27.0  36.0  69.0  58.2   48.6  52.7  48.9  72.0    0 Y11-D85-RSG68
  8.5 SF1  23    3  CRO  25.4  57.7  16.9  89.0  94.4  94.6  28.2  62.3  27.0  36.0  69.0  58.2   48.6  52.7  48.9  72.0   78 Y11-D87-RSG70
  8.5 SF1  23    3  CRO  25.4  57.7  16.9  89.0  94.4  94.6  28.2  62.3  27.0  36.0  69.0  58.2   48.6  52.7  48.9  72.0   77 Y11-D88-RSG71
  8.5 SF1  23    3  CRO  25.4  57.7  16.9  89.0  94.4  94.6  28.2  62.3  27.0  36.0  69.0  58.2   48.6  52.7  48.9  72.0   77 Y11-D89-RSG72
  8.5 SF1  23    3  CRO  25.4  57.7  16.9  89.0  94.4  94.6  28.2  62.3  27.0  36.0  69.0  58.2   48.6  52.7  47.9  72.0   76 Y11-D90-RSG73
  8.5 SF1  23    3  CRO  25.4  57.7  16.9  89.0  94.4  94.6  28.2  62.3  27.0  36.0  69.0  58.2   48.6  52.7  47.9  72.0   75 Y11-D91-RSG74
  8.5 SF1  23    3  CRO  25.4  57.7  16.9  89.0  94.4  94.6  28.2  62.3  27.0  36.0  69.0  58.2   48.6  52.7  47.9  72.0   73 Y11-D92-RSG75
  8.5 SF1  23    3  CRO  25.4  57.7  16.9  89.0  94.4  94.6  28.2  62.3  27.0  36.0  69.0  58.2   48.6  52.7  47.9  72.0   73 Y11-D93-RSG76
  8.5 SF1  23    3  CRO  25.4  57.7  16.9  89.0  94.4  94.6  28.2  62.3  27.0  36.0  69.0  58.2   48.6  52.7  47.9  72.0   71 Y11-D94-RSG77
  8.5 SF1  23    3  CRO  25.4  57.7  16.9  89.0  94.4  94.6  28.2  61.3  27.0  36.0  69.0  58.2   48.6  52.7  47.9  72.0   70 Y11-D95-RSG78
  8.5 SF1  23    3  CRO  25.4  57.7  16.9  89.0  94.4  94.6  28.2  61.3  27.0  36.0  69.0  58.2   48.6  52.7  47.9  72.0   68 Y11-D96-RSG79
