Draft Pos Age YPro Team InPro 2JPro 3PPro InEff 2JEff 3PEff  OReb  DReb  BDom PassR PassE InDef PerDef  InFR PerFR FTEff GInj Updated
  8.7 SF2  23    3  WIL  26.0  29.0  45.0  77.0 114.0  98.0  18.0  43.0  21.0  42.0  59.0  37.0   78.0  47.0  64.0  85.0    2 Y11-D18-RSG1
  8.7 SF2  23    3  WIL  26.0  29.0  45.0  77.0 114.0  98.0  18.0  43.0  21.0  42.0  59.0  37.0   78.0  47.0  64.0  85.0    1 Y11-D19-RSG2
  8.7 SF2  23    3  WIL  26.0  29.0  45.0  77.0 114.0  98.0  18.0  43.0  21.0  42.0  59.0  37.0   78.0  47.0  64.0  85.0    1 Y11-D20-RSG3
  8.7 SF2  23    3  WIL  26.0  29.0  45.0  77.0 114.0  98.0  18.0  43.0  21.0  42.0  59.0  37.0   78.0  47.0  64.0  85.0    0 Y11-D21-RSG4
  8.7 SF2  23    3  WIL  26.0  29.0  45.0  76.0 114.0  98.0  18.0  43.0  21.0  42.0  59.0  37.0   78.0  47.0  64.0  85.0    0 Y11-D28-RSG11
  8.7 SF2  23    3  WIL  26.0  29.0  45.0  77.0 114.0  99.0  18.0  43.0  21.0  42.0  59.0  37.0   78.0  47.0  64.0  85.0    0 Y11-D31-RSG14
  8.7 SF2  23    3  WIL  26.0  29.0  45.0  77.0 114.0  99.0  18.0  43.0  21.0  42.0  59.0  37.0   78.0  47.0  64.0  83.1    0 Y11-D35-RSG18
  8.7 SF2  23    3  WIL  26.0  29.0  45.0  77.0 114.0  99.0  18.0  43.0  21.0  42.0  57.6  37.0   77.0  47.0  64.0  83.1    0 Y11-D36-RSG19
  8.7 SF2  23    3  WIL  26.0  29.0  45.0  77.0 114.0  96.4  18.0  43.0  21.0  42.0  57.6  37.0   77.0  47.0  64.0  83.1    0 Y11-D40-RSG23
  8.7 SF2  23    3  WIL  26.0  29.0  45.0  77.0 114.0  96.4  18.0  43.0  21.0  42.0  57.6  36.0   77.0  47.0  64.0  83.1    0 Y11-D43-RSG26
  8.7 SF2  23    3  WIL  26.0  29.0  45.0  77.0 114.0  96.4  17.0  43.0  21.0  42.0  57.6  36.0   77.0  47.0  64.0  83.1    0 Y11-D44-RSG27
  8.7 SF2  23    3  WIL  26.0  29.0  45.0  77.0 114.0  96.4  17.0  43.0  21.0  42.0  57.6  39.3   77.0  47.0  64.0  83.1    0 Y11-D47-RSG30
  8.7 SF2  23    3  WIL  25.6  28.5  45.9  77.0 114.0  96.4  17.0  43.0  21.0  42.0  57.6  39.3   77.0  47.0  64.0  83.1    0 Y11-D52-RSG35
  8.7 SF2  23    3  WIL  25.4  28.2  46.4  77.0 114.0  96.4  17.0  43.0  21.0  42.0  57.6  39.3   77.0  44.7  65.0  83.1    0 Y11-D53-RSG36
  8.7 SF2  23    3  WIL  25.4  28.2  46.4  77.0 114.0  96.4  17.0  43.0  19.4  42.0  55.5  39.3   77.0  44.7  65.0  83.1    0 Y11-D60-RSG43
  8.7 SF2  23    3  WIL  25.4  28.2  46.4  77.0 115.0  95.0  17.0  43.0  19.4  42.0  55.5  40.3   77.0  44.7  65.0  82.1    0 Y11-D62-RSG45
  8.7 SF2  23    3  WIL  25.4  28.2  46.4  77.0 115.0  95.0  17.0  43.0  19.4  42.0  55.5  40.3   77.0  44.7  65.0  82.1   30 Y11-D64-RSG47
  8.7 SF2  23    3  WIL  25.4  28.2  46.4  77.0 115.0  95.0  17.0  43.0  19.4  42.0  55.5  40.3   77.0  44.7  65.0  82.1   30 Y11-D65-RSG48
  8.7 SF2  23    3  WIL  25.4  28.2  46.4  77.0 115.0  95.0  17.0  43.0  19.4  42.0  55.5  40.3   77.0  44.7  65.0  82.1   29 Y11-D66-RSG49
  8.7 SF2  23    3  WIL  25.4  28.2  46.4  77.0 115.0  95.0  17.0  43.0  19.4  42.0  55.5  40.3   77.0  44.7  65.0  82.1   28 Y11-D67-RSG50
  8.7 SF2  23    3  WIL  25.4  28.2  46.4  77.0 115.0  95.0  17.0  43.0  19.4  42.0  55.5  40.3   77.0  44.7  65.0  82.1   27 Y11-D68-RSG51
  8.7 SF2  23    3  WIL  25.4  28.2  46.4  77.0 112.0  95.0  17.0  43.0  19.4  42.0  55.5  40.3   77.0  44.7  65.0  82.1   34 Y11-D69-RSG52
  8.7 SF2  23    3  WIL  25.4  28.2  46.4  77.0 112.0  95.0  17.0  43.0  17.1  42.0  55.5  40.3   77.0  44.7  65.0  82.1   32 Y11-D70-RSG53
  8.7 SF2  23    3  WIL  25.4  28.2  46.4  77.0 112.0  95.0  17.0  43.0  17.1  42.0  55.5  40.3   77.0  44.7  65.0  82.1   31 Y11-D71-RSG54
  8.7 SF2  23    3  WIL  25.4  28.2  46.4  77.0 112.0  95.0  17.0  43.0  17.1  42.0  55.5  40.3   77.0  44.7  65.0  80.8   31 Y11-D72-RSG55
  8.7 SF2  23    3  WIL  25.4  28.2  46.4  77.0 111.0  95.0  17.0  43.0  17.1  42.0  55.5  40.3   77.0  44.7  65.0  80.8   29 Y11-D73-RSG56
  8.7 SF2  23    3  WIL  25.4  28.2  46.4  77.0 111.0  95.0  17.0  43.0  17.1  42.0  55.5  40.3   77.0  44.7  65.0  80.8   29 Y11-D74-RSG57
  8.7 SF2  23    3  WIL  25.4  28.2  46.4  77.0 111.0  95.0  17.0  43.0  17.1  42.0  55.5  40.3   77.0  44.7  65.0  80.8   29 Y11-D75-RSG58
  8.7 SF2  23    3  WIL  25.5  28.2  46.3  78.0 111.0  95.0  17.0  43.0  17.1  42.0  55.5  40.3   77.0  44.7  65.0  80.8   28 Y11-D76-RSG59
  8.7 SF2  23    3  WIL  25.5  28.2  46.3  78.0 111.0  95.0  17.0  43.0  17.1  42.0  55.5  40.3   77.0  44.7  65.0  80.8   26 Y11-D77-RSG60
  8.7 SF2  23    3  WIL  25.5  28.2  46.3  78.0 111.0  95.0  17.0  43.0  17.1  42.0  55.5  40.3   77.0  44.7  65.0  79.8   25 Y11-D78-RSG61
  8.7 SF2  23    3  WIL  25.5  28.2  46.3  78.0 111.0  95.0  17.0  43.0  17.1  42.0  55.5  40.3   77.0  44.7  65.0  79.8   24 Y11-D79-RSG62
  8.7 SF2  23    3  WIL  25.5  28.2  46.3  78.0 111.0  95.0  17.0  43.0  17.1  44.2  55.5  40.3   77.0  44.7  65.0  79.8   22 Y11-D80-RSG63
  8.7 SF2  23    3  WIL  25.5  28.2  46.3  78.0 111.0  95.0  17.0  43.0  17.1  44.2  55.5  40.3   77.0  44.7  65.0  79.8   20 Y11-D81-RSG64
  8.7 SF2  23    3  WIL  25.5  28.2  46.3  78.0 111.0  95.0  17.0  43.0  17.1  44.2  55.5  40.3   77.0  44.7  65.0  79.8   19 Y11-D82-RSG65
  8.7 SF2  23    3  WIL  25.5  28.2  46.3  78.0 111.0  95.0  17.0  43.0  17.1  44.2  55.5  41.3   77.0  44.7  65.0  76.8   17 Y11-D83-RSG66
  8.7 SF2  23    3  WIL  25.5  28.2  46.3  78.0 111.0  95.0  17.0  43.0  17.1  44.2  55.5  41.3   77.0  42.2  64.0  76.8   15 Y11-D84-RSG67
  8.7 SF2  23    3  WIL  25.5  28.2  46.3  78.0 111.0  95.0  17.0  43.0  17.1  44.2  55.5  41.3   77.0  42.2  64.0  76.8   14 Y11-D85-RSG68
  8.7 SF2  23    3  WIL  25.5  28.2  46.3  78.0 111.0  95.0  17.0  43.0  17.1  44.2  55.5  41.3   77.0  42.2  64.0  76.8   13 Y11-D86-RSG69
  8.7 SF2  23    3  WIL  25.5  28.2  46.3  78.0 111.0  95.0  16.0  43.0  17.1  44.2  55.5  41.3   77.0  42.2  64.0  76.8   13 Y11-D87-RSG70
  8.7 SF2  23    3  WIL  25.5  28.2  46.3  78.0 111.0  95.0  16.0  43.0  17.1  44.2  55.5  41.3   77.0  42.2  64.0  76.8   11 Y11-D88-RSG71
  8.7 SF2  23    3  WIL  25.5  28.2  46.3  78.0 111.0  95.0  16.0  43.0  17.1  44.2  55.5  41.3   77.0  42.2  64.0  76.8    9 Y11-D89-RSG72
  8.7 SF2  23    3  WIL  25.5  28.2  46.3  78.0 111.0  95.0  16.0  43.0  17.1  44.2  55.5  41.3   77.0  42.2  64.0  76.8    7 Y11-D90-RSG73
  8.7 SF2  23    3  WIL  25.5  28.2  46.3  78.0 111.0  95.0  16.0  43.0  17.6  44.2  55.5  41.3   77.0  42.2  64.0  76.8    7 Y11-D91-RSG74
  8.7 SF2  23    3  WIL  25.5  28.2  46.3  78.0 111.0  95.0  16.0  43.0  17.6  44.2  55.5  41.3   77.0  42.2  64.0  76.8    6 Y11-D92-RSG75
  8.7 SF2  23    3  WIL  25.5  28.2  46.3  78.0 111.0  95.0  16.0  43.0  17.6  44.2  55.5  41.3   77.0  42.2  64.0  76.8    3 Y11-D93-RSG76
  8.7 SF2  23    3  WIL  25.5  28.2  46.3  78.0 111.0  95.0  16.0  43.0  17.6  44.2  55.5  41.3   77.0  42.2  64.0  76.8    2 Y11-D94-RSG77
  8.7 SF2  23    3  WIL  25.5  28.2  46.3  78.0 111.0  95.0  16.0  43.0  17.6  44.2  55.5  41.3   77.0  42.2  64.0  76.8    1 Y11-D95-RSG78
  8.7 SF2  23    3  WIL  25.5  28.2  46.3  78.0 111.0  95.0  16.0  43.0  17.6  44.2  55.5  41.3   77.0  42.2  64.0  76.8    1 Y11-D96-RSG79
