Draft Pos Age YPro Team InPro 2JPro 3PPro InEff 2JEff 3PEff  OReb  DReb  BDom PassR PassE InDef PerDef  InFR PerFR FTEff GInj Updated
  8.6 SG1  23    3  HAR  20.0  37.0  43.0  72.0 108.0  94.0  16.0  47.0  53.0  52.0  61.0  58.0   70.0  49.0  53.0  76.0    0 Y11-D21-RSG4
  8.6 SG1  23    3  HAR  20.0  37.0  43.0  72.0 109.0  94.0  16.0  47.0  53.0  52.0  61.0  58.0   70.0  49.0  53.0  76.0    0 Y11-D23-RSG6
  8.6 SG1  23    3  HAR  20.0  37.0  43.0  71.0 109.0  94.0  16.0  47.0  53.0  52.0  61.0  58.0   70.0  49.0  53.0  76.0    0 Y11-D25-RSG8
  8.6 SG1  23    3  HAR  20.0  37.0  43.0  71.0 109.0  94.0  16.0  47.0  55.6  52.0  61.0  56.2   70.0  49.0  53.0  77.0    0 Y11-D31-RSG14
  8.6 SG1  23    3  HAR  20.0  37.0  43.0  71.0 110.0  94.0  16.0  47.0  55.6  52.0  61.0  56.2   70.0  49.0  53.0  77.0    0 Y11-D32-RSG15
  8.6 SG1  23    3  HAR  20.0  37.0  43.0  71.0 110.0  94.0  16.0  47.0  53.3  52.0  61.0  56.2   70.0  49.0  53.0  77.0    0 Y11-D33-RSG16
  8.6 SG1  23    3  HAR  19.9  36.8  43.3  71.0 110.0  94.0  16.0  47.0  53.3  52.0  61.0  56.2   70.0  49.0  53.0  77.0    0 Y11-D34-RSG17
  8.6 SG1  23    3  HAR  19.9  36.8  43.3  71.0 110.0  94.0  17.0  47.0  53.3  52.0  61.0  56.2   70.0  49.0  53.0  77.0    0 Y11-D37-RSG20
  8.6 SG1  23    3  HAR  19.9  36.8  43.3  71.0 110.0  94.0  17.0  47.0  51.7  52.0  61.0  56.2   70.0  49.0  53.0  77.0    0 Y11-D38-RSG21
  8.6 SG1  23    3  HAR  19.2  37.1  43.7  71.0 110.0  94.0  17.0  47.0  50.5  52.0  61.0  56.2   70.0  49.0  53.0  78.0    0 Y11-D42-RSG25
  8.6 SG1  23    3  HAR  19.2  37.1  43.7  71.0 110.0  94.0  17.0  47.0  50.5  51.9  61.0  56.2   70.0  49.0  53.0  78.0    0 Y11-D46-RSG29
  8.6 SG1  23    3  HAR  19.5  37.0  43.5  71.0 110.0  94.0  15.5  47.0  50.5  51.9  61.0  56.2   70.0  49.0  53.0  78.0    0 Y11-D48-RSG31
  8.6 SG1  23    3  HAR  19.5  37.0  43.5  71.0 110.0  94.0  15.5  47.0  49.7  51.9  61.0  56.2   70.0  49.0  53.0  78.0    0 Y11-D54-RSG37
  8.6 SG1  23    3  HAR  19.5  37.0  43.5  72.0 110.0  94.0  15.5  47.0  49.7  51.9  61.0  57.6   70.0  49.0  53.0  78.0    0 Y11-D55-RSG38
  8.6 SG1  23    3  HAR  18.6  37.4  44.0  69.4 110.0  94.0  15.5  47.0  49.7  51.9  61.0  57.6   70.0  49.0  53.0  78.0    0 Y11-D61-RSG44
  8.6 SG1  23    3  HAR  18.6  37.4  44.0  69.4 108.3  94.0  15.5  47.0  49.7  51.9  61.0  57.6   72.5  49.0  53.0  78.0    0 Y11-D63-RSG46
  8.6 SG1  23    3  HAR  18.7  37.4  43.9  69.4 108.3  94.0  15.5  47.0  49.7  51.9  61.0  57.6   72.5  49.0  53.0  78.0    0 Y11-D66-RSG49
  8.6 SG1  23    3  HAR  18.7  37.4  43.9  69.4 108.3  94.0  15.5  47.0  49.7  51.9  64.8  57.6   72.5  49.0  53.0  78.0    0 Y11-D75-RSG58
  8.6 SG1  23    3  HAR  18.7  37.4  43.9  69.4 108.3  94.0  15.5  48.0  49.7  51.9  64.8  57.6   72.5  49.0  53.0  78.0    0 Y11-D79-RSG62
  8.6 SG1  23    3  HAR  18.7  37.4  43.9  69.4 109.3  94.0  15.5  48.0  49.7  51.9  64.8  57.6   72.5  49.0  53.0  78.0    0 Y11-D84-RSG67
  8.6 SG1  23    3  HAR  18.7  37.4  43.9  69.4 109.3  94.0  15.5  48.0  49.7  50.3  64.8  57.6   70.2  49.0  53.0  78.0    0 Y11-D88-RSG71
  8.6 SG1  23    3  HAR  18.7  37.4  43.9  69.4 109.3  94.0  15.5  48.0  49.7  50.3  64.8  57.6   67.7  49.0  53.0  78.0    0 Y11-D92-RSG75
  8.6 SG1  23    3  HAR  18.7  37.4  43.9  69.4 109.3  94.0  15.5  48.0  49.7  50.3  64.8  55.0   67.7  49.0  53.0  78.0    0 Y11-D93-RSG76
  8.6 SG1  23    3  HAR  18.7  37.4  43.9  71.1 109.3  94.0  15.5  48.0  49.7  50.3  64.8  55.0   67.7  49.0  53.0  78.0    0 Y11-D94-RSG77
  8.6 SG1  23    3  HAR  18.7  37.4  43.9  71.1 109.3  94.0  15.5  48.0  49.7  50.3  68.1  55.0   67.7  49.0  53.0  78.0    0 Y11-D95-RSG78
