Draft Pos Age YPro Team InPro 2JPro 3PPro InEff 2JEff 3PEff  OReb  DReb  BDom PassR PassE InDef PerDef  InFR PerFR FTEff GInj Updated
 9.16  C1  22    2  LAT  73.0  26.0   1.0  84.0  79.0  30.0  39.0  72.0  15.0  31.6  32.0 111.0   31.0  75.0   7.0  79.0    0 Y11-D21-RSG4
 9.16  C1  22    2  LAT  73.0  26.0   1.0  84.0  79.0  30.0  39.0  72.0  15.0  31.6  32.0 112.0   31.0  75.0   7.0  79.0    0 Y11-D23-RSG6
 9.16  C1  22    2  LAT  73.0  26.0   1.0  84.0  79.0  31.1  39.0  72.0  15.0  30.1  32.0 112.0   31.0  75.0   7.0  79.0    0 Y11-D27-RSG10
 9.16  C1  22    2  LAT  73.3  26.1   0.6  84.0  79.0  30.1  40.0  72.0  15.0  30.1  32.0 112.0   31.0  75.0   7.0  79.0    0 Y11-D29-RSG12
 9.16  C1  22    2  LAT  73.3  26.1   0.6  84.0  79.0  30.1  40.0  72.0  15.0  30.1  32.0 112.0   31.0  76.3   7.0  79.0    0 Y11-D31-RSG14
 9.16  C1  22    2  LAT  73.5  25.9   0.6  84.0  79.0  30.1  39.0  72.0  15.0  30.1  32.0 112.0   31.0  76.3   7.0  79.0    0 Y11-D35-RSG18
 9.16  C1  22    2  LAT  73.4  26.0   0.6  84.0  79.0  30.1  39.0  72.0  15.0  30.1  32.0 112.0   30.0  76.3   7.0  79.0    0 Y11-D43-RSG26
 9.16  C1  22    2  LAT  72.9  26.5   0.6  84.0  79.0  30.1  39.0  72.0  15.0  30.1  32.0 112.0   30.0  76.3   7.0  79.0    0 Y11-D47-RSG30
 9.16  C1  22    2  LAT  73.1  26.3   0.6  84.0  79.0  30.1  39.0  72.0  15.0  30.1  32.0 112.0   30.0  76.3   7.0  79.0    0 Y11-D50-RSG33
 9.16  C1  22    2  LAT  73.1  26.3   0.6  81.3  79.0  30.1  39.0  72.0  15.0  30.1  32.0 112.0   30.0  76.3   7.0  79.0    0 Y11-D51-RSG34
 9.16  C1  22    2  LAT  72.6  26.8   0.6  81.3  80.0  30.1  39.0  72.0  15.0  30.1  32.0 112.0   30.0  76.3   7.0  79.0    0 Y11-D54-RSG37
 9.16  C1  22    2  LAT  72.6  26.8   0.6  81.3  80.0  30.1  39.0  72.0  15.0  30.1  32.0 112.0   31.0  76.3   7.0  80.0    0 Y11-D58-RSG41
 9.16  C1  22    2  LAT  72.6  26.8   0.6  81.3  80.0  30.1  39.0  72.0  15.0  30.1  32.0 110.0   31.0  76.3   7.0  80.0    0 Y11-D62-RSG45
 9.16  C1  22    2  LAT  72.6  26.8   0.6  81.3  80.0  31.1  39.0  72.0  15.0  30.1  32.0 110.0   31.0  76.3   8.0  80.0    0 Y11-D67-RSG50
 9.16  C1  22    2  LAT  72.6  26.8   0.6  81.3  80.0  28.6  39.0  72.0  15.0  30.1  32.0 110.0   31.0  76.3   8.0  80.0    0 Y11-D69-RSG52
 9.16  C1  22    2  LAT  72.6  26.8   0.6  81.3  80.0  28.6  39.0  72.0  15.0  30.1  32.0 110.0   31.0  76.3   8.0  81.0    0 Y11-D71-RSG54
 9.16  C1  22    2  LAT  72.8  26.9   0.3  81.3  80.0  28.6  39.0  72.0  15.0  30.1  32.0 110.0   31.0  76.3   8.0  81.0    0 Y11-D72-RSG55
 9.16  C1  22    2  LAT  73.5  26.2   0.3  81.3  80.0  28.6  39.0  72.0  15.0  30.1  32.0 110.0   31.0  76.3   8.0  81.0    0 Y11-D75-RSG58
 9.16  C1  22    2  LAT  73.5  26.2   0.3  81.3  80.0  28.6  39.0  72.0  14.4  30.1  32.0 110.0   31.0  76.3   8.0  81.0    0 Y11-D77-RSG60
 9.16  C1  22    2  LAT  73.5  26.2   0.3  79.0  80.0  28.6  39.0  72.0  14.4  30.1  32.0 110.0   31.0  76.3   8.0  81.0    0 Y11-D80-RSG63
 9.16  C1  22    2  LAT  73.5  26.2   0.3  79.0  80.0  28.6  39.0  72.0  14.4  30.1  29.4 110.0   31.0  76.3   8.0  81.0    0 Y11-D81-RSG64
 9.16  C1  22    2  LAT  73.5  26.2   0.3  79.0  80.0  28.6  39.0  75.6  14.4  30.1  29.4 111.0   31.0  76.3   8.0  81.0    0 Y11-D83-RSG66
 9.16  C1  22    2  LAT  73.2  26.5   0.3  79.0  80.0  28.6  39.0  75.6  14.4  30.1  29.4 111.0   31.0  76.3   8.0  81.0    0 Y11-D88-RSG71
 9.16  C1  22    2  LAT  73.2  26.5   0.3  79.0  80.0  28.6  39.0  75.6  14.4  30.1  29.4 111.0   31.0  73.8   8.0  81.0    0 Y11-D89-RSG72
 9.16  C1  22    2  LAT  73.2  26.5   0.3  81.4  80.0  28.6  40.2  75.6  14.4  30.1  29.4 111.0   31.0  73.8   8.0  81.0    0 Y11-D91-RSG74
 9.16  C1  22    2  LAT  74.0  25.7   0.3  81.4  80.0  28.6  40.2  75.6  14.4  30.1  29.4 111.0   31.0  73.8   8.0  81.0    0 Y11-D94-RSG77
