Draft Pos Age YPro Team InPro 2JPro 3PPro InEff 2JEff 3PEff  OReb  DReb  BDom PassR PassE InDef PerDef  InFR PerFR FTEff GInj Updated
  9.9 SF1  22    2  CRO  56.9  25.2  17.9  85.0 107.0  88.0  22.0  77.0   6.0  21.0  61.0  65.2   44.0  50.0  31.0  79.0    0 Y11-D22-RSG5
  9.9 SF1  22    2  CRO  56.9  25.2  17.9  85.0 107.0  88.0  22.0  77.0   6.0  21.0  61.0  65.2   46.2  50.0  31.0  79.0    0 Y11-D26-RSG9
  9.9 SF1  22    2  CRO  56.9  25.2  17.9  85.0 107.0  88.0  22.0  77.0   3.9  21.0  61.0  65.2   46.2  50.0  31.0  79.0    0 Y11-D27-RSG10
  9.9 SF1  22    2  CRO  56.9  25.2  17.9  83.6 107.0  88.0  22.0  77.0   3.9  21.0  61.0  65.2   46.2  50.0  31.0  79.0   99 Y11-D28-RSG11
  9.9 SF1  22    2  CRO  56.9  25.2  17.9  83.6 107.0  88.0  22.0  77.0   3.9  21.0  61.0  65.2   46.2  50.0  31.0  79.0   99 Y11-D29-RSG12
  9.9 SF1  22    2  CRO  56.9  25.2  17.9  83.6 105.5  88.0  22.0  77.0   3.9  21.0  61.0  65.2   46.2  50.0  31.0  79.0   98 Y11-D30-RSG13
  9.9 SF1  22    2  CRO  56.9  25.2  17.9  83.6 105.5  88.0  22.0  77.0   3.9  21.0  61.0  65.2   46.2  50.0  31.0  79.0   98 Y11-D31-RSG14
  9.9 SF1  22    2  CRO  56.9  25.2  17.9  83.6 105.5  88.0  20.5  77.0   3.9  21.0  61.0  65.2   46.2  50.0  31.0  79.0   97 Y11-D32-RSG15
  9.9 SF1  22    2  CRO  56.9  25.2  17.9  83.6 105.5  88.0  20.5  77.0   3.9  21.0  61.0  65.2   46.2  50.0  31.0  79.0   97 Y11-D33-RSG16
  9.9 SF1  22    2  CRO  56.9  25.2  17.9  83.6 105.5  88.0  20.5  77.0   3.9  21.0  61.0  65.2   46.2  50.0  31.0  79.0   96 Y11-D34-RSG17
  9.9 SF1  22    2  CRO  56.9  25.2  17.9  83.6 105.5  88.0  20.5  76.0   3.9  21.0  61.0  65.2   46.2  50.0  31.0  79.0   94 Y11-D35-RSG18
  9.9 SF1  22    2  CRO  56.9  25.2  17.9  83.6 105.5  88.0  20.5  76.0   3.9  21.0  61.0  65.2   45.2  50.0  31.0  79.0   92 Y11-D36-RSG19
  9.9 SF1  22    2  CRO  56.9  25.2  17.9  83.6 105.5  88.0  20.5  76.0   3.9  19.9  61.0  65.2   45.2  50.0  31.0  79.0   91 Y11-D37-RSG20
  9.9 SF1  22    2  CRO  56.9  25.2  17.9  83.6 105.5  88.0  20.5  76.0   3.9  19.9  61.0  65.2   45.2  50.0  31.0  79.0   90 Y11-D38-RSG21
  9.9 SF1  22    2  CRO  56.9  25.2  17.9  83.6 105.5  88.0  20.5  76.0   3.9  19.9  61.0  65.2   45.2  50.0  31.0  79.0   89 Y11-D39-RSG22
  9.9 SF1  22    2  CRO  56.9  25.2  17.9  83.6 105.5  88.0  20.5  76.0   3.9  19.9  61.0  65.2   45.2  50.0  31.0  79.0   88 Y11-D40-RSG23
  9.9 SF1  22    2  CRO  56.9  25.2  17.9  83.6 105.5  88.0  20.5  76.0   3.9  19.9  61.0  65.2   45.2  50.0  31.0  78.0   87 Y11-D41-RSG24
  9.9 SF1  22    2  CRO  56.9  25.2  17.9  83.6 105.5  88.0  20.5  76.0   3.9  19.9  61.0  65.2   45.2  50.0  31.0  78.0   87 Y11-D42-RSG25
  9.9 SF1  22    2  CRO  56.9  25.2  17.9  83.6 105.5  88.0  20.5  76.0   3.9  19.9  61.0  65.2   45.2  50.0  31.0  78.0   86 Y11-D43-RSG26
  9.9 SF1  22    2  CRO  56.9  25.2  17.9  83.6 105.5  88.0  20.5  76.0   3.9  19.9  61.0  65.2   45.2  50.0  31.0  78.0   85 Y11-D44-RSG27
  9.9 SF1  22    2  CRO  56.9  25.2  17.9  83.6 105.5  88.0  20.5  76.0   3.9  19.9  61.0  65.2   45.2  50.0  31.0  78.0   83 Y11-D45-RSG28
  9.9 SF1  22    2  CRO  56.4  25.0  18.6  83.6 105.5  88.0  20.5  76.0   3.9  19.9  61.0  65.2   45.2  50.0  31.0  78.0   82 Y11-D46-RSG29
  9.9 SF1  22    2  CRO  56.4  25.0  18.6  83.6 105.5  88.0  20.5  76.0   3.9  19.9  61.0  65.2   45.2  50.0  31.0  78.0   81 Y11-D47-RSG30
  9.9 SF1  22    2  CRO  56.4  25.0  18.6  83.6 105.5  88.0  20.5  76.0   3.9  19.9  61.0  65.2   45.2  50.0  31.0  78.0   81 Y11-D48-RSG31
  9.9 SF1  22    2  CRO  56.4  25.0  18.6  83.6 105.5  88.0  20.5  76.0   3.9  19.9  61.0  65.2   45.2  50.0  31.0  78.0   80 Y11-D49-RSG32
  9.9 SF1  22    2  CRO  56.4  25.0  18.6  83.6 105.5  88.0  20.5  76.0   3.9  19.9  61.0  64.2   45.2  50.0  31.0  78.0   79 Y11-D50-RSG33
  9.9 SF1  22    2  CRO  56.4  25.0  18.6  83.6 105.5  88.0  20.5  76.0   3.9  19.9  61.0  64.2   45.2  50.0  31.0  78.0   79 Y11-D51-RSG34
  9.9 SF1  22    2  CRO  56.4  25.0  18.6  83.6 105.5  88.0  20.5  76.0   3.9  19.9  61.0  64.2   45.2  50.0  31.0  78.0   78 Y11-D52-RSG35
  9.9 SF1  22    2  CRO  56.4  25.0  18.6  83.6 105.5  88.0  20.5  76.0   3.9  19.9  61.0  64.2   45.2  50.0  31.0  78.0   77 Y11-D53-RSG36
  9.9 SF1  22    2  CRO  56.4  25.0  18.6  83.6 105.5  88.0  20.5  76.0   3.9  19.9  61.0  64.2   45.2  50.0  31.0  78.0   77 Y11-D54-RSG37
  9.9 SF1  22    2  CRO  56.4  25.0  18.6  83.6 105.5  88.0  20.5  76.0   3.9  19.9  61.0  64.2   45.2  50.0  31.0  78.0   75 Y11-D55-RSG38
  9.9 SF1  22    2  CRO  56.4  25.0  18.6  83.6 105.5  88.0  20.5  76.0   3.9  19.9  61.0  64.2   45.2  50.0  31.0  78.0   74 Y11-D56-RSG39
  9.9 SF1  22    2  CRO  56.4  25.0  18.6  83.6 105.5  88.0  20.5  76.0   3.9  19.9  61.0  64.2   45.2  50.0  31.0  78.0   72 Y11-D57-RSG40
  9.9 SF1  22    2  CRO  56.4  25.0  18.6  83.6 105.5  88.0  20.5  76.0   3.9  19.9  61.0  64.2   45.2  50.0  31.0  78.0   72 Y11-D58-RSG41
  9.9 SF1  22    2  CRO  56.4  25.0  18.6  83.6 105.5  88.0  20.5  76.0   3.9  19.9  61.0  64.2   45.2  50.0  31.0  78.0   72 Y11-D59-RSG42
  9.9 SF1  22    2  CRO  56.4  25.0  18.6  83.6 105.5  88.0  20.5  76.0   3.9  19.9  61.0  64.2   45.2  50.0  31.0  78.0   71 Y11-D60-RSG43
  9.9 SF1  22    2  CRO  56.4  25.0  18.6  83.6 105.5  88.0  20.5  76.0   3.9  19.9  61.0  64.2   45.2  50.0  31.0  78.0   71 Y11-D61-RSG44
  9.9 SF1  22    2  CRO  56.4  25.0  18.6  83.6 105.5  88.0  20.5  76.0   3.9  19.9  61.0  64.2   45.2  50.0  31.0  78.0   70 Y11-D62-RSG45
  9.9 SF1  22    2  CRO  56.4  25.0  18.6  83.6 105.5  88.0  20.5  76.0   3.9  19.9  61.0  64.2   45.2  50.0  31.0  78.0   68 Y11-D63-RSG46
  9.9 SF1  22    2  CRO  56.4  25.0  18.6  83.6 105.5  88.0  20.5  76.0   3.9  19.9  61.0  64.2   45.2  50.0  31.0  78.0   68 Y11-D64-RSG47
  9.9 SF1  22    2  CRO  56.4  25.0  18.6  83.6 105.5  88.0  20.5  76.0   3.9  19.9  61.0  64.2   45.2  50.0  31.0  78.0   67 Y11-D65-RSG48
  9.9 SF1  22    2  CRO  56.4  25.0  18.6  85.8 105.5  88.0  20.5  76.0   3.9  19.9  61.0  63.2   45.2  50.0  31.0  78.0   67 Y11-D66-RSG49
  9.9 SF1  22    2  CRO  56.4  25.0  18.6  85.8 105.5  88.0  20.5  76.0   3.9  19.9  61.0  63.2   45.2  50.0  31.0  78.0   66 Y11-D67-RSG50
  9.9 SF1  22    2  CRO  56.4  25.0  18.6  85.8 105.5  88.0  20.5  76.0   3.9  19.9  61.0  62.2   45.2  50.0  31.0  78.0   65 Y11-D68-RSG51
  9.9 SF1  22    2  CRO  56.4  25.0  18.6  85.8 105.5  88.0  20.5  76.0   3.9  19.9  61.0  62.2   45.2  50.0  31.0  78.0   64 Y11-D69-RSG52
  9.9 SF1  22    2  CRO  56.4  25.0  18.6  85.8 105.5  88.0  20.5  76.0   3.9  19.9  61.0  62.2   45.2  50.0  31.0  78.0   64 Y11-D70-RSG53
  9.9 SF1  22    2  CRO  56.4  25.0  18.6  85.8 105.5  88.0  20.5  76.0   3.9  19.9  61.0  62.2   45.2  50.0  31.0  78.0   64 Y11-D71-RSG54
  9.9 SF1  22    2  CRO  56.4  25.0  18.6  85.8 105.5  88.0  20.5  76.0   3.9  19.9  58.0  62.2   45.2  50.0  31.0  78.0   63 Y11-D72-RSG55
  9.9 SF1  22    2  CRO  56.4  25.0  18.6  85.8 105.5  88.0  20.5  76.0   3.9  19.9  58.0  62.2   45.2  50.0  31.0  78.0   61 Y11-D73-RSG56
  9.9 SF1  22    2  CRO  56.4  25.0  18.6  85.8 105.5  88.0  20.5  75.0   3.9  20.1  58.0  62.2   45.2  50.0  31.0  78.0   61 Y11-D74-RSG57
  9.9 SF1  22    2  CRO  56.4  25.0  18.6  85.8 105.5  88.0  20.5  75.0   3.9  20.1  58.0  62.2   45.2  50.0  31.0  78.0   59 Y11-D75-RSG58
  9.9 SF1  22    2  CRO  56.4  25.0  18.6  85.8 105.5  88.0  20.5  75.0   3.9  20.1  58.0  62.2   45.2  50.0  31.0  78.0   58 Y11-D76-RSG59
  9.9 SF1  22    2  CRO  56.4  25.0  18.6  85.8 105.5  88.0  20.5  75.0   3.9  20.1  58.0  62.2   45.2  50.0  31.0  78.0   56 Y11-D77-RSG60
  9.9 SF1  22    2  CRO  56.4  25.0  18.6  85.8 105.5  88.0  20.5  75.0   3.9  20.1  58.0  62.2   45.2  50.0  31.0  78.0   55 Y11-D78-RSG61
  9.9 SF1  22    2  CRO  56.4  25.0  18.6  85.8 105.5  88.0  20.5  75.0   3.9  20.1  58.0  62.2   45.2  50.0  31.0  78.0   54 Y11-D79-RSG62
  9.9 SF1  22    2  CRO  56.4  25.0  18.6  86.8 105.5  88.0  20.5  75.0   3.9  20.1  56.5  62.2   45.2  50.0  31.0  78.0   53 Y11-D80-RSG63
  9.9 SF1  22    2  CRO  56.4  25.0  18.6  86.8 105.5  88.0  20.5  75.0   3.9  20.1  56.5  62.2   45.2  50.0  31.0  78.0   52 Y11-D81-RSG64
  9.9 SF1  22    2  CRO  56.4  25.0  18.6  86.8 105.5  88.0  20.5  75.0   3.9  20.1  56.5  62.2   45.2  50.0  31.0  78.0   52 Y11-D82-RSG65
  9.9 SF1  22    2  CRO  56.4  25.0  18.6  86.8 105.5  88.0  20.5  75.0   3.9  20.1  56.5  62.2   45.2  50.0  31.0  78.0   50 Y11-D83-RSG66
  9.9 SF1  22    2  CRO  56.4  25.0  18.6  86.8 105.5  88.0  20.5  75.0   3.9  20.1  56.5  62.2   45.2  50.0  31.0  78.0   48 Y11-D84-RSG67
  9.9 SF1  22    2  CRO  55.5  26.2  18.3  86.8 105.5  88.0  20.5  75.0   3.9  20.1  54.2  62.2   45.2  50.0  31.0  78.0   47 Y11-D85-RSG68
  9.9 SF1  22    2  CRO  55.5  26.2  18.3  86.8 105.5  88.0  20.5  75.0   3.9  20.1  54.2  62.2   45.2  50.0  31.0  78.0   45 Y11-D86-RSG69
  9.9 SF1  22    2  CRO  55.5  26.2  18.3  86.8 105.5  88.0  20.5  75.0   3.9  20.1  54.2  62.2   45.2  50.0  31.0  78.0   43 Y11-D87-RSG70
  9.9 SF1  22    2  CRO  55.5  26.2  18.3  86.8 105.5  88.0  20.5  75.0   3.9  20.1  54.2  62.2   45.2  50.0  31.0  78.0   42 Y11-D88-RSG71
  9.9 SF1  22    2  CRO  55.5  26.2  18.3  86.8 105.5  88.0  20.5  75.0   3.9  20.1  54.2  62.2   45.2  50.0  31.0  78.0   40 Y11-D89-RSG72
  9.9 SF1  22    2  CRO  55.5  26.2  18.3  86.8 105.5  85.1  20.5  75.0   3.9  20.1  54.2  62.2   45.2  50.0  31.0  78.0   38 Y11-D90-RSG73
  9.9 SF1  22    2  CRO  55.5  26.2  18.3  86.8 105.5  85.1  20.5  75.0   3.9  20.1  54.2  62.2   45.2  50.0  31.0  78.0   36 Y11-D91-RSG74
  9.9 SF1  22    2  CRO  55.5  26.2  18.3  86.8 105.5  85.1  20.5  75.0   3.9  20.1  54.2  62.2   45.2  50.0  31.0  78.0   35 Y11-D92-RSG75
  9.9 SF1  22    2  CRO  55.5  26.2  18.3  86.8 105.5  85.1  20.5  75.0   3.9  20.1  54.2  62.2   45.2  50.0  31.0  78.0   34 Y11-D93-RSG76
  9.9 SF1  22    2  CRO  55.5  26.2  18.3  86.8 105.5  85.1  20.5  75.0   3.9  20.1  54.2  62.2   45.2  50.0  31.0  78.0   32 Y11-D94-RSG77
  9.9 SF1  22    2  CRO  55.5  26.2  18.3  86.8 105.5  85.1  20.5  75.0   3.9  20.1  54.2  62.2   45.2  50.0  31.0  78.0   32 Y11-D95-RSG78
  9.9 SF1  22    2  CRO  55.5  26.2  18.3  86.8 105.5  85.1  20.5  75.0   3.9  20.1  54.2  62.2   45.2  50.0  31.0  78.0   32 Y11-D96-RSG79
