Draft Pos Age YPro Team InPro 2JPro 3PPro InEff 2JEff 3PEff  OReb  DReb  BDom PassR PassE InDef PerDef  InFR PerFR FTEff GInj Updated
 9.14 SF2  22    2  CRO  19.0  38.0  43.0  71.0  97.0  96.0  19.0  61.0  74.0  57.2  65.0  57.0   80.0  37.0  51.0  84.0    0 Y11-D18-RSG1
 9.14 SF2  22    2  CRO  19.0  38.0  43.0  71.0  97.0  96.0  19.0  61.0  75.5  57.2  65.0  57.0   80.0  37.0  51.0  84.0    0 Y11-D22-RSG5
 9.14 SF2  22    2  CRO  18.9  38.3  42.8  71.0  97.0  96.0  19.0  61.0  75.5  57.2  65.0  57.0   80.0  37.0  51.0  84.0    0 Y11-D26-RSG9
 9.14 SF2  22    2  CRO  18.9  38.3  42.8  71.0  97.0  95.0  19.0  61.0  75.5  57.2  65.0  57.0   80.0  37.0  51.0  84.0    0 Y11-D29-RSG12
 9.14 SF2  22    2  CRO  18.9  38.3  42.8  71.0  97.0  94.0  19.0  61.0  75.5  57.2  65.0  57.0   80.0  37.0  51.0  84.0    0 Y11-D31-RSG14
 9.14 SF2  22    2  CRO  17.6  38.9  43.5  71.0  97.0  94.0  18.0  61.0  75.5  57.2  65.0  57.0   80.0  37.0  53.0  85.0    0 Y11-D34-RSG17
 9.14 SF2  22    2  CRO  17.3  39.9  42.8  71.0  97.0  94.0  18.0  61.0  75.5  57.2  65.0  57.0   80.0  37.0  53.0  85.0    0 Y11-D35-RSG18
 9.14 SF2  22    2  CRO  17.3  39.9  42.8  71.0  97.0  92.8  18.0  61.0  75.5  57.2  65.0  57.0   80.0  37.0  53.0  85.0    0 Y11-D36-RSG19
 9.14 SF2  22    2  CRO  17.3  39.9  42.8  71.0  97.0  92.8  18.0  61.0  75.5  54.8  65.0  57.0   80.0  37.0  53.0  85.0    0 Y11-D40-RSG23
 9.14 SF2  22    2  CRO  17.1  40.5  42.4  71.0  97.0  92.8  18.0  62.2  75.5  54.8  65.0  57.0   80.0  37.0  53.0  85.0    0 Y11-D43-RSG26
 9.14 SF2  22    2  CRO  17.1  40.5  42.4  71.0  97.0  92.8  18.0  62.2  73.4  54.8  65.0  57.0   80.0  37.0  53.0  85.0    0 Y11-D44-RSG27
 9.14 SF2  22    2  CRO  17.1  40.5  42.4  71.0  97.0  92.8  18.0  62.2  73.4  54.8  65.0  55.1   80.0  37.0  53.0  85.0    0 Y11-D45-RSG28
 9.14 SF2  22    2  CRO  17.1  40.5  42.4  71.0  95.5  92.8  18.0  62.2  73.4  54.8  67.5  55.1   80.0  38.0  53.0  85.0    0 Y11-D58-RSG41
 9.14 SF2  22    2  CRO  17.1  40.5  42.4  71.0  95.5  92.8  18.0  62.2  73.4  54.8  68.5  55.1   80.0  38.0  53.0  85.0    0 Y11-D60-RSG43
 9.14 SF2  22    2  CRO  17.1  40.5  42.4  72.1  95.5  92.8  18.0  62.2  73.4  54.8  68.5  55.1   80.0  38.0  53.0  85.0    0 Y11-D61-RSG44
 9.14 SF2  22    2  CRO  17.1  40.5  42.4  72.1  95.5  91.6  18.0  62.2  73.4  54.8  68.5  55.1   80.0  38.0  53.0  85.0    0 Y11-D63-RSG46
 9.14 SF2  22    2  CRO  17.1  40.5  42.4  72.1  95.5  91.6  18.0  62.2  74.2  54.8  68.5  55.1   80.0  38.0  53.0  85.0    0 Y11-D66-RSG49
 9.14 SF2  22    2  CRO  17.1  40.5  42.4  72.1  95.5  91.6  18.0  62.2  74.2  54.8  68.5  55.1   80.0  38.0  52.0  85.0    0 Y11-D70-RSG53
 9.14 SF2  22    2  CRO  17.1  40.5  42.4  72.1  95.5  93.3  18.0  62.2  74.2  54.8  68.5  55.1   80.0  38.0  52.0  85.0    0 Y11-D72-RSG55
 9.14 SF2  22    2  CRO  17.1  40.5  42.4  72.1  95.5  94.3  18.0  62.2  74.2  54.8  68.5  55.1   80.0  38.0  52.0  85.0    0 Y11-D74-RSG57
 9.14 SF2  22    2  CRO  17.1  40.5  42.4  72.1  95.5  94.3  18.0  62.2  73.7  54.8  68.5  56.1   80.0  38.0  52.0  85.0    0 Y11-D76-RSG59
 9.14 SF2  22    2  CRO  17.1  40.5  42.4  72.1  95.5  94.3  18.0  62.2  73.7  54.8  68.5  56.1   77.4  38.0  52.0  85.0    0 Y11-D82-RSG65
 9.14 SF2  22    2  CRO  17.1  40.5  42.4  73.1  95.5  94.3  18.0  62.2  73.7  54.8  68.5  56.1   77.4  38.0  52.0  85.0    0 Y11-D84-RSG67
 9.14 SF2  22    2  CRO  18.5  39.8  41.7  74.1  95.5  94.3  18.0  62.2  75.7  54.8  68.5  56.1   79.1  38.0  52.0  85.0    0 Y11-D87-RSG70
 9.14 SF2  22    2  CRO  18.9  40.6  40.5  74.1  95.5  94.3  18.0  62.2  75.7  54.8  68.5  56.1   79.1  38.0  52.0  85.0    0 Y11-D90-RSG73
 9.14 SF2  22    2  CRO  18.9  40.6  40.5  75.1  95.5  94.3  18.0  62.2  75.7  54.8  68.5  56.1   79.1  38.0  52.0  85.0    0 Y11-D91-RSG74
 9.14 SF2  22    2  CRO  18.9  40.6  40.5  75.1  95.5  94.3  18.0  62.2  75.7  54.8  68.5  57.1   79.1  38.0  52.0  85.0    0 Y11-D96-RSG79
