Draft Pos Age YPro Team InPro 2JPro 3PPro InEff 2JEff 3PEff  OReb  DReb  BDom PassR PassE InDef PerDef  InFR PerFR FTEff GInj Updated
10.13 SG1  21    1  QUE  34.0  47.0  19.0  87.0  88.0  82.0  17.0  42.0  11.0  47.0  53.0  47.0   85.0  35.0  34.0  82.0    0 Y11-D23-RSG6
10.13 SG1  21    1  QUE  34.0  47.0  19.0  87.0  88.0  82.0  17.0  42.0  11.0  47.0  53.0  47.0   84.0  35.0  34.0  82.0    0 Y11-D24-RSG7
10.13 SG1  21    1  QUE  34.0  47.0  19.0  87.0  88.0  82.0  17.0  42.0  11.0  47.0  53.0  47.0   84.0  35.0  35.0  82.0    0 Y11-D26-RSG9
10.13 SG1  21    1  QUE  34.0  47.0  19.0  88.6  88.0  82.0  17.0  42.0  11.0  47.0  53.0  47.0   84.0  35.0  35.0  82.0    0 Y11-D31-RSG14
10.13 SG1  21    1  QUE  33.3  47.5  19.2  88.6  88.0  82.0  17.0  42.0  11.0  47.0  53.0  47.0   84.0  35.0  35.0  82.0    0 Y11-D37-RSG20
10.13 SG1  21    1  QUE  33.3  47.5  19.2  88.6  88.0  82.0  17.0  42.0  11.0  47.0  51.9  47.0   84.0  35.0  35.0  82.0    0 Y11-D38-RSG21
10.13 SG1  21    1  QUE  33.4  47.4  19.2  88.6  88.0  82.0  17.0  42.0  11.0  47.0  51.9  47.0   84.0  35.0  35.0  82.0    0 Y11-D39-RSG22
10.13 SG1  21    1  QUE  33.5  47.5  19.0  88.6  88.0  82.0  17.0  42.0  11.0  47.0  51.9  47.0   85.5  35.0  35.0  82.0    0 Y11-D40-RSG23
10.13 SG1  21    1  QUE  33.5  47.5  19.0  88.6  88.0  82.0  17.0  42.0  11.0  47.0  51.9  47.0   85.5  35.0  35.0  82.0    0 Y11-D45-RSG28
10.13 SG1  21    1  QUE  33.0  48.2  18.8  88.6  88.0  82.0  17.0  42.0  11.0  47.0  51.9  47.0   85.5  35.0  35.0  82.0    0 Y11-D50-RSG33
10.13 SG1  21    1  QUE  32.1  49.6  18.3  88.6  88.0  82.0  17.0  42.0  11.0  47.0  51.9  47.0   85.5  35.0  35.0  82.0    0 Y11-D51-RSG34
10.13 SG1  21    1  QUE  32.1  49.6  18.3  88.6  89.5  82.0  18.0  42.0  11.0  47.0  51.9  47.0   85.5  35.0  35.0  82.0    0 Y11-D53-RSG36
10.13 SG1  21    1  QUE  32.6  50.3  17.1  89.6  92.0  82.0  18.0  42.0  11.0  47.0  51.9  47.0   85.5  35.0  35.0  82.0    0 Y11-D55-RSG38
10.13 SG1  21    1  QUE  32.6  50.3  17.1  89.6  92.0  82.0  18.0  42.0  11.0  47.0  51.9  45.6   86.8  35.0  35.0  82.0    0 Y11-D62-RSG45
10.13 SG1  21    1  QUE  32.6  50.3  17.1  89.6  92.0  82.0  18.0  42.0  11.0  47.0  51.9  45.6   86.8  35.0  35.0  79.1    0 Y11-D65-RSG48
10.13 SG1  21    1  QUE  32.6  50.3  17.1  89.6  92.0  82.0  18.0  42.0   8.1  47.0  51.9  45.6   86.8  35.0  35.0  79.1    0 Y11-D68-RSG51
10.13 SG1  21    1  QUE  32.6  50.3  17.1  89.6  92.0  82.0  18.0  44.6   8.1  47.0  51.9  45.6   86.8  36.0  35.0  79.1    0 Y11-D70-RSG53
10.13 SG1  21    1  QUE  32.2  50.6  17.2  89.6  92.0  82.0  18.0  44.6   8.1  47.0  51.9  45.6   86.8  36.0  35.0  79.1    0 Y11-D72-RSG55
10.13 SG1  21    1  QUE  32.2  50.6  17.2  89.6  92.0  82.0  18.0  44.6   8.1  47.0  51.9  45.6   87.8  36.0  35.0  79.1    0 Y11-D74-RSG57
10.13 SG1  21    1  QUE  32.2  50.6  17.2  89.6  92.0  82.0  17.0  47.2   8.1  47.0  51.9  43.5   87.8  36.0  35.0  79.1    0 Y11-D78-RSG61
10.13 SG1  21    1  QUE  32.2  50.6  17.2  89.6  92.0  82.0  17.0  47.2   8.1  47.0  51.9  43.5   87.8  36.0  35.0  79.1    0 Y11-D80-RSG63
10.13 SG1  21    1  QUE  32.2  50.6  17.2  89.6  92.0  82.0  17.0  47.2   8.1  49.2  51.9  43.5   87.8  36.0  35.0  76.5    0 Y11-D88-RSG71
10.13 SG1  21    1  QUE  32.2  50.6  17.2  89.6  90.6  82.0  17.0  47.2   8.1  49.2  51.9  43.5   87.8  36.0  35.0  76.5    0 Y11-D89-RSG72
10.13 SG1  21    1  QUE  32.2  50.6  17.2  89.6  90.6  82.0  17.0  47.2   8.1  49.2  51.9  43.5   87.8  36.0  35.0  76.5    5 Y11-D90-RSG73
10.13 SG1  21    1  QUE  32.2  50.6  17.2  89.6  90.6  82.0  17.0  47.2   8.1  49.2  51.9  43.5   86.8  36.0  35.0  76.5    3 Y11-D91-RSG74
10.13 SG1  21    1  QUE  32.2  50.6  17.2  89.6  90.6  82.0  17.0  47.2   8.1  49.2  51.9  43.5   86.8  36.0  35.0  76.5    2 Y11-D92-RSG75
10.13 SG1  21    1  QUE  32.2  50.6  17.2  89.6  90.6  82.0  17.0  47.2   8.1  49.2  51.9  43.5   86.8  36.0  34.0  76.5    0 Y11-D93-RSG76
