Draft Pos Age YPro Team InPro 2JPro 3PPro InEff 2JEff 3PEff  OReb  DReb  BDom PassR PassE InDef PerDef  InFR PerFR FTEff GInj Updated
 10.4 SG1  21    1  HAR  40.0  36.0  24.0  92.0  87.0  99.0  20.0  55.9  26.0  35.0  93.0  33.0   85.0  50.0  32.0  81.0    0 Y11-D22-RSG5
 10.4 SG1  21    1  HAR  40.0  36.0  24.0  92.0  87.0  99.0  20.0  55.9  26.0  35.0  93.0  33.0   85.0  50.0  32.0  82.0    0 Y11-D26-RSG9
 10.4 SG1  21    1  HAR  40.0  36.0  24.0  92.0  87.0  97.5  20.0  55.9  26.0  35.0  93.0  33.0   85.0  50.0  32.0  82.0    0 Y11-D31-RSG14
 10.4 SG1  21    1  HAR  40.0  36.0  24.0  92.0  87.0  97.5  20.0  55.9  26.0  32.6  93.0  33.0   85.0  50.0  32.0  82.0    0 Y11-D32-RSG15
 10.4 SG1  21    1  HAR  40.0  36.0  24.0  92.0  87.0  97.5  20.0  55.9  26.0  32.6  92.0  33.0   85.0  51.0  32.0  82.0    0 Y11-D33-RSG16
 10.4 SG1  21    1  HAR  40.4  36.4  23.2  92.0  87.0  97.5  20.0  55.9  26.0  32.6  92.0  33.0   85.0  52.1  32.0  82.0    0 Y11-D35-RSG18
 10.4 SG1  21    1  HAR  40.4  36.4  23.2  92.0  87.0  97.5  19.0  55.9  26.0  32.6  92.0  36.4   85.0  52.1  32.0  82.0    0 Y11-D39-RSG22
 10.4 SG1  21    1  HAR  40.4  36.4  23.2  92.0  87.0  97.5  19.0  55.9  26.0  32.6  92.0  36.4   85.0  49.9  32.0  82.0    0 Y11-D43-RSG26
 10.4 SG1  21    1  HAR  40.4  36.4  23.2  92.0  87.0  97.5  19.0  55.9  26.0  32.6  92.0  38.9   82.7  49.9  32.0  82.0    0 Y11-D48-RSG31
 10.4 SG1  21    1  HAR  40.4  36.4  23.2  92.0  87.0  97.5  19.0  55.9  26.0  32.6  92.0  38.9   82.7  47.0  32.0  82.0    3 Y11-D52-RSG35
 10.4 SG1  21    1  HAR  40.0  36.0  24.0  92.0  87.0  97.5  19.0  55.9  26.0  32.6  92.0  38.9   82.7  47.0  32.0  82.0    3 Y11-D53-RSG36
 10.4 SG1  21    1  HAR  40.0  36.0  24.0  92.0  87.0  97.5  19.0  55.9  26.0  32.6  92.0  38.9   82.7  47.0  32.0  82.0    2 Y11-D54-RSG37
 10.4 SG1  21    1  HAR  40.0  36.0  24.0  92.0  87.0  97.5  19.0  55.9  26.0  32.6  92.0  38.9   82.7  47.0  32.0  82.0    2 Y11-D55-RSG38
 10.4 SG1  21    1  HAR  40.0  36.0  24.0  92.0  87.0  97.5  19.0  55.9  26.0  32.6  92.0  38.9   82.7  47.0  32.0  82.0    2 Y11-D56-RSG39
 10.4 SG1  21    1  HAR  40.0  36.0  24.0  92.0  87.0  97.5  19.0  55.9  26.0  32.6  92.0  38.9   82.7  47.0  32.0  82.0    2 Y11-D57-RSG40
 10.4 SG1  21    1  HAR  40.0  36.0  24.0  92.0  87.0  97.5  19.0  55.9  26.0  32.6  92.0  38.9   82.7  47.0  32.0  82.0    1 Y11-D58-RSG41
 10.4 SG1  21    1  HAR  40.0  36.0  24.0  92.0  87.0  97.5  19.0  55.9  26.0  32.6  92.0  38.9   82.7  47.0  32.0  82.0    0 Y11-D59-RSG42
 10.4 SG1  21    1  HAR  40.0  36.0  24.0  92.0  87.0  97.5  19.0  55.9  26.0  32.6  92.0  38.9   82.7  47.0  31.0  82.0    0 Y11-D61-RSG44
 10.4 SG1  21    1  HAR  40.0  36.0  24.0  92.0  87.0  97.5  19.0  55.9  26.0  32.6  92.0  38.9   81.7  49.3  31.0  82.0    0 Y11-D65-RSG48
 10.4 SG1  21    1  HAR  41.0  34.4  24.6  92.0  87.0  97.5  19.0  55.9  26.0  32.7  92.0  38.9   81.7  49.3  31.0  82.0    0 Y11-D71-RSG54
 10.4 SG1  21    1  HAR  41.0  34.4  24.6  92.0  87.0  97.5  19.0  55.9  26.0  32.7  92.0  38.9   82.7  49.3  31.0  82.0    0 Y11-D75-RSG58
 10.4 SG1  21    1  HAR  41.0  34.4  24.6  92.0  87.0  98.5  19.0  55.9  26.0  32.7  92.0  38.9   82.7  49.3  31.0  82.0    0 Y11-D76-RSG59
 10.4 SG1  21    1  HAR  41.0  34.4  24.6  92.0  87.0  98.5  19.0  55.9  26.0  32.7  92.0  38.9   82.7  49.3  31.0  82.0    6 Y11-D77-RSG60
 10.4 SG1  21    1  HAR  41.0  34.4  24.6  92.0  87.0  98.5  19.0  55.9  26.0  32.7  92.0  38.9   82.7  49.3  31.0  82.0    4 Y11-D78-RSG61
 10.4 SG1  21    1  HAR  41.0  34.4  24.6  92.0  87.0  98.5  19.0  57.2  26.0  32.7  89.9  38.9   82.7  49.3  31.0  82.0    4 Y11-D79-RSG62
 10.4 SG1  21    1  HAR  41.0  34.4  24.6  92.0  87.0  98.5  19.0  57.2  26.0  32.7  89.9  38.9   82.7  49.3  31.0  82.0    4 Y11-D80-RSG63
 10.4 SG1  21    1  HAR  41.0  34.4  24.6  92.0  87.0  98.5  19.0  57.2  26.0  32.7  89.9  38.9   82.7  49.3  31.0  82.0    2 Y11-D81-RSG64
 10.4 SG1  21    1  HAR  41.0  34.4  24.6  92.0  87.0  98.5  19.0  57.2  26.0  32.7  89.9  38.9   82.7  49.3  31.0  82.0    0 Y11-D82-RSG65
 10.4 SG1  21    1  HAR  41.6  33.4  25.0  92.0  87.0  98.5  19.0  57.2  26.0  32.7  89.9  38.9   82.7  49.3  31.0  82.0    0 Y11-D86-RSG69
 10.4 SG1  21    1  HAR  41.6  33.4  25.0  90.6  87.0  97.5  19.0  57.2  26.0  32.7  89.9  38.9   82.7  49.3  31.0  83.0    0 Y11-D88-RSG71
 10.4 SG1  21    1  HAR  41.6  33.4  25.0  90.6  87.0  97.5  19.0  57.2  26.0  32.7  89.9  38.9   82.7  49.3  31.0  84.0    0 Y11-D93-RSG76
 10.4 SG1  21    1  HAR  41.6  33.4  25.0  90.6  88.3  97.5  19.0  57.2  26.0  32.7  89.9  38.9   82.7  49.3  31.0  84.0    0 Y11-D95-RSG78
