Draft Pos Age YPro Team InPro 2JPro 3PPro InEff 2JEff 3PEff  OReb  DReb  BDom PassR PassE InDef PerDef  InFR PerFR FTEff GInj Updated
10.15 PG2  21    1  BRE  10.0  44.0  46.0  62.0 107.0 106.0  12.0  26.0  75.0  97.4  79.0  18.0   19.0  24.0  28.0  83.0    0 Y11-D18-RSG1
10.15 PG2  21    1  BRE  10.0  44.0  46.0  62.0 107.0 106.0  12.0  26.0  75.0  99.0  79.0  18.0   19.0  24.0  28.0  83.0    0 Y11-D19-RSG2
10.15 PG2  21    1  BRE  10.0  44.0  46.0  62.0 107.0 106.0  13.0  26.0  75.0  99.0  79.0  18.0   19.0  24.0  28.0  83.0    0 Y11-D21-RSG4
10.15 PG2  21    1  BRE  10.0  44.0  46.0  62.0 107.0 106.0  11.8  26.0  75.0  99.0  79.0  18.0   19.0  24.0  28.0  83.0    0 Y11-D22-RSG5
10.15 PG2  21    1  BRE  10.0  44.0  46.0  62.0 107.0 106.0  11.8  26.0  75.0  99.0  79.0  19.0   19.0  24.0  28.0  83.0    0 Y11-D29-RSG12
10.15 PG2  21    1  BRE   9.7  42.9  47.4  62.0 107.0 106.0  11.8  26.0  75.0  99.0  79.0  19.0   19.0  24.0  28.0  83.0    0 Y11-D31-RSG14
10.15 PG2  21    1  BRE   9.7  42.9  47.4  62.0 107.0 106.0  11.8  26.0  75.0  99.0  82.2  19.0   19.0  24.0  28.0  83.0    0 Y11-D34-RSG17
10.15 PG2  21    1  BRE   9.7  42.9  47.4  63.2 107.0 106.0  11.8  26.0  75.0  99.0  82.2  19.0   19.0  24.0  28.0  83.0    0 Y11-D38-RSG21
10.15 PG2  21    1  BRE   9.7  42.9  47.4  63.2 107.0 106.0  11.8  26.0  75.0  99.0  82.2  19.0   19.0  25.9  28.0  83.0    0 Y11-D44-RSG27
10.15 PG2  21    1  BRE   9.7  42.9  47.4  63.2 107.0 106.0  11.8  26.0  75.0  99.0  82.2  20.0   19.0  25.9  28.0  83.0    0 Y11-D47-RSG30
10.15 PG2  21    1  BRE   9.7  42.9  47.4  60.5 107.0 106.0  10.8  26.0  75.0  99.0  82.2  20.0   19.0  27.2  28.0  83.0    0 Y11-D54-RSG37
10.15 PG2  21    1  BRE   9.7  42.9  47.4  60.5 107.0 106.0  10.8  25.0  75.0  99.0  82.2  20.0   20.8  27.2  30.2  83.0    0 Y11-D57-RSG40
10.15 PG2  21    1  BRE   9.9  43.0  47.1  60.5 104.3 107.0  10.8  25.0  75.0  99.0  82.2  21.0   20.8  27.2  30.2  83.0    0 Y11-D62-RSG45
10.15 PG2  21    1  BRE   9.9  43.0  47.1  60.5 104.3 107.0  10.8  25.0  75.3  99.0  82.2  21.0   20.8  27.2  30.2  83.0    0 Y11-D63-RSG46
10.15 PG2  21    1  BRE  10.0  42.6  47.4  60.5 104.3 107.0  10.8  25.0  75.3  96.3  82.2  22.0   24.5  27.2  30.2  83.0    0 Y11-D64-RSG47
10.15 PG2  21    1  BRE  10.0  42.6  47.4  60.5 104.3 107.0  10.8  25.0  75.3  96.3  82.2  22.0   24.5  27.2  30.2  83.0   19 Y11-D67-RSG50
10.15 PG2  21    1  BRE  10.0  42.6  47.4  60.5 104.3 107.0  10.8  25.0  75.3  96.3  82.2  22.0   24.5  27.2  29.1  83.0   19 Y11-D68-RSG51
10.15 PG2  21    1  BRE  10.0  42.6  47.4  60.5 104.3 107.0  10.8  25.0  75.3  96.3  82.2  22.0   24.5  27.2  29.1  83.0   17 Y11-D69-RSG52
10.15 PG2  21    1  BRE  10.0  42.6  47.4  60.5 104.3 107.0  10.8  25.0  75.3  96.3  82.2  22.0   24.5  27.2  29.1  83.0   17 Y11-D70-RSG53
10.15 PG2  21    1  BRE  10.0  42.6  47.4  60.5 104.3 107.0  10.8  25.0  75.3  96.3  82.2  22.0   24.5  27.2  29.1  83.0   16 Y11-D71-RSG54
10.15 PG2  21    1  BRE  10.0  42.6  47.4  60.5 104.3 107.0  10.8  25.0  75.3  96.3  82.2  22.0   24.5  27.2  29.1  83.0   15 Y11-D72-RSG55
10.15 PG2  21    1  BRE  10.0  42.6  47.4  60.5 104.3 107.0  10.8  25.0  75.3  96.3  82.2  22.0   24.5  27.2  29.1  83.0   13 Y11-D73-RSG56
10.15 PG2  21    1  BRE  10.0  42.6  47.4  60.5 104.3 107.0  10.8  25.0  75.3  96.3  82.2  22.0   24.5  27.2  29.1  83.0   12 Y11-D74-RSG57
10.15 PG2  21    1  BRE  10.0  42.6  47.4  60.5 104.3 107.0  10.8  25.0  75.3  96.3  82.2  22.0   24.5  27.2  29.1  83.0   11 Y11-D75-RSG58
10.15 PG2  21    1  BRE  10.0  42.6  47.4  60.5 104.3 107.0  10.8  25.0  75.3  96.3  82.2  22.0   24.5  27.2  29.1  83.0   10 Y11-D76-RSG59
10.15 PG2  21    1  BRE  10.0  42.6  47.4  61.5 104.3 107.0  10.8  25.0  75.3  96.3  82.2  22.0   24.5  27.2  29.1  83.0    9 Y11-D77-RSG60
10.15 PG2  21    1  BRE   9.8  41.8  48.4  61.5 104.3 107.0  10.8  25.0  75.3  96.3  82.2  22.0   24.5  27.2  29.1  83.0    8 Y11-D78-RSG61
10.15 PG2  21    1  BRE   9.8  41.8  48.4  61.5 104.3 107.0  10.8  25.0  75.3  96.3  82.2  22.0   24.5  27.2  29.1  83.0    7 Y11-D79-RSG62
10.15 PG2  21    1  BRE   9.8  41.8  48.4  61.5 104.3 107.0  10.8  25.0  75.3  96.3  82.2  22.0   24.5  27.2  29.1  83.0    7 Y11-D80-RSG63
10.15 PG2  21    1  BRE   9.8  41.8  48.4  61.5 104.3 107.0  10.8  25.0  75.3  96.3  82.2  22.0   24.5  27.2  29.1  83.0    6 Y11-D81-RSG64
10.15 PG2  21    1  BRE   9.8  41.8  48.4  61.5 104.3 107.0  10.8  25.0  75.3  96.3  82.2  22.0   24.5  27.2  29.1  83.0    6 Y11-D82-RSG65
10.15 PG2  21    1  BRE   9.8  41.8  48.4  61.5 104.3 107.0  10.8  25.0  75.3  96.3  82.2  22.0   24.5  27.2  29.1  83.0    5 Y11-D83-RSG66
10.15 PG2  21    1  BRE   9.8  41.8  48.4  61.5 104.3 107.0  10.8  25.0  75.3  96.3  82.2  22.0   24.5  27.2  29.1  83.0    3 Y11-D84-RSG67
10.15 PG2  21    1  BRE   9.8  41.8  48.4  61.5 104.3 107.0  10.8  25.0  75.3  96.3  82.2  22.0   24.5  27.2  29.1  83.0    1 Y11-D85-RSG68
10.15 PG2  21    1  BRE   9.8  41.8  48.4  61.5 104.3 107.0  10.8  25.0  75.3  96.3  79.6  22.0   24.5  27.2  29.1  83.0    0 Y11-D86-RSG69
10.15 PG2  21    1  BRE  10.0  42.9  47.1  61.5 104.3 107.0  10.8  25.0  71.4  97.6  79.6  22.0   24.5  27.2  29.1  83.0    0 Y11-D90-RSG73
10.15 PG2  21    1  BRE  10.0  42.9  47.1  61.5 104.3 107.0  10.8  25.0  71.4  97.6  82.4  22.0   24.5  27.2  29.1  83.0    0 Y11-D93-RSG76
10.15 PG2  21    1  BRE  10.0  42.9  47.1  61.5 104.3 107.0  10.8  25.0  71.4  97.6  81.4  22.0   24.5  27.2  29.1  83.0    0 Y11-D94-RSG77
10.15 PG2  21    1  BRE  10.0  42.9  47.1  61.5 104.3 107.0  10.8  25.0  71.4  97.6  81.4  22.0   22.1  27.2  29.1  83.0    0 Y11-D95-RSG78
