Draft Pos Age YPro Team InPro 2JPro 3PPro InEff 2JEff 3PEff  OReb  DReb  BDom PassR PassE InDef PerDef  InFR PerFR FTEff GInj Updated
 11.U  C1  19    0  DRA  83.1  16.1   0.8  85.9  55.1  47.6  36.2  73.9   7.3  31.6  34.9  95.0   19.7  57.0  11.2  66.5    0 Y11-D1-Draft
 11.4  C1  19    0  RAY  83.1  16.1   0.8  85.9  55.1  47.6  36.2  72.9   7.3  31.6  34.9  95.0   19.7  57.0  11.2  66.5    0 Y11-D21-RSG4
 11.4  C1  19    0  RAY  83.1  16.1   0.8  85.9  55.1  47.6  36.2  72.9   7.3  31.6  32.7  95.0   19.7  57.0  11.2  66.5    0 Y11-D23-RSG6
 11.4  C1  19    0  RAY  83.1  16.1   0.8  85.9  55.1  47.6  36.2  72.9   7.3  31.6  32.7  95.0   19.7  60.3  11.2  66.5    0 Y11-D28-RSG11
 11.4  C1  19    0  RAY  83.7  15.5   0.8  85.9  55.1  47.6  36.2  72.9   7.3  32.1  32.7  95.0   19.7  60.3  11.2  66.5    0 Y11-D29-RSG12
 11.4  C1  19    0  RAY  83.7  15.5   0.8  84.9  55.1  47.6  36.2  72.9   7.3  32.1  32.7  95.0   19.7  60.3  11.2  66.5    0 Y11-D31-RSG14
 11.4  C1  19    0  RAY  83.7  15.5   0.8  84.9  55.1  47.6  36.2  72.9   7.3  32.1  34.6  95.0   19.7  59.3  11.2  66.5    0 Y11-D41-RSG24
 11.4  C1  19    0  RAY  83.7  15.5   0.8  84.9  55.1  47.6  36.2  72.9   6.9  32.1  34.6  95.0   19.7  59.3  11.2  66.5    0 Y11-D43-RSG26
 11.4  C1  19    0  RAY  83.7  15.5   0.8  84.9  55.1  47.6  36.2  72.9   6.9  32.1  34.6  95.0   19.7  59.3  11.2  67.5    0 Y11-D45-RSG28
 11.4  C1  19    0  RAY  83.7  15.5   0.8  84.9  55.1  47.6  36.2  74.7   6.9  33.6  34.6  95.0   19.7  59.3  12.2  67.5    0 Y11-D52-RSG35
 11.4  C1  19    0  RAY  83.7  15.5   0.8  84.9  55.1  47.6  36.2  74.7   6.9  32.4  39.0  95.0   19.7  62.2  12.2  65.7    0 Y11-D53-RSG36
 11.4  C1  19    0  RAY  83.7  15.5   0.8  84.9  55.1  47.6  36.2  76.5   6.9  32.4  41.6  95.0   19.7  62.2  12.2  65.7    0 Y11-D54-RSG37
 11.4  C1  19    0  RAY  83.7  15.5   0.8  84.9  55.1  47.6  36.2  76.5   6.9  32.0  41.6  95.0   19.7  62.2  12.2  65.7    0 Y11-D55-RSG38
 11.4  C1  19    0  RAY  83.7  15.5   0.8  84.9  55.1  47.6  36.2  75.5   6.9  32.8  41.6  95.0   19.7  62.2  12.2  65.7    0 Y11-D58-RSG41
 11.4  C1  19    0  RAY  83.7  15.5   0.8  84.9  55.1  47.6  36.2  75.5   7.3  32.8  41.6  95.0   19.7  62.2  12.2  65.7    0 Y11-D61-RSG44
 11.4  C1  19    0  RAY  83.4  15.8   0.8  84.9  55.1  47.6  36.2  75.5   7.3  32.8  41.6  95.0   19.7  62.2  12.2  64.1    0 Y11-D71-RSG54
 11.4  C1  19    0  RAY  83.4  15.8   0.8  83.7  55.1  47.6  36.2  75.5   7.3  32.8  41.6  95.0   19.7  62.2  12.2  64.1    0 Y11-D75-RSG58
 11.4  C1  19    0  RAY  83.6  15.6   0.8  83.7  55.1  47.6  36.2  74.5   7.3  32.8  40.6  95.0   19.7  62.2  12.2  64.1    0 Y11-D77-RSG60
 11.4  C1  19    0  RAY  83.6  15.6   0.8  83.7  55.1  47.6  36.2  72.6   7.3  32.8  40.6  95.0   19.7  62.2  12.2  64.1    0 Y11-D78-RSG61
 11.4  C1  19    0  RAY  83.8  15.6   0.6  83.7  55.1  47.6  36.2  72.6   7.3  32.8  40.6  95.0   19.7  62.2  12.2  64.1    0 Y11-D82-RSG65
 11.4  C1  19    0  RAY  83.7  15.7   0.6  83.7  55.1  47.6  36.2  72.6   7.3  30.9  40.6  95.0   19.7  62.2  12.2  64.1   45 Y11-D86-RSG69
 11.4  C1  19    0  RAY  83.7  15.7   0.6  83.7  55.1  46.6  36.2  72.6   7.3  30.9  40.6  95.0   19.7  59.8  12.2  64.1   45 Y11-D87-RSG70
 11.4  C1  19    0  RAY  83.7  15.7   0.6  83.7  55.1  46.6  36.2  72.6   7.3  30.9  40.6  95.0   19.7  59.8  12.2  64.1   44 Y11-D88-RSG71
 11.4  C1  19    0  RAY  83.7  15.7   0.6  83.7  55.1  46.6  36.2  72.6   7.3  30.9  40.6  95.0   19.7  59.8  12.2  64.1   44 Y11-D89-RSG72
 11.4  C1  19    0  RAY  83.7  15.7   0.6  83.7  55.1  46.6  36.2  72.6   7.3  30.9  40.6  95.0   19.7  59.8  12.2  64.1   42 Y11-D90-RSG73
 11.4  C1  19    0  RAY  83.7  15.7   0.6  83.7  55.1  46.6  36.2  72.6   7.3  30.9  40.6  95.0   19.7  57.2  12.2  64.1   42 Y11-D91-RSG74
 11.4  C1  19    0  RAY  83.7  15.7   0.6  83.7  55.1  46.6  36.2  72.6   7.3  30.9  40.6  95.0   19.7  57.2  12.2  64.1   40 Y11-D92-RSG75
 11.4  C1  19    0  RAY  83.7  15.7   0.6  83.7  55.1  46.6  36.2  72.6   7.3  30.9  40.6  95.0   19.7  57.2  12.2  64.1   39 Y11-D93-RSG76
 11.4  C1  19    0  RAY  83.7  15.7   0.6  83.7  55.1  46.6  36.2  72.6   7.3  30.9  40.6  95.0   19.7  57.2  12.2  64.1   37 Y11-D94-RSG77
 11.4  C1  19    0  RAY  83.7  15.7   0.6  83.7  55.1  46.6  36.2  72.6   7.3  30.9  40.6  95.0   19.7  57.2  12.2  64.1   36 Y11-D95-RSG78
 11.4  C1  19    0  RAY  83.7  15.7   0.6  83.7  55.1  46.6  36.2  72.6   7.3  30.9  40.6  95.0   19.7  57.2  12.2  63.1   36 Y11-D96-RSG79
