Draft Pos Age YPro Team InPro 2JPro 3PPro InEff 2JEff 3PEff  OReb  DReb  BDom PassR PassE InDef PerDef  InFR PerFR FTEff GInj Updated
 11.U  C1  19    0  DRA  76.1  22.0   1.9  83.5  38.1  16.4  18.0  93.1  17.5  33.9  31.6  57.9   28.5  50.5  17.6  58.6    0 Y11-D1-Draft
11.16  C1  19    0  KEN  76.1  22.0   1.9  83.5  38.1  16.4  18.0  93.1  17.5  33.9  31.6  57.9   28.5  50.5  16.6  58.6    0 Y11-D18-RSG1
11.16  C1  19    0  KEN  76.1  22.0   1.9  83.5  38.1  16.4  18.0  93.1  17.5  33.9  31.6  57.9   28.5  48.8  16.6  58.6    0 Y11-D22-RSG5
11.16  C1  19    0  KEN  76.1  22.0   1.9  83.5  38.1  16.4  18.0  93.1  17.5  33.9  31.6  57.9   28.5  48.8  16.6  59.6    0 Y11-D27-RSG10
11.16  C1  19    0  KEN  76.1  22.0   1.9  83.5  38.1  16.4  18.0  93.1  17.5  33.9  31.6  57.9   28.5  48.8  17.6  59.6    0 Y11-D29-RSG12
11.16  C1  19    0  KEN  76.1  22.0   1.9  83.5  35.3  16.4  18.0  93.1  17.5  33.9  31.6  57.9   28.5  48.8  17.6  59.6    0 Y11-D32-RSG15
11.16  C1  19    0  KEN  76.8  21.3   1.9  83.5  35.3  16.4  18.0  93.1  17.5  33.9  31.6  57.9   28.5  48.8  17.6  59.6    0 Y11-D33-RSG16
11.16  C1  19    0  KEN  76.8  21.3   1.9  83.5  35.3  16.4  18.0  93.1  17.5  33.9  31.6  57.9   28.5  48.8  17.6  56.8    0 Y11-D39-RSG22
11.16  C1  19    0  KEN  77.1  21.4   1.5  83.5  35.3  16.4  18.0  93.1  17.5  33.9  31.6  57.9   28.5  48.8  17.6  56.8    0 Y11-D41-RSG24
11.16  C1  19    0  KEN  77.1  21.4   1.5  83.5  35.3  16.4  18.0  93.1  17.5  33.9  31.6  57.9   29.5  48.8  17.6  56.8    0 Y11-D45-RSG28
11.16  C1  19    0  KEN  77.1  21.4   1.5  83.5  35.3  16.4  18.0  93.1  17.5  34.0  31.6  57.9   29.5  48.8  17.6  58.3    0 Y11-D49-RSG32
11.16  C1  19    0  KEN  77.1  21.4   1.5  83.5  40.4  16.4  18.0  93.1  17.5  34.0  31.6  57.9   29.5  48.8  17.6  58.3    0 Y11-D50-RSG33
11.16  C1  19    0  KEN  77.1  21.4   1.5  83.5  37.6  16.4  18.0  93.1  17.5  34.0  31.6  57.9   29.5  48.8  17.6  58.3    0 Y11-D51-RSG34
11.16  C1  19    0  KEN  78.2  20.3   1.5  83.5  37.6  16.4  18.0  93.1  17.5  34.0  31.6  57.9   29.5  48.8  17.6  58.3    0 Y11-D54-RSG37
11.16  C1  19    0  KEN  78.2  20.3   1.5  83.5  37.6  16.4  18.0  93.1  17.5  34.0  31.6  58.9   29.5  48.8  17.6  58.3    0 Y11-D56-RSG39
11.16  C1  19    0  KEN  78.2  20.3   1.5  83.5  37.6  16.4  18.0  93.1  17.5  34.0  31.6  58.9   29.5  53.8  17.6  58.3    0 Y11-D58-RSG41
11.16  C1  19    0  KEN  78.2  20.3   1.5  83.5  37.6  16.4  18.0  93.1  17.5  34.0  35.5  58.9   29.5  53.8  17.6  58.3    0 Y11-D59-RSG42
11.16  C1  19    0  KEN  78.2  20.3   1.5  83.5  37.6  15.4  18.0  93.1  17.5  34.0  35.5  58.9   29.5  53.8  17.6  58.3    0 Y11-D60-RSG43
11.16  C1  19    0  KEN  78.2  20.3   1.5  83.5  37.6  15.4  18.0  93.1  17.5  33.5  35.5  58.9   29.5  53.8  17.6  58.3    0 Y11-D61-RSG44
11.16  C1  19    0  KEN  78.2  20.3   1.5  83.5  37.6  15.4  18.0  93.1  17.5  33.5  35.5  58.9   29.5  53.8  17.6  57.3    0 Y11-D65-RSG48
11.16  C1  19    0  KEN  77.7  21.1   1.2  83.5  37.6  15.4  18.0  93.1  17.5  33.5  35.5  58.9   29.5  53.8  17.6  57.3    0 Y11-D69-RSG52
11.16  C1  19    0  KEN  77.7  21.1   1.2  83.5  37.6  15.4  17.0  93.1  17.5  32.1  35.5  58.9   29.5  53.8  17.6  57.3    0 Y11-D74-RSG57
11.16  C1  19    0  KEN  77.7  21.1   1.2  83.5  37.6  15.4  19.1  93.1  17.5  32.1  35.5  58.9   29.5  53.8  17.6  57.3    0 Y11-D76-RSG59
11.16  C1  19    0  KEN  77.7  21.1   1.2  83.5  37.6  15.4  19.1  93.1  17.5  32.1  35.5  58.9   29.5  53.8  17.6  58.6    0 Y11-D81-RSG64
11.16  C1  19    0  KEN  77.7  21.1   1.2  83.5  37.6  16.6  19.1  93.1  17.5  32.1  35.5  58.9   27.2  56.2  17.6  58.6    0 Y11-D82-RSG65
11.16  C1  19    0  KEN  77.7  21.1   1.2  83.5  37.6  16.6  19.1  93.1  17.5  32.1  35.5  58.9   27.2  57.2  17.6  58.6    0 Y11-D83-RSG66
11.16  C1  19    0  KEN  77.7  21.1   1.2  83.5  37.6  16.6  20.4  93.1  17.5  32.1  35.5  58.9   27.2  57.2  17.6  58.6    0 Y11-D85-RSG68
11.16  C1  19    0  KEN  77.7  21.1   1.2  83.5  37.6  16.6  20.4  93.1  17.5  32.1  32.7  58.9   27.2  57.2  17.6  58.6    0 Y11-D89-RSG72
11.16  C1  19    0  KEN  77.7  21.1   1.2  83.5  37.6  16.6  20.4  90.2  17.5  30.2  32.7  58.9   25.7  57.2  17.6  58.6    0 Y11-D92-RSG75
