Draft Pos Age YPro Team InPro 2JPro 3PPro InEff 2JEff 3PEff  OReb  DReb  BDom PassR PassE InDef PerDef  InFR PerFR FTEff GInj Updated
 11.U PF1  20    0  DRA  67.7  29.0   3.3  91.6  74.6  12.6  31.5  71.2  14.7  15.8  10.2  88.0   31.4  38.7  15.9  68.4    0 Y11-D1-Draft
 11.1 PF1  20    0  CRO  67.4  28.9   3.7  91.6  74.6  12.6  32.6  71.2  14.7  15.8  10.2  88.0   31.4  38.7  15.9  68.4    0 Y11-D18-RSG1
 11.1 PF1  20    0  CRO  67.4  28.9   3.7  91.6  74.6  12.6  32.6  71.2  14.7  15.8  10.2  88.0   31.4  37.7  15.9  68.4    0 Y11-D20-RSG3
 11.1 PF1  20    0  CRO  67.4  28.9   3.7  91.6  74.6  12.6  32.6  71.2  14.7  15.8  10.2  88.0   31.4  42.1  15.9  68.4    0 Y11-D22-RSG5
 11.1 PF1  20    0  CRO  68.3  28.1   3.6  93.8  74.6  12.6  32.6  71.2  14.7  15.8  10.2  88.0   31.4  39.1  15.9  68.4    0 Y11-D26-RSG9
 11.1 PF1  20    0  CRO  68.9  27.6   3.5  93.8  74.6  12.6  32.6  71.2  14.7  15.8  10.2  88.0   31.4  39.1  15.9  68.4    0 Y11-D28-RSG11
 11.1 PF1  20    0  CRO  69.0  27.7   3.3  93.8  74.6  12.6  32.6  71.2  14.7  15.8  10.2  88.0   31.4  39.1  15.9  68.4    0 Y11-D31-RSG14
 11.1 PF1  20    0  CRO  69.0  27.7   3.3  93.8  74.6  12.6  32.6  71.2  14.7  15.1  10.2  88.0   31.4  39.1  15.9  68.4    0 Y11-D32-RSG15
 11.1 PF1  20    0  CRO  69.2  27.8   3.0  93.8  74.6  12.6  32.6  71.2  14.7  15.1  10.2  86.1   31.4  41.9  14.9  68.4    0 Y11-D34-RSG17
 11.1 PF1  20    0  CRO  69.2  27.8   3.0  93.8  74.6  12.6  32.6  70.1  14.7  15.1  10.2  86.1   31.4  41.9  14.9  68.4    0 Y11-D35-RSG18
 11.1 PF1  20    0  CRO  69.2  27.8   3.0  93.8  74.6  12.6  32.6  70.1  14.7  15.1   7.3  86.1   31.4  41.9  14.9  68.4    0 Y11-D36-RSG19
 11.1 PF1  20    0  CRO  69.2  27.8   3.0  93.8  76.9  12.6  32.6  70.1  14.7  15.1   7.3  86.1   31.4  41.9  14.9  68.4    0 Y11-D38-RSG21
 11.1 PF1  20    0  CRO  69.2  27.8   3.0  93.8  76.9  12.6  32.6  70.1  14.7  15.1   7.3  86.1   30.4  41.9  14.9  68.4    2 Y11-D40-RSG23
 11.1 PF1  20    0  CRO  69.2  27.8   3.0  93.8  76.9  12.6  32.6  70.1  14.7  15.1   7.3  86.1   30.4  41.9  14.9  68.4    1 Y11-D41-RSG24
 11.1 PF1  20    0  CRO  69.2  27.8   3.0  93.8  76.9  12.6  32.6  70.1  14.7  15.1   7.3  86.1   30.4  41.9  14.9  68.4    0 Y11-D42-RSG25
 11.1 PF1  20    0  CRO  69.2  27.8   3.0  93.8  76.9  12.6  32.6  70.1  14.7  15.1   7.3  86.1   28.3  41.9  14.9  68.4    0 Y11-D48-RSG31
 11.1 PF1  20    0  CRO  69.2  27.8   3.0  93.8  76.9  12.6  33.6  70.1  14.7  15.1   7.3  86.1   28.3  41.9  14.9  68.4    0 Y11-D50-RSG33
 11.1 PF1  20    0  CRO  69.2  27.8   3.0  93.8  76.9  12.6  33.6  70.1  14.7  15.1   7.3  86.1   28.3  41.9  15.9  68.4    0 Y11-D51-RSG34
 11.1 PF1  20    0  CRO  69.2  27.8   3.0  93.8  77.9  12.6  33.6  70.1  14.7  15.1   7.3  86.1   28.3  41.9  15.9  66.5    0 Y11-D55-RSG38
 11.1 PF1  20    0  CRO  69.2  27.8   3.0  93.8  77.9  12.6  33.6  70.1  15.2  15.1   7.3  86.1   28.3  41.9  17.0  66.5    0 Y11-D58-RSG41
 11.1 PF1  20    0  CRO  69.2  27.8   3.0  91.2  77.9  12.6  33.6  70.1  15.2  15.1   7.3  86.1   28.3  41.9  17.0  66.5    6 Y11-D60-RSG43
 11.1 PF1  20    0  CRO  69.2  27.8   3.0  91.2  77.9  12.6  33.6  70.1  15.2  15.1   7.3  86.1   28.3  41.9  17.0  66.5    5 Y11-D61-RSG44
 11.1 PF1  20    0  CRO  68.9  28.1   3.0  91.2  77.9  12.6  33.6  70.1  15.2  15.1   7.3  86.1   28.3  41.9  17.0  66.5    4 Y11-D62-RSG45
 11.1 PF1  20    0  CRO  68.9  28.1   3.0  91.2  77.9  12.6  33.6  70.1  15.2  15.1   7.3  86.1   28.3  41.9  17.0  66.5    3 Y11-D63-RSG46
 11.1 PF1  20    0  CRO  68.9  28.1   3.0  91.2  77.9  12.6  33.6  70.1  15.2  15.1   7.3  86.1   28.3  41.9  17.0  66.5    3 Y11-D64-RSG47
 11.1 PF1  20    0  CRO  68.9  28.1   3.0  91.2  77.9  12.6  33.6  70.1  15.2  15.1   7.3  86.1   28.3  41.9  17.0  66.5    2 Y11-D65-RSG48
 11.1 PF1  20    0  CRO  68.9  28.1   3.0  91.2  77.9  12.6  33.6  70.1  15.2  15.1   7.3  83.8   28.3  41.9  17.0  66.5    2 Y11-D66-RSG49
 11.1 PF1  20    0  CRO  68.9  28.1   3.0  91.2  77.9  12.6  33.6  70.1  15.2  15.1   7.3  83.8   28.3  41.9  17.0  66.5    1 Y11-D67-RSG50
 11.1 PF1  20    0  CRO  68.9  28.1   3.0  91.2  77.9  12.6  33.6  70.1  15.2  15.1   7.3  83.8   28.3  41.9  17.0  66.5    0 Y11-D68-RSG51
 11.1 PF1  20    0  CRO  69.1  27.9   3.0  91.2  77.9  12.6  33.6  70.1  15.2  15.1   7.3  83.8   28.3  41.9  17.0  66.5    0 Y11-D69-RSG52
 11.1 PF1  20    0  CRO  69.1  27.9   3.0  93.6  77.9  12.6  33.6  70.1  15.2  15.1   7.3  83.8   28.3  41.9  17.0  66.5    0 Y11-D70-RSG53
 11.1 PF1  20    0  CRO  69.1  27.9   3.0  93.6  77.9  12.6  34.6  70.1  15.2  15.1   7.3  83.8   28.3  41.9  17.0  66.5    0 Y11-D72-RSG55
 11.1 PF1  20    0  CRO  69.1  27.9   3.0  93.6  77.9  12.6  34.6  70.1  15.2  15.1   7.3  83.8   28.3  41.9  17.0  65.2    0 Y11-D73-RSG56
 11.1 PF1  20    0  CRO  69.1  27.9   3.0  93.6  78.9  12.6  34.6  70.1  15.2  15.1   7.3  84.8   27.3  41.9  17.0  65.2    0 Y11-D74-RSG57
 11.1 PF1  20    0  CRO  69.2  27.8   3.0  93.6  78.9  12.6  34.6  70.1  15.2  15.1   7.3  84.8   27.3  41.9  17.0  65.2    0 Y11-D79-RSG62
 11.1 PF1  20    0  CRO  69.2  27.8   3.0  93.6  78.9  12.6  34.6  70.1  15.2  15.1   7.3  84.8   27.3  41.9  17.0  64.2    0 Y11-D81-RSG64
 11.1 PF1  20    0  CRO  69.2  27.8   3.0  95.6  78.9  12.6  34.6  70.1  15.2  15.1   7.3  84.8   27.3  41.9  17.0  64.2    0 Y11-D82-RSG65
 11.1 PF1  20    0  CRO  69.2  27.8   3.0  95.6  78.9  12.6  34.6  71.4  16.3  15.1   7.3  84.8   27.3  41.9  17.0  64.2    0 Y11-D85-RSG68
 11.1 PF1  20    0  CRO  69.2  27.8   3.0  95.6  78.9  18.0  34.6  71.4  16.3  13.9   7.3  84.8   27.3  41.9  17.0  64.2    0 Y11-D87-RSG70
 11.1 PF1  20    0  CRO  69.2  27.8   3.0  95.6  78.9  18.0  34.6  71.4  16.3  13.9   7.3  84.8   27.3  41.9  17.0  64.2    0 Y11-D89-RSG72
 11.1 PF1  20    0  CRO  69.2  27.8   3.0  95.6  78.9  18.0  34.6  71.4  16.3  13.9   7.3  84.8   27.3  41.9  18.0  64.2    0 Y11-D90-RSG73
 11.1 PF1  20    0  CRO  69.2  27.8   3.0  95.6  78.9  18.0  34.6  71.4  16.3  13.9  11.8  84.8   27.3  41.9  18.0  64.2    0 Y11-D94-RSG77
