Draft Pos Age YPro Team InPro 2JPro 3PPro InEff 2JEff 3PEff  OReb  DReb  BDom PassR PassE InDef PerDef  InFR PerFR FTEff GInj Updated
 11.U PF2  21    0  DRA  52.1  25.2  22.7  56.9  71.6  86.0  23.7  75.3   9.2  23.5  13.1  21.8   39.8  40.5  37.9  93.3    0 Y11-D1-Draft
 11.U PF2  21    0   FA  52.1  25.2  22.7  56.9  71.6  86.0  23.7  75.3   9.2  23.5  13.1  21.8   40.8  40.5  37.9  93.3    0 Y11-D20-RSG3
 11.U PF2  21    0   FA  52.1  25.2  22.7  56.9  71.6  87.0  23.7  75.3   9.2  23.5  13.1  21.8   40.8  40.5  37.9  93.3    0 Y11-D28-RSG11
 11.U PF2  21    0   FA  52.1  25.2  22.7  56.9  71.6  87.0  23.7  75.3   9.2  23.5  13.1  21.8   39.8  40.5  37.9  93.3    0 Y11-D29-RSG12
 11.U PF2  21    0   FA  52.1  25.2  22.7  56.9  71.6  87.0  23.7  75.3   9.2  23.5  13.1  21.8   39.8  40.5  38.9  93.3    0 Y11-D32-RSG15
 11.U PF2  21    0   FA  52.1  25.2  22.7  56.9  71.6  87.0  23.7  75.3   9.2  23.5  13.1  21.8   39.8  40.5  37.3  93.3    0 Y11-D33-RSG16
 11.U PF2  21    0   FA  51.6  25.5  22.9  56.9  71.6  87.0  23.7  75.3   9.2  23.5  13.1  21.8   39.8  40.5  37.3  93.3    0 Y11-D40-RSG23
 11.U PF2  21    0   FA  52.1  25.7  22.2  56.9  71.6  87.0  23.7  75.3   9.2  23.5  13.1  21.8   39.8  40.5  37.3  93.3    0 Y11-D41-RSG24
 11.U PF2  21    0   FA  52.6  25.0  22.4  56.9  71.6  87.0  23.7  75.3   9.2  23.5  13.1  21.8   42.5  40.5  37.3  93.3    0 Y11-D43-RSG26
 11.U PF2  21    0   FA  53.1  24.7  22.2  56.9  71.6  87.0  23.7  75.3   9.2  23.5  13.1  21.8   42.5  40.5  37.3  94.3    0 Y11-D44-RSG27
 11.U PF2  21    0   FA  53.1  24.7  22.2  56.9  71.6  87.0  23.7  75.3   9.2  23.5  13.1  21.8   42.5  42.3  37.3  94.3    0 Y11-D45-RSG28
 11.U PF2  21    0   FA  53.1  24.7  22.2  56.9  70.6  88.0  23.7  75.3   9.2  23.5  13.1  21.8   42.5  42.3  37.3  92.9    0 Y11-D47-RSG30
 11.U PF2  21    0   FA  53.1  24.7  22.2  56.9  70.6  88.0  23.7  75.3   9.2  24.7  13.1  21.8   42.5  43.6  37.3  92.9    0 Y11-D55-RSG38
 11.U PF2  21    0   FA  53.1  24.7  22.2  56.9  70.6  88.0  23.7  75.3   9.2  24.7  16.2  21.8   42.5  43.6  37.3  92.9    0 Y11-D57-RSG40
 11.U PF2  21    0   FA  53.1  24.7  22.2  56.9  70.6  88.0  24.7  75.3   9.2  24.7  16.2  21.8   42.5  43.6  37.3  92.9    0 Y11-D60-RSG43
 11.U PF2  21    0   FA  53.1  24.7  22.2  58.5  67.8  88.0  22.9  75.3   9.2  24.7  16.2  21.8   42.5  43.6  37.3  92.9    0 Y11-D63-RSG46
 11.U PF2  21    0   FA  53.1  24.7  22.2  58.5  67.8  88.0  22.9  75.3   9.2  24.7  16.2  26.3   42.5  43.6  37.3  92.9    0 Y11-D69-RSG52
 11.U PF2  21    0   FA  53.1  24.7  22.2  58.5  67.8  88.0  22.9  75.3   9.2  24.7  16.2  26.3   42.5  46.0  37.3  92.9    0 Y11-D70-RSG53
 11.U PF2  21    0   FA  53.6  24.0  22.4  58.5  67.8  88.0  22.9  75.3   9.2  24.7  16.2  26.3   42.5  47.2  37.3  92.9    0 Y11-D72-RSG55
 11.U PF2  21    0   FA  53.6  24.0  22.4  58.5  67.8  88.0  22.9  75.3   9.2  24.7  16.2  26.3   42.5  47.2  37.3  93.9    0 Y11-D73-RSG56
 11.U PF2  21    0   FA  53.6  24.0  22.4  61.3  67.8  88.0  22.9  75.3   9.2  24.7  16.2  26.3   42.5  47.2  37.3  93.9    0 Y11-D74-RSG57
 11.U PF2  21    0   FA  53.6  24.0  22.4  61.3  67.8  88.0  22.9  76.6   9.2  24.7  16.2  26.3   42.5  47.2  37.3  93.9    0 Y11-D77-RSG60
 11.U PF2  21    0   FA  53.6  24.0  22.4  61.3  70.5  88.0  22.9  76.6   9.2  24.7  16.2  26.3   42.5  47.2  37.3  93.9    0 Y11-D79-RSG62
 11.U PF2  21    0   FA  53.6  24.0  22.4  61.3  70.5  88.0  22.9  76.6   9.2  24.7  18.3  26.3   42.5  47.2  37.3  93.9    0 Y11-D81-RSG64
 11.U PF2  21    0   FA  53.6  24.0  22.4  61.3  72.6  89.0  22.9  76.6   9.2  24.7  18.3  26.3   42.5  47.2  37.3  93.9    0 Y11-D82-RSG65
 11.U PF2  21    0   FA  53.6  24.0  22.4  61.3  72.6  88.0  22.9  76.6   9.2  24.7  18.3  26.3   42.5  47.2  37.3  93.9    0 Y11-D84-RSG67
 11.U PF2  21    0   FA  54.0  23.5  22.5  61.3  72.6  88.0  22.9  76.6   9.2  24.7  18.3  26.3   42.5  47.2  37.3  93.9    0 Y11-D85-RSG68
 11.U PF2  21    0   FA  54.0  23.5  22.5  61.3  72.6  88.0  22.9  75.6   9.2  24.7  18.3  26.3   42.5  47.2  37.3  93.9    0 Y11-D93-RSG76
 11.U PF2  21    0   FA  54.5  23.7  21.8  61.3  72.6  88.0  22.9  75.6   9.2  24.7  18.3  26.3   42.5  47.2  37.3  93.9    0 Y11-D94-RSG77
 11.U PF2  21    0   FA  54.5  23.7  21.8  61.3  72.6  88.0  22.9  75.6   9.2  23.0  18.3  26.3   42.5  47.2  37.3  93.9    0 Y11-D96-RSG79
