Draft Pos Age YPro Team InPro 2JPro 3PPro InEff 2JEff 3PEff  OReb  DReb  BDom PassR PassE InDef PerDef  InFR PerFR FTEff GInj Updated
 11.U SF2  21    0  DRA  25.9  33.3  40.8  65.7  88.1  62.2  19.5  58.2  18.0  45.8  10.1  31.1   78.9  30.5  57.1  79.8    0 Y11-D1-Draft
 11.U SF2  21    0   FA  26.0  33.4  40.6  65.7  88.1  62.2  19.5  58.2  18.0  45.8  10.1  31.1   78.9  30.5  57.1  79.8    0 Y11-D18-RSG1
 11.U SF2  21    0   FA  26.1  33.4  40.5  65.7  88.1  62.2  19.5  58.2  18.0  45.8  10.1  31.1   78.9  30.5  57.1  79.8    0 Y11-D23-RSG6
 11.U SF2  21    0   FA  26.6  34.2  39.2  65.7  88.1  62.2  19.5  58.2  18.0  45.8  10.1  31.1   78.9  30.5  57.1  79.8    0 Y11-D27-RSG10
 11.U SF2  21    0   FA  26.6  34.2  39.2  65.7  88.1  62.2  19.5  58.2  18.0  45.8  10.1  31.1   78.9  30.5  57.1  79.8  120 Y11-D35-RSG18
 11.U SF2  21    0   FA  26.6  34.2  39.2  65.7  88.1  62.2  19.5  58.2  18.0  45.8  10.1  31.1   78.9  30.5  57.1  79.8  119 Y11-D36-RSG19
 11.U SF2  21    0   FA  26.6  34.2  39.2  65.7  88.1  62.2  19.5  58.2  18.0  45.8  10.1  31.1   78.9  30.5  57.1  79.8  118 Y11-D37-RSG20
 11.U SF2  21    0   FA  26.6  34.2  39.2  65.7  88.1  62.2  19.5  58.2  18.0  45.8  10.1  31.1   78.9  30.5  57.1  79.8  118 Y11-D38-RSG21
 11.U SF2  21    0   FA  26.6  34.2  39.2  65.7  88.1  62.2  19.5  58.2  18.0  45.8  10.1  31.1   78.9  30.5  57.1  79.8  118 Y11-D39-RSG22
 11.U SF2  21    0   FA  26.6  34.2  39.2  65.7  88.1  62.2  19.5  58.2  18.0  45.8  10.1  31.1   78.9  30.5  57.1  79.8  117 Y11-D40-RSG23
 11.U SF2  21    0   FA  26.6  34.2  39.2  65.7  88.1  62.2  19.5  58.2  18.0  45.8  10.1  31.1   78.9  30.5  57.1  79.8  117 Y11-D41-RSG24
 11.U SF2  21    0   FA  26.6  34.2  39.2  65.7  88.1  62.2  19.5  58.2  18.0  45.8  10.1  31.1   78.9  30.5  57.1  79.8  117 Y11-D42-RSG25
 11.U SF2  21    0   FA  26.6  34.2  39.2  65.7  88.1  62.2  19.5  58.2  18.0  45.8  10.1  31.1   78.9  30.5  57.1  79.8  116 Y11-D43-RSG26
 11.U SF2  21    0   FA  26.6  34.2  39.2  65.7  88.1  62.2  19.5  58.2  18.0  45.8  10.1  31.1   78.9  30.5  57.1  79.8  114 Y11-D44-RSG27
 11.U SF2  21    0   FA  26.6  34.2  39.2  65.7  88.1  62.2  19.5  58.2  18.0  45.8  10.1  31.1   78.9  30.5  57.1  79.8  113 Y11-D45-RSG28
 11.U SF2  21    0   FA  26.6  34.2  39.2  65.7  88.1  62.2  19.5  56.0  18.0  45.8  10.1  31.1   78.9  30.5  57.1  79.8  112 Y11-D46-RSG29
 11.U SF2  21    0   FA  26.6  34.2  39.2  65.7  88.1  62.2  19.5  56.0  18.0  45.8  10.1  31.1   78.9  30.5  57.1  79.8  110 Y11-D47-RSG30
 11.U SF2  21    0   FA  26.6  34.2  39.2  65.7  88.1  62.2  19.5  56.0  18.0  45.8  10.1  31.1   78.9  30.5  57.1  79.8  110 Y11-D48-RSG31
 11.U SF2  21    0   FA  26.6  34.2  39.2  65.7  88.1  62.2  19.5  56.0  18.0  45.8  10.1  30.1   78.9  30.5  57.1  79.8  109 Y11-D49-RSG32
 11.U SF2  21    0   FA  26.6  34.2  39.2  65.7  88.1  62.2  19.5  56.0  18.0  45.8  10.1  30.1   78.9  30.5  57.1  79.8  108 Y11-D50-RSG33
 11.U SF2  21    0   FA  26.6  34.2  39.2  65.7  88.1  62.2  19.5  56.0  18.0  45.8  10.1  30.1   78.9  30.5  57.1  79.8  108 Y11-D51-RSG34
 11.U SF2  21    0   FA  26.6  34.2  39.2  65.7  88.1  62.2  19.5  56.0  18.0  45.8  10.1  30.1   78.9  30.5  57.1  79.8  106 Y11-D52-RSG35
 11.U SF2  21    0   FA  26.6  34.2  39.2  65.7  88.1  62.2  19.5  56.0  18.0  45.8  10.1  30.1   78.9  30.5  57.1  79.8  104 Y11-D53-RSG36
 11.U SF2  21    0   FA  26.6  34.2  39.2  65.7  88.1  62.2  19.5  56.0  18.0  45.8  10.1  30.1   78.9  30.5  57.1  79.8  102 Y11-D54-RSG37
 11.U SF2  21    0   FA  26.6  34.2  39.2  65.7  88.1  62.2  19.5  56.0  18.0  45.8  10.1  30.1   78.9  30.5  57.1  79.8  101 Y11-D55-RSG38
 11.U SF2  21    0   FA  26.6  34.2  39.2  65.7  88.1  62.2  19.5  56.0  18.0  45.8  10.1  30.1   78.9  30.5  57.1  79.8  101 Y11-D56-RSG39
 11.U SF2  21    0   FA  26.6  34.2  39.2  65.7  88.1  62.2  19.5  56.0  18.0  45.8  10.1  30.1   78.9  30.5  57.1  79.8  100 Y11-D57-RSG40
 11.U SF2  21    0   FA  26.6  34.2  39.2  65.7  88.1  62.2  19.5  56.0  18.0  45.8  10.1  30.1   78.9  30.5  57.1  79.8   98 Y11-D58-RSG41
 11.U SF2  21    0   FA  26.6  34.2  39.2  65.7  88.1  62.2  19.5  56.0  18.0  45.8  10.1  30.1   78.9  30.5  57.1  79.8   97 Y11-D59-RSG42
 11.U SF2  21    0   FA  26.6  34.2  39.2  65.7  88.1  62.2  19.5  56.0  18.0  45.8  10.1  30.1   78.9  30.5  57.1  79.8   96 Y11-D60-RSG43
 11.U SF2  21    0   FA  26.6  34.2  39.2  65.7  88.1  62.2  19.5  56.0  18.0  45.8  10.1  30.1   78.9  30.5  57.1  79.8   94 Y11-D61-RSG44
 11.U SF2  21    0   FA  26.6  34.2  39.2  65.7  88.1  62.2  19.5  56.0  18.0  45.8  10.1  30.1   78.9  30.5  57.1  79.8   92 Y11-D62-RSG45
 11.U SF2  21    0   FA  26.6  34.2  39.2  65.7  88.1  62.2  19.5  56.0  18.0  45.8  10.1  30.1   78.9  30.5  57.1  79.8   90 Y11-D63-RSG46
 11.U SF2  21    0   FA  26.6  34.2  39.2  65.7  88.1  62.2  19.5  56.0  18.0  45.8  10.1  30.1   78.9  30.5  57.1  79.8   88 Y11-D64-RSG47
 11.U SF2  21    0   FA  26.6  34.2  39.2  65.7  88.1  62.2  19.5  56.0  18.0  45.8  10.1  30.1   78.9  30.5  57.1  79.8   86 Y11-D65-RSG48
 11.U SF2  21    0   FA  26.6  34.2  39.2  65.7  88.1  62.2  19.5  56.0  18.0  45.8  10.1  30.1   78.9  30.5  57.1  79.8   85 Y11-D66-RSG49
 11.U SF2  21    0   FA  26.6  34.2  39.2  65.7  88.1  62.2  19.5  56.0  18.0  45.8  10.1  30.1   78.9  30.5  57.1  79.8   84 Y11-D67-RSG50
 11.U SF2  21    0   FA  26.6  34.2  39.2  65.7  88.1  62.2  19.5  56.0  18.0  45.8   9.1  30.1   78.9  30.5  57.1  79.8   83 Y11-D68-RSG51
 11.U SF2  21    0   FA  26.6  34.2  39.2  65.7  88.1  62.2  19.5  56.0  18.0  45.8   9.1  30.1   78.9  30.5  57.1  79.8   82 Y11-D69-RSG52
 11.U SF2  21    0   FA  26.6  34.2  39.2  65.7  88.1  62.2  19.5  56.0  18.0  45.8   9.1  30.1   78.9  30.5  57.1  79.8   82 Y11-D70-RSG53
 11.U SF2  21    0   FA  26.6  34.2  39.2  65.7  88.1  62.2  19.5  56.0  18.0  45.8   9.1  30.1   78.9  30.5  57.1  79.8   82 Y11-D71-RSG54
 11.U SF2  21    0   FA  26.8  34.1  39.1  64.2  88.1  62.2  19.5  56.0  18.0  45.8   9.1  30.1   78.9  30.5  57.1  79.8   81 Y11-D72-RSG55
 11.U SF2  21    0   FA  26.8  34.1  39.1  64.2  88.1  62.2  19.5  56.0  18.0  45.8   9.1  30.1   78.9  30.5  57.1  79.8   81 Y11-D73-RSG56
 11.U SF2  21    0   FA  26.8  34.1  39.1  64.2  88.1  62.2  19.5  56.0  18.0  45.8   9.1  30.1   78.9  30.5  57.1  79.8   80 Y11-D74-RSG57
 11.U SF2  21    0   FA  26.8  34.1  39.1  64.2  88.1  62.2  19.5  56.0  18.0  45.8   9.1  30.1   78.9  30.5  57.1  79.8   78 Y11-D75-RSG58
 11.U SF2  21    0   FA  26.8  34.1  39.1  64.2  88.1  62.2  19.5  56.0  18.0  45.8   9.1  30.1   78.9  30.5  57.1  79.8   76 Y11-D76-RSG59
 11.U SF2  21    0   FA  26.8  34.1  39.1  64.2  88.1  62.2  19.5  56.0  18.0  45.8   9.1  30.1   78.9  30.5  57.1  79.8   76 Y11-D77-RSG60
 11.U SF2  21    0   FA  26.8  34.1  39.1  64.2  88.1  62.2  19.5  56.0  18.0  45.8   9.1  30.1   78.9  30.5  57.1  79.8   74 Y11-D78-RSG61
 11.U SF2  21    0   FA  26.8  34.1  39.1  64.2  88.1  62.2  19.5  56.0  18.0  45.8   7.7  30.1   78.9  30.5  57.1  79.8   73 Y11-D79-RSG62
 11.U SF2  21    0   FA  26.8  34.1  39.1  64.2  88.1  62.2  19.5  56.0  18.0  45.8   7.7  30.1   78.9  30.5  57.1  79.8   71 Y11-D80-RSG63
 11.U SF2  21    0   FA  26.8  34.1  39.1  64.2  88.1  62.2  19.5  56.0  18.0  45.8   7.7  30.1   78.9  30.5  57.1  79.8   70 Y11-D81-RSG64
 11.U SF2  21    0   FA  26.8  34.1  39.1  62.5  88.1  62.2  19.5  56.0  18.0  45.8   7.7  30.1   78.9  30.5  57.1  79.8   69 Y11-D82-RSG65
 11.U SF2  21    0   FA  26.8  34.1  39.1  62.5  88.1  62.2  19.5  56.0  18.0  45.8   7.7  30.1   78.9  30.5  57.1  79.8   69 Y11-D83-RSG66
 11.U SF2  21    0   FA  26.8  34.1  39.1  62.5  88.1  62.2  19.5  56.0  18.0  45.8   7.7  30.1   78.9  30.5  57.1  79.8   68 Y11-D84-RSG67
 11.U SF2  21    0   FA  27.2  33.0  39.8  62.5  88.1  62.2  19.5  56.0  18.0  45.8   7.7  30.1   78.9  30.5  57.1  79.8   67 Y11-D85-RSG68
 11.U SF2  21    0   FA  27.2  33.0  39.8  62.5  88.1  62.2  19.5  56.0  18.0  45.8   7.7  30.1   78.9  30.5  57.1  79.8   67 Y11-D86-RSG69
 11.U SF2  21    0   FA  27.2  33.0  39.8  62.5  88.1  62.2  19.5  56.0  18.0  45.8   7.7  30.1   78.9  30.5  57.1  79.8   66 Y11-D87-RSG70
 11.U SF2  21    0   FA  27.2  33.0  39.8  62.5  88.1  62.2  19.5  56.0  18.0  45.8   7.7  30.1   78.9  30.5  57.1  79.8   65 Y11-D88-RSG71
 11.U SF2  21    0   FA  27.2  33.0  39.8  62.5  88.1  62.2  19.5  56.0  18.0  45.8   7.7  30.1   78.9  30.5  57.1  79.8   64 Y11-D89-RSG72
 11.U SF2  21    0   FA  27.2  33.0  39.8  62.5  88.1  62.2  19.5  56.0  18.0  45.8   7.7  30.1   78.9  30.5  57.1  79.8   62 Y11-D90-RSG73
 11.U SF2  21    0   FA  27.2  33.0  39.8  62.5  88.1  62.2  19.5  56.0  18.0  45.8   7.7  30.1   78.9  30.5  57.1  79.8   62 Y11-D91-RSG74
 11.U SF2  21    0   FA  27.2  33.0  39.8  62.5  88.1  62.2  19.5  56.0  18.0  45.8   7.7  30.1   78.9  30.5  57.1  79.8   61 Y11-D92-RSG75
 11.U SF2  21    0   FA  27.2  33.0  39.8  62.5  88.1  62.2  19.5  56.0  18.0  45.8   7.7  30.1   78.9  30.5  57.1  79.8   60 Y11-D93-RSG76
 11.U SF2  21    0   FA  27.2  33.0  39.8  62.5  88.1  60.1  19.5  56.0  18.0  45.8   7.7  30.1   78.9  30.5  57.1  79.8   59 Y11-D94-RSG77
 11.U SF2  21    0   FA  27.2  33.0  39.8  62.5  88.1  60.1  19.5  56.0  18.0  45.8   7.7  30.1   78.9  30.5  56.1  79.8   57 Y11-D95-RSG78
 11.U SF2  21    0   FA  27.2  33.0  39.8  62.5  88.1  60.1  19.5  56.0  18.0  45.8   7.7  30.1   78.9  30.5  56.1  79.8   56 Y11-D96-RSG79
