Draft Pos Age YPro Team InPro 2JPro 3PPro InEff 2JEff 3PEff  OReb  DReb  BDom PassR PassE InDef PerDef  InFR PerFR FTEff GInj Updated
 11.U SG1  18    0  DRA  35.4  36.3  28.3  84.3  70.2  47.6  14.8  47.8  22.4  52.3  49.4  36.5   89.5  33.5  37.3  74.9    0 Y11-D1-Draft
 11.8 SG1  18    0  KEN  35.4  36.3  28.3  84.3  70.2  47.6  14.8  45.4  20.0  52.3  49.4  36.5   89.5  33.5  37.3  74.9    0 Y11-D18-RSG1
 11.8 SG1  18    0  KEN  35.4  36.3  28.3  84.3  70.2  47.6  14.8  46.4  20.0  52.3  49.4  36.5   89.5  33.5  37.3  74.9    0 Y11-D19-RSG2
 11.8 SG1  18    0  KEN  36.3  34.7  29.0  84.3  70.2  47.6  14.8  46.4  20.0  52.3  49.4  36.5   89.5  33.5  37.3  74.9    0 Y11-D21-RSG4
 11.8 SG1  18    0  KEN  36.3  34.7  29.0  84.3  70.2  47.6  14.8  46.4  20.0  49.5  49.4  36.5   89.5  33.5  37.3  74.9    0 Y11-D33-RSG16
 11.8 SG1  18    0  KEN  36.3  34.7  29.0  84.3  70.2  47.6  14.8  46.4  20.0  49.5  50.4  36.5   89.5  33.5  37.3  74.9    0 Y11-D34-RSG17
 11.8 SG1  18    0  KEN  36.3  34.7  29.0  84.3  70.2  47.6  14.8  46.4  20.0  49.5  50.4  36.5   89.5  33.5  37.3  74.9    0 Y11-D35-RSG18
 11.8 SG1  18    0  KEN  35.6  35.1  29.3  84.3  70.2  47.6  14.8  46.4  20.0  49.5  54.7  36.5   89.5  33.5  37.3  74.9    0 Y11-D37-RSG20
 11.8 SG1  18    0  KEN  35.6  35.1  29.3  82.4  70.2  47.6  14.8  46.4  20.0  49.5  53.7  36.5   89.5  33.5  37.3  74.9    0 Y11-D39-RSG22
 11.8 SG1  18    0  KEN  35.0  35.4  29.6  81.4  70.2  47.6  14.8  46.4  20.0  49.5  53.7  36.5   89.5  33.5  37.3  74.9    0 Y11-D41-RSG24
 11.8 SG1  18    0  KEN  34.9  35.3  29.8  81.4  70.2  47.6  14.8  47.4  20.0  49.5  53.7  36.5   89.5  33.5  37.3  74.9    0 Y11-D44-RSG27
 11.8 SG1  18    0  KEN  34.9  35.3  29.8  81.4  70.2  46.6  14.8  47.4  20.0  49.5  53.7  36.5   89.5  33.5  38.3  74.9    0 Y11-D49-RSG32
 11.8 SG1  18    0  KEN  34.9  35.3  29.8  81.4  70.2  46.6  14.8  47.4  19.5  49.5  53.7  36.5   89.5  33.5  38.3  74.9    0 Y11-D52-RSG35
 11.8 SG1  18    0  KEN  34.9  35.3  29.8  81.4  70.2  46.6  14.8  47.4  19.5  49.5  53.7  36.5   89.5  31.5  38.3  74.9    0 Y11-D56-RSG39
 11.8 SG1  18    0  KEN  34.3  36.4  29.3  81.4  70.2  46.6  14.8  47.4  19.5  49.5  53.7  36.5   89.5  31.5  38.3  74.9    0 Y11-D57-RSG40
 11.8 SG1  18    0  KEN  34.3  36.4  29.3  81.4  67.9  46.6  14.8  47.4  19.5  49.5  53.7  36.5   89.5  31.5  38.3  74.9    0 Y11-D58-RSG41
 11.8 SG1  18    0  KEN  34.3  36.4  29.3  81.4  67.9  46.6  14.8  47.4  19.5  49.5  53.7  36.5   89.5  31.5  39.8  74.9    0 Y11-D59-RSG42
 11.8 SG1  18    0  KEN  34.5  36.7  28.8  81.4  67.9  46.6  14.8  47.4  19.5  49.5  53.7  36.5   86.9  31.5  39.8  74.9    0 Y11-D63-RSG46
 11.8 SG1  18    0  KEN  34.5  36.7  28.8  81.4  67.9  46.6  14.8  47.4  19.5  49.5  53.7  36.5   86.9  31.5  39.8  75.9    0 Y11-D64-RSG47
 11.8 SG1  18    0  KEN  34.5  36.7  28.8  81.4  67.9  46.6  15.9  47.4  19.5  49.5  53.7  36.5   86.9  31.5  40.8  75.9    0 Y11-D65-RSG48
 11.8 SG1  18    0  KEN  34.2  38.0  27.8  81.4  67.9  46.6  15.9  47.4  19.5  48.8  53.7  36.5   86.9  31.5  40.8  75.9    0 Y11-D67-RSG50
 11.8 SG1  18    0  KEN  34.2  38.0  27.8  81.4  67.9  46.6  16.9  47.4  19.5  48.8  53.7  36.5   86.9  31.5  40.8  75.9    0 Y11-D70-RSG53
 11.8 SG1  18    0  KEN  34.6  37.3  28.1  81.4  67.9  46.6  16.9  47.4  19.5  48.8  53.7  36.5   86.9  31.5  40.8  75.9    0 Y11-D71-RSG54
 11.8 SG1  18    0  KEN  34.6  37.3  28.1  81.4  67.9  46.6  16.9  47.4  19.5  48.8  57.6  36.5   86.9  31.5  40.8  75.9    0 Y11-D72-RSG55
 11.8 SG1  18    0  KEN  34.6  37.3  28.1  81.4  68.9  46.6  16.9  47.4  19.5  48.8  57.6  36.5   86.9  31.5  40.8  75.9    0 Y11-D73-RSG56
 11.8 SG1  18    0  KEN  34.6  37.3  28.1  81.4  67.8  46.6  15.3  47.4  19.5  48.8  57.6  36.5   86.9  31.5  40.8  75.9    0 Y11-D79-RSG62
 11.8 SG1  18    0  KEN  34.6  37.3  28.1  81.4  67.8  46.6  15.3  47.4  19.5  48.8  57.6  37.7   86.9  31.5  40.8  75.9    0 Y11-D80-RSG63
 11.8 SG1  18    0  KEN  33.9  37.7  28.4  81.4  67.8  46.6  15.3  47.4  19.5  48.8  57.6  37.7   86.9  31.5  40.8  75.9    0 Y11-D82-RSG65
 11.8 SG1  18    0  KEN  33.9  37.7  28.4  81.4  67.8  46.6  15.3  47.4  19.5  48.8  60.0  37.7   86.9  31.5  40.8  75.9    0 Y11-D83-RSG66
 11.8 SG1  18    0  KEN  33.9  37.7  28.4  81.4  67.8  46.6  16.4  47.4  19.5  48.8  60.0  39.5   86.9  31.5  40.8  75.9    0 Y11-D84-RSG67
 11.8 SG1  18    0  KEN  34.6  37.3  28.1  81.4  67.8  46.6  16.4  47.4  19.5  48.8  60.0  39.5   86.9  31.5  40.8  75.9    0 Y11-D89-RSG72
