Draft Pos Age YPro Team InPro 2JPro 3PPro InEff 2JEff 3PEff  OReb  DReb  BDom PassR PassE InDef PerDef  InFR PerFR FTEff GInj Updated
 11.U SG2  19    0  DRA  15.3  46.6  38.1  65.6  68.7  86.8  10.4  26.8  32.1  24.1  48.3  20.1   77.2  35.9  46.2  82.3    0 Y11-D1-Draft
 11.U SG2  19    0   FA  15.3  46.6  38.1  65.6  68.7  86.8  10.4  26.8  32.1  24.1  48.3  20.1   77.2  37.4  46.2  82.3    0 Y11-D31-RSG14
 11.U SG2  19    0   FA  15.3  46.6  38.1  65.6  68.7  86.8  10.4  26.8  32.1  24.1  48.3  20.1   77.2  37.4  46.2  81.3    0 Y11-D33-RSG16
 11.U SG2  19    0   FA  15.3  46.6  38.1  65.6  68.7  86.8  10.4  26.8  32.1  24.1  46.5  20.1   77.2  37.4  46.2  81.3    0 Y11-D35-RSG18
 11.U SG2  19    0   FA  15.3  46.6  38.1  65.6  69.7  86.8  10.4  26.8  32.1  24.1  46.5  20.1   77.2  37.4  46.2  81.3    0 Y11-D36-RSG19
 11.U SG2  19    0   FA  15.3  46.6  38.1  65.6  69.7  85.8  10.4  26.8  32.1  24.1  46.5  20.1   77.2  37.4  46.2  81.3    0 Y11-D37-RSG20
 11.U SG2  19    0   FA  15.5  46.1  38.4  65.6  69.7  85.8  10.4  26.8  32.1  24.1  46.5  20.1   77.2  37.4  46.2  81.3    0 Y11-D39-RSG22
 11.U SG2  19    0   FA  15.5  46.1  38.4  64.6  69.7  85.8  10.4  26.8  32.1  24.1  46.5  20.1   77.2  37.4  46.2  81.3    0 Y11-D43-RSG26
 11.U SG2  19    0   FA  16.0  45.8  38.2  64.6  69.7  85.8  10.4  26.8  32.1  24.1  46.5  20.1   77.2  37.4  46.2  81.3    0 Y11-D46-RSG29
 11.U SG2  19    0   FA  16.0  45.8  38.2  64.6  69.7  85.8  10.4  26.8  32.1  24.1  46.5  20.1   77.2  37.4  46.2  78.3    0 Y11-D49-RSG32
 11.U SG2  19    0   FA  16.0  45.8  38.2  64.6  69.7  85.8   8.7  26.8  32.1  24.1  46.5  20.1   77.2  37.4  46.2  78.3    0 Y11-D51-RSG34
 11.U SG2  19    0   FA  16.0  45.8  38.2  64.6  69.7  85.8   8.7  26.8  32.1  24.1  46.5  22.4   77.2  37.4  46.2  78.3    0 Y11-D54-RSG37
 11.U SG2  19    0   FA  16.0  45.8  38.2  64.6  72.4  85.8   8.7  26.8  32.1  24.1  46.5  22.4   77.2  37.4  46.2  78.3    0 Y11-D56-RSG39
 11.U SG2  19    0   FA  16.0  45.8  38.2  64.6  72.4  85.8   8.7  26.8  32.1  24.1  46.5  22.4   77.2  37.4  47.2  78.3    0 Y11-D59-RSG42
 11.U SG2  19    0   FA  16.0  45.8  38.2  64.6  72.4  85.8   6.8  26.8  32.1  24.1  46.5  22.4   77.2  37.4  47.2  78.3    0 Y11-D66-RSG49
 11.U SG2  19    0   FA  17.1  45.2  37.7  64.6  72.4  85.8   6.8  26.8  32.1  24.1  46.5  22.4   77.2  37.4  47.2  78.3    0 Y11-D67-RSG50
 11.U SG2  19    0   FA  17.1  45.2  37.7  64.6  72.4  85.8   6.8  26.8  32.1  24.1  46.5  22.4   77.2  38.4  47.2  78.3    0 Y11-D70-RSG53
 11.U SG2  19    0   FA  17.1  45.2  37.7  63.6  72.4  85.8   6.8  26.8  32.1  24.1  46.5  22.4   77.2  38.4  47.2  78.3    0 Y11-D81-RSG64
 11.U SG2  19    0   FA  17.1  45.2  37.7  63.6  72.4  85.8   6.8  26.8  32.1  24.1  46.5  22.4   77.2  39.4  47.2  78.3    0 Y11-D89-RSG72
 11.U SG2  19    0   FA  17.1  45.2  37.7  63.6  72.4  85.8   6.8  26.8  30.7  24.1  46.5  22.4   77.2  39.4  47.2  78.3    0 Y11-D90-RSG73
