Draft Pos Age YPro Team InPro 2JPro 3PPro InEff 2JEff 3PEff  OReb  DReb  BDom PassR PassE InDef PerDef  InFR PerFR FTEff GInj Updated
 11.U PG1  21    0  DRA  32.2  31.6  36.2  69.7  60.8  92.3   6.5  21.2  69.7  64.6  78.7  17.2   98.0  25.2  41.1  88.9    0 Y11-D1-Draft
 11.U PG1  21    0   FA  32.0  32.1  35.9  67.0  60.8  92.3   6.5  21.2  69.7  64.6  78.7  17.2   98.0  25.2  41.1  88.9    0 Y11-D22-RSG5
 11.U PG1  21    0   FA  32.0  32.1  35.9  67.0  60.8  92.3   6.5  21.2  70.1  64.6  78.7  17.2   98.0  25.2  41.1  88.9    0 Y11-D31-RSG14
 11.U PG1  21    0   FA  32.0  32.1  35.9  66.0  60.8  92.3   6.5  21.2  70.1  64.6  78.7  17.2   98.0  25.2  41.1  88.9    0 Y11-D45-RSG28
 11.U PG1  21    0   FA  32.0  32.1  35.9  66.0  60.8  92.3   5.5  21.2  70.1  64.6  78.7  17.2   98.0  25.2  41.1  88.9    0 Y11-D49-RSG32
 11.U PG1  21    0   FA  32.0  32.1  35.9  67.0  60.8  92.3   5.5  21.2  70.1  64.6  78.7  17.2   98.0  25.2  41.1  88.9    0 Y11-D50-RSG33
 11.U PG1  21    0   FA  32.0  32.1  35.9  67.0  60.8  92.3   5.5  21.2  70.1  64.6  78.7  14.3   98.0  25.2  41.1  88.9    0 Y11-D51-RSG34
 11.U PG1  21    0   FA  31.8  31.9  36.3  67.0  60.8  92.3   5.5  21.2  70.1  64.6  78.7  14.3   98.0  25.2  42.1  88.9    0 Y11-D58-RSG41
 11.U PG1  21    0   FA  31.1  33.4  35.5  67.0  60.8  92.3   6.5  21.2  70.1  64.6  78.7  14.3   98.0  25.2  42.1  88.9    0 Y11-D63-RSG46
 11.U PG1  21    0   FA  32.5  32.7  34.8  67.0  60.8  92.3   6.5  21.2  70.1  64.6  78.7  14.3   98.0  25.2  42.1  88.9    0 Y11-D67-RSG50
 11.U PG1  21    0   FA  32.2  32.4  35.4  67.0  60.8  92.3   6.5  21.2  70.1  64.6  78.7  14.3   98.0  25.2  42.1  88.9    0 Y11-D70-RSG53
 11.U PG1  21    0   FA  32.5  32.7  34.8  67.0  60.8  92.3   6.5  21.2  70.1  64.6  78.7  14.3   98.0  25.2  42.1  88.9    0 Y11-D71-RSG54
 11.U PG1  21    0   FA  32.0  33.7  34.3  67.0  60.8  92.3   6.5  21.2  70.1  64.6  78.7  14.3   98.0  25.2  42.1  88.9    0 Y11-D79-RSG62
 11.U PG1  21    0   FA  32.0  33.7  34.3  70.0  60.8  92.3   6.5  21.2  70.1  64.6  78.7  14.3   99.0  25.2  42.1  88.9    0 Y11-D90-RSG73
 11.U PG1  21    0   FA  32.0  33.7  34.3  70.0  60.8  90.8   6.5  21.2  70.1  64.6  78.7  14.3   99.0  25.2  42.1  88.9    0 Y11-D92-RSG75
