Year:11 Game:8 Type:RS RAY@KEN
Rays CTime FGM FGA 2PM 2PA 3PM 3PA FTM FTA PBM PBA InM InA 2JM 2JA OR DF TR Ast FC FD Pts InP 2CP +/- TPF TPA Tchs Pass IFC PFC IFD PFD
STARTERS
 Gc7  2225  10  22  10  21   0   1   5   6   1   1   8  15   2   6  3 12 15   2  2  3  25  19   4  17  90  73   28    3   1   1   2   1
 Ge7  2225   7  15   6  11   1   4   2   2   1   2   3   6   3   5  5 11 16   0  1  1  17   6   2  17  90  73   16    0   0   1   0   1
 Dj3  1895   6  11   4   5   2   6   3   3   0   0   2   2   2   3  0  0  0   7  0  1  17   4   3  18  78  60   27   15   0   0   0   1
 Ja6  1558   3   9   3   8   0   1   0   0   0   0   3   6   0   2  1  6  7   0  0  0   6   6   0   7  62  55   11    2   0   0   0   0
 Cg1  1471   6  10   2   3   4   7   0   0   0   0   1   1   1   2  1  6  7   5  3  0  16   2   2  13  59  46   17    7   0   3   0   0
BENCH
 Jj3  1084   3   9   0   4   3   5   0   0   0   0   0   0   0   4  1  3  4   3  1  0   9   0   0   3  43  40   19   10   0   1   0   0
 Fd1   633   0   0   0   0   0   0   0   0   0   0   0   0   0   0  0  2  2   1  0  0   0   0   0  10  28  18    1    1   0   0   0   0
 Ig2   209   3   3   2   2   1   1   0   0   0   0   1   1   1   1  0  0  0   0  0  0   7   2   0   3   9   6    4    1   0   0   0   0
 Fa3   175   1   1   1   1   0   0   0   0   0   0   1   1   0   0  0  1  1   0  0  0   2   2   0   3   9   6    1    0   0   0   0   0
 Hf2   175   0   1   0   1   0   0   0   0   0   0   0   0   0   1  0  1  1   0  0  0   0   0   0   3   9   6    1    0   0   0   0   0
 Ka7   175   0   2   0   2   0   0   0   0   0   0   0   1   0   1  0  1  1   0  0  0   0   0   0   3   9   6    2    0   0   0   0   0
Ki12   175   0   0   0   0   0   0   0   0   0   0   0   0   0   0  0  1  1   3  0  0   0   0   0   3   9   6    5    5   0   0   0   0
Ea6  DNP-CD
Kendal CTime FGM FGA 2PM 2PA 3PM 3PA FTM FTA PBM PBA InM InA 2JM 2JA OR DF TR Ast FC FD Pts InP 2CP +/- TPF TPA Tchs Pass IFC PFC IFD PFD
STARTERS
   Da1  2191   4  12   4  11   0   1   0   2   0   0   3   6   1   5  3  7 10   4  0  1   8   6   0 -17  73  90   19    6   0   0   0   1
   Gj1  2191   5  11   2   2   3   9   3   3   0   0   0   0   2   2  0  3  3   7  1  1  16   0   3 -17  73  90   33   21   0   1   0   1
  Ga11  1928   8  20   8  18   0   2   2   2   2   2   6  11   2   7  5 10 15   0  2  1  18  14  10 -15  65  80   24    3   1   1   1   0
   Eh1  1558   3   9   1   3   2   6   6   9   0   0   1   3   0   0  3  3  6   4  0  3  14   2   6  -7  55  62   18    6   0   0   0   3
   Ge2   958   3   9   3   7   0   2   2   2   0   0   3   6   0   1  1  4  5   0  1  1   8   6   0  -6  36  42   10    0   1   0   0   1
BENCH
   Ff2   842   1   6   1   4   0   2   0   0   1   2   1   2   0   2  2  1  3   1  1  0   2   2   2  -7  27  34    7    1   0   1   0   0
   Ej4   633   2   8   1   4   1   4   0   0   1   1   1   2   0   2  2  0  2   1  0  0   5   2   2 -10  18  28   11    3   0   0   0   0
   Ii6   600   0   5   0   3   0   2   0   0   0   0   0   1   0   2  0  1  1   1  0  0   0   0   0  -7  16  23    7    2   0   0   0   0
   Jc7   263   1   3   1   2   0   1   0   0   0   0   1   1   0   1  0  1  1   0  0  0   2   2   0  -2   8  10    3    0   0   0   0   0
   Hb1   209   0   0   0   0   0   0   0   0   0   0   0   0   0   0  0  1  1   0  0  0   0   0   0  -3   6   9    0    0   0   0   0   0
   Jc3   209   1   1   1   1   0   0   0   0   0   0   1   1   0   0  0  0  0   0  0  0   2   2   0  -3   6   9    1    0   0   0   0   0
   Ka8   209   1   1   1   1   0   0   0   0   0   0   1   1   0   0  0  2  2   0  0  0   2   2   0  -3   6   9    2    1   0   0   0   0
   Kg9   209   1   3   1   2   0   1   0   0   0   0   1   1   0   1  0  0  0   1  0  0   2   2   0  -3   6   9    5    2   0   0   0   0
