Year:11 Game:4 Type:RS LAT@RAY
Latymer CTime FGM FGA 2PM 2PA 3PM 3PA FTM FTA PBM PBA InM InA 2JM 2JA OR DF TR Ast FC FD Pts InP 2CP +/- TPF TPA Tchs Pass IFC PFC IFD PFD
STARTERS
    Eg3  2289  11  21   7  15   4   6   3   6   0   1   4   9   3   6  1  4  5   1  0  3  29   9   5 -17  91 108   26    2   0   0   1   2
    Ga4  2289   7  16   6  14   1   2   4   6   1   1   5  11   1   3  5  7 12   0  1  3  19  14   5 -17  91 108   19    0   1   0   3   0
    Gi6  2289   6  11   4   9   2   2   0   0   0   0   2   2   2   7  0  4  4   1  2  0  14   4   2 -17  91 108   15    4   0   2   0   0
    Ja1  2289   9  13   9  13   0   0   5   6   1   1   8  12   1   1  5  6 11   0  1  3  23  18   2 -17  91 108   18    2   1   0   1   2
    Ii1  1638   1   7   0   4   1   3   1   2   0   0   0   3   0   1  0  2  2  15  1  1   4   1   0  -3  68  71   32   24   0   1   1   0
BENCH
    Ji1   651   0   5   0   4   0   1   2   2   0   0   0   1   0   3  0  2  2   2  0  1   2   0   0 -14  23  37   10    4   0   0   0   1
    Df2   111   1   2   1   2   0   0   0   0   0   0   1   2   0   0  0  0  0   1  0  0   2   2   2  -2   4   6    3    1   0   0   0   0
    Ee6   111   0   1   0   0   0   1   0   0   0   0   0   0   0   0  1  0  1   0  0  0   0   0   0  -2   4   6    1    0   0   0   0   0
    Ia6   111   1   1   1   1   0   0   0   0   0   0   1   1   0   0  0  0  0   0  0  0   2   2   0  -2   4   6    1    0   0   0   0   0
    Ka2   111   0   1   0   1   0   0   0   0   0   0   0   0   0   1  0  1  1   0  0  0   0   0   0  -2   4   6    1    0   0   0   0   0
    Ki2   111   0   0   0   0   0   0   0   0   0   0   0   0   0   0  0  0  0   1  0  0   0   0   0  -2   4   6    3    3   0   0   0   0
Ce2     DNP-CD
Ia7     DNP-Injured
Rays CTime FGM FGA 2PM 2PA 3PM 3PA FTM FTA PBM PBA InM InA 2JM 2JA OR DF TR Ast FC FD Pts InP 2CP +/- TPF TPA Tchs Pass IFC PFC IFD PFD
STARTERS
 Ge7  2289   6   9   5   6   1   3   0   0   1   1   5   5   0   1  3  8 11   0  3  0  13  10   2  17 108  91    9    0   1   2   0   0
 Ja6  2289  11  17  11  17   0   0   0   0   1   1   9  14   2   3  3  7 10   2  0  0  22  18   2  17 108  91   21    4   0   0   0   0
 Gc7   984   5   7   5   6   0   1   2   2   0   0   5   6   0   0  0  3  3   0  3  1  12  12   2  19  53  34    9    1   2   1   1   0
 Cg1   959   2   8   2   5   0   3   0   0   0   0   1   2   1   3  0  6  6   4  1  0   4   2   2 -15  27  42   15    7   0   1   0   0
 Dj3   959   1   5   0   1   1   4   0   0   0   0   0   0   0   1  2  1  3   5  1  0   3   0   3 -15  27  42   16   11   0   1   0   0
BENCH
 Ig2  1441   3   5   3   4   0   1   0   0   0   0   2   2   1   2  1  2  3  10  1  0   6   4   0  34  87  53   22   17   1   0   0   0
 Jj3  1330  13  22   4   6   9  16   7   7   0   0   0   1   4   5  1  3  4   2  0  3  42   0   9  32  81  49   29    4   0   0   0   3
 Fa3   763   1   2   1   2   0   0   2   2   0   0   1   1   0   1  0  3  3   0  1  1   4   4   0  11  43  32    3    0   1   0   1   0
 Fd1   653   2   5   1   4   1   1   0   0   0   0   1   2   0   2  1  0  1   0  1  0   5   2   0 -11  18  29    5    0   1   0   0   0
 Hf2   111   1   2   0   1   1   1   0   0   0   0   0   0   0   1  0  1  1   0  0  0   3   0   0   2   6   4    2    0   0   0   0   0
 Ka7   111   0   0   0   0   0   0   0   0   0   0   0   0   0   0  0  1  1   0  0  0   0   0   0   2   6   4    0    0   0   0   0   0
Ki12   111   0   0   0   0   0   0   0   0   0   0   0   0   0   0  0  0  0   2  0  0   0   0   0   2   6   4    2    2   0   0   0   0
Ea6  DNP-CD
