Year:11 Game:5 Type:RS CRO@BRE
Cromwell CTime FGM FGA 2PM 2PA 3PM 3PA FTM FTA PBM PBA InM InA 2JM 2JA OR DF TR Ast FC FD Pts InP 2CP +/- TPF TPA Tchs Pass IFC PFC IFD PFD
STARTERS
     Ja3  1800   7  12   7  12   0   0   5   6   1   1   6   8   1   4  3  6  9   1  1  3  19  16   6 -28  52  80   18    3   0   1   2   1
     Ji7  1800   3   7   2   5   1   2   1   2   0   0   0   0   2   5  3  0  3   9  0  1   8   1   2 -28  52  80   36   28   0   0   1   0
    Kc11  1344   6  16   6  16   0   0   2   2   0   0   5  10   1   6  0  4  4   0  1  1  14  12   0 -12  38  50   17    0   1   0   1   0
    He10   966   2   7   2   6   0   1   2   3   0   0   2   2   0   4  0  1  1   1  1  1   6   4   0 -21  29  50   10    2   0   1   0   1
     Fj3   600   0   3   0   1   0   2   0   0   0   0   0   1   0   0  0  1  1   0  1  0   0   0   0 -14  15  29    6    3   0   1   0   0
BENCH
     Eg6  1800   3   7   2   5   1   2   2   2   0   0   0   1   2   4  2  6  8   1  1  1   9   2   0 -10  55  65    9    1   0   1   1   0
     Ia3  1056   1   8   1   8   0   0   2   2   0   0   1   6   0   2  0  3  3   0  1  1   4   4   0 -12  32  44   10    1   0   1   1   0
     Ie8   834   2   7   2   7   0   0   0   0   1   1   2   5   0   2  2  2  4   0  1  0   4   4   2  -7  23  30    7    0   1   0   0   0
     Fi3   600   1   2   1   2   0   0   0   0   0   0   0   0   1   2  0  2  2   1  1  0   2   0   0   4  18  14    8    6   0   1   0   0
     If1   600   0   4   0   2   0   2   0   0   0   0   0   0   0   2  0  4  4   3  1  0   0   0   0   4  18  14   11    7   0   1   0   0
     Jc5   600   1   3   1   3   0   0   2   2   0   0   1   1   0   2  0  4  4   0  0  1   4   4   0   4  18  14    4    0   0   0   1   0
Kf2      DNP-CD
Breton CTime FGM FGA 2PM 2PA 3PM 3PA FTM FTA PBM PBA InM InA 2JM 2JA OR DF TR Ast FC FD Pts InP 2CP +/- TPF TPA Tchs Pass IFC PFC IFD PFD
STARTERS
   Dg5  1800   3   8   2   6   1   2   7   9   0   0   0   3   2   3  1  3  4   3  2  3  14   0   0  28  80  52   19    8   1   1   0   3
   Ea5  1800   8  14   8  14   0   0   0   0   0   0   8  14   0   0  2  4  6   1  0  0  16  16   4  28  80  52   15    1   0   0   0   0
   Ie4  1800   8  15   4   7   4   8   3   3   0   0   4   7   0   0  0  6  6   1  0  1  23   8   2  28  80  52   17    1   0   0   0   1
   Jj5  1800   2   3   1   2   1   1   0   0   0   0   0   0   1   2  2  2  4  17  2  0   5   0   0  28  80  52   34   31   1   1   0   0
   Ha2  1481   9  12   9  12   0   0   2   2   1   1   7   8   2   4  2 12 14   0  2  1  20  16   6  32  74  42   13    0   2   0   1   0
BENCH
   Gc8   919   3  10   3  10   0   0   2   2   0   0   2   8   1   2  2  5  7   0  1  1   8   6   2  -8  20  28   12    1   1   0   1   0
  Cc10   600   1   4   1   4   0   0   0   0   0   0   1   4   0   0  0  6  6   1  1  0   2   2   0  -4  14  18    5    1   1   0   0   0
   Hh9   600   0   1   0   0   0   1   1   6   0   0   0   0   0   0  0  1  1   0  0  2   1   0   0  -4  14  18    5    2   0   0   0   2
   Kg3   600   1   5   0   3   1   2   2   2   0   0   0   1   0   2  0  2  2   1  1  1   5   0   0  -4  14  18    7    1   1   0   0   1
   Kj6   600   0   3   0   2   0   1   0   0   0   0   0   1   0   1  1  1  2   1  0  0   0   0   0  -4  14  18   10    7   0   0   0   0
De5    DNP-CD
Fj2    DNP-CD
Hi6    DNP-CD
