Draft Pos Age YPro Team InPro 2JPro 3PPro InEff 2JEff 3PEff  OReb  DReb  BDom PassR PassE InDef PerDef  InFR PerFR FTEff GInj Updated
 2.14  C1  29    9  WIL  71.0  29.0   0.0  96.0  56.0  37.0  28.0  81.0   9.0  24.0  35.0  86.0    3.0  59.0   0.0  58.0    0 Y11-D4-FA
 2.14  C1  29    9   FA  70.9  28.9   0.2  96.0  56.0  37.0  28.0  81.0   7.7  24.0  35.0  86.0    3.0  59.0   1.0  58.0    0 Y11-D31-RSG14
 2.14  C1  29    9   FA  70.9  28.9   0.2  96.0  56.0  37.0  28.0  81.0   7.7  24.0  35.0  86.0    4.1  59.0   1.0  58.0    0 Y11-D37-RSG20
 2.14  C1  29    9   FA  70.9  28.9   0.2  96.0  56.0  37.0  28.0  81.0   7.7  24.0  35.0  86.0    2.7  59.0   1.0  58.0    0 Y11-D42-RSG25
 2.14  C1  29    9   FA  70.8  28.8   0.4  96.0  56.0  37.0  28.0  81.0   7.7  24.0  35.0  86.0    2.7  59.0   1.0  58.0    0 Y11-D43-RSG26
 2.14  C1  29    9   FA  70.1  29.5   0.4  96.0  56.0  37.0  28.0  81.0   7.7  24.0  35.0  86.0    2.7  59.0   1.0  58.0    0 Y11-D52-RSG35
 2.14  C1  29    9   FA  70.1  29.5   0.4  96.0  56.0  37.0  28.0  81.0   8.6  24.0  35.0  86.0    2.7  59.0   1.0  58.0    0 Y11-D58-RSG41
 2.14  C1  29    9   FA  70.1  29.5   0.4  97.3  56.0  37.0  28.0  81.0   8.6  24.0  35.0  86.0    2.7  55.1   1.0  58.0    0 Y11-D63-RSG46
 2.14  C1  29    9   FA  70.1  29.5   0.4  97.3  56.0  37.0  28.0  82.0   8.6  24.0  35.0  86.0    2.7  55.1   1.0  58.0    0 Y11-D78-RSG61
 2.14  C1  29    9   FA  70.1  29.5   0.4  97.3  56.0  37.0  28.0  82.0   8.6  24.0  35.0  83.2    2.7  55.1   1.0  58.0    0 Y11-D89-RSG72
 2.14  C1  29    9   FA  70.1  29.5   0.4  97.3  54.4  37.0  28.0  82.0   8.6  24.0  35.0  83.2    2.7  55.1   1.0  59.5    0 Y11-D90-RSG73
