Draft Pos Age YPro Team InPro 2JPro 3PPro InEff 2JEff 3PEff  OReb  DReb  BDom PassR PassE InDef PerDef  InFR PerFR FTEff GInj Updated
  3.2 SF1  28    8  LAT  64.0  11.4  24.6  91.0  84.0  78.0  31.0  94.0  41.0  24.0  59.0  80.0   52.0  41.0  74.0  71.0    0 Y11-D21-RSG4
  3.2 SF1  28    8  LAT  64.0  11.4  24.6  91.0  84.0  78.0  32.0  94.0  41.0  24.0  59.0  80.0   52.0  41.0  74.0  71.0    0 Y11-D26-RSG9
  3.2 SF1  28    8  LAT  64.0  11.4  24.6  91.0  84.0  78.0  32.0  94.0  41.0  24.0  59.0  81.0   52.0  43.2  74.0  71.0    0 Y11-D27-RSG10
  3.2 SF1  28    8  LAT  64.0  11.4  24.6  88.8  84.0  78.0  32.0  94.0  41.0  24.0  59.0  81.0   52.0  43.2  74.0  71.0    0 Y11-D28-RSG11
  3.2 SF1  28    8  LAT  64.1  11.4  24.5  88.8  84.0  78.0  33.0  94.0  41.0  24.0  59.0  81.0   52.0  43.2  75.0  71.0    0 Y11-D29-RSG12
  3.2 SF1  28    8  LAT  64.1  11.4  24.5  88.8  85.1  78.0  33.0  94.0  41.0  24.0  59.0  82.0   52.0  43.2  75.0  71.0    0 Y11-D41-RSG24
  3.2 SF1  28    8  LAT  64.1  11.4  24.5  88.8  85.1  78.0  33.0  94.0  38.8  26.2  59.0  82.0   52.0  43.2  75.0  71.0    0 Y11-D43-RSG26
  3.2 SF1  28    8  LAT  64.1  11.4  24.5  88.8  85.1  78.0  34.0  94.0  38.8  26.2  60.0  82.0   52.0  43.2  75.0  71.0    0 Y11-D46-RSG29
  3.2 SF1  28    8  LAT  63.5  11.3  25.2  88.8  85.1  78.0  34.0  94.0  38.8  26.2  60.0  82.0   52.0  43.2  75.0  71.0    0 Y11-D50-RSG33
  3.2 SF1  28    8  LAT  63.5  11.3  25.2  89.8  85.1  78.0  34.0  95.0  38.8  26.2  60.0  82.0   52.0  43.2  75.0  71.0    0 Y11-D51-RSG34
  3.2 SF1  28    8  LAT  63.5  11.3  25.2  89.8  85.1  78.0  34.0  95.0  38.8  26.2  60.0  82.0   48.4  43.2  75.0  71.0    0 Y11-D57-RSG40
  3.2 SF1  28    8  LAT  63.5  11.3  25.2  89.8  85.1  78.0  34.0  95.0  38.8  26.2  60.0  82.0   48.4  43.2  72.6  71.0    0 Y11-D59-RSG42
  3.2 SF1  28    8  LAT  63.9  11.2  24.9  89.8  85.1  78.0  34.0  95.0  38.8  26.2  60.0  82.0   48.4  43.2  72.6  71.0    0 Y11-D60-RSG43
  3.2 SF1  28    8  LAT  64.1  11.1  24.8  89.8  85.1  78.0  34.0  95.0  38.8  26.2  60.0  82.0   48.4  43.2  72.6  71.0    0 Y11-D66-RSG49
  3.2 SF1  28    8  LAT  64.1  11.1  24.8  90.8  85.1  78.0  34.0  95.0  38.8  26.2  61.8  83.0   48.4  43.2  72.6  71.0    0 Y11-D67-RSG50
  3.2 SF1  28    8  LAT  64.1  11.1  24.8  92.5  85.1  78.0  34.0  95.0  38.8  26.2  61.8  83.0   48.4  43.2  72.6  71.0    0 Y11-D71-RSG54
  3.2 SF1  28    8  LAT  64.9  11.2  23.9  92.5  85.1  78.0  34.0  95.0  37.4  26.2  61.8  83.0   48.4  43.2  72.6  71.0    0 Y11-D75-RSG58
  3.2 SF1  28    8  LAT  64.9  11.2  23.9  92.5  85.1  78.0  32.8  95.0  37.4  26.2  61.8  83.0   48.4  43.2  72.6  71.0    0 Y11-D79-RSG62
  3.2 SF1  28    8  LAT  64.9  11.2  23.9  92.5  85.1  78.0  32.8  95.0  37.4  26.2  61.8  84.0   48.4  43.2  72.6  71.0    0 Y11-D81-RSG64
  3.2 SF1  28    8  LAT  65.5  10.4  24.1  92.5  85.1  78.0  32.8  95.0  37.4  25.8  61.8  84.0   48.4  43.2  71.6  70.0    0 Y11-D83-RSG66
  3.2 SF1  28    8  LAT  65.5  10.4  24.1  92.5  85.1  78.0  32.8  95.0  37.4  25.8  61.8  84.0   48.4  46.4  71.6  70.0    0 Y11-D84-RSG67
  3.2 SF1  28    8  LAT  65.5  10.4  24.1  92.5  85.1  78.0  32.8  95.0  37.4  25.8  60.5  84.0   48.4  46.4  71.6  70.0    0 Y11-D88-RSG71
  3.2 SF1  28    8  LAT  65.8  10.4  23.8  92.5  85.1  78.0  32.8  95.0  37.4  25.8  60.5  84.0   48.4  46.4  71.6  70.0    0 Y11-D90-RSG73
  3.2 SF1  28    8  LAT  65.2  10.3  24.5  92.5  85.1  78.0  32.8  95.0  37.4  25.8  60.5  84.0   48.4  46.4  71.6  70.0    0 Y11-D94-RSG77
