Draft Pos Age YPro Team InPro 2JPro 3PPro InEff 2JEff 3PEff  OReb  DReb  BDom PassR PassE InDef PerDef  InFR PerFR FTEff GInj Updated
  4.4 PG2  27    7  RAY   7.0  30.0  63.0  75.0  93.0  97.0   7.0  22.3  61.0  75.0 105.0   6.0   89.0  33.0  22.0  69.0    0 Y11-D19-RSG2
  4.4 PG2  27    7  RAY   7.0  30.0  63.0  75.0  93.0  97.0   7.0  22.3  61.0  75.0 104.0   6.0   89.0  33.0  22.0  69.0    0 Y11-D28-RSG11
  4.4 PG2  27    7  RAY   7.0  30.0  63.0  74.0  93.0  97.0   7.0  23.3  61.0  74.8 104.0   6.0   86.6  33.0  22.0  69.0    0 Y11-D29-RSG12
  4.4 PG2  27    7  RAY   7.0  30.0  63.0  75.0  93.0  97.0   7.0  23.3  61.0  74.8 104.0   6.0   86.6  33.0  22.0  69.0    0 Y11-D31-RSG14
  4.4 PG2  27    7  RAY   7.1  28.9  64.0  75.0  93.0  97.0   7.0  23.3  61.0  74.8 104.0   6.0   86.6  33.0  22.0  69.0    0 Y11-D34-RSG17
  4.4 PG2  27    7  RAY   7.1  28.9  64.0  75.0  93.0  97.0   7.0  23.3  59.8  74.8 104.0   6.0   87.6  33.0  22.0  69.0    0 Y11-D37-RSG20
  4.4 PG2  27    7  RAY   7.1  28.9  64.0  75.0  93.0  97.0   7.0  23.3  59.8  74.8 104.0   6.0   87.6  33.0  23.0  69.0    0 Y11-D46-RSG29
  4.4 PG2  27    7  RAY   7.1  28.9  64.0  73.5  93.0  97.0   7.0  23.3  59.8  74.8 104.0   6.0   87.6  33.0  23.0  69.0    0 Y11-D52-RSG35
  4.4 PG2  27    7  RAY   7.1  28.9  64.0  73.5  93.0  97.0   7.0  23.3  59.8  74.8 104.0   6.0   87.6  33.0  23.0  70.9    0 Y11-D53-RSG36
  4.4 PG2  27    7  RAY   7.1  28.9  64.0  73.5  93.0  97.0   7.0  23.3  59.8  74.8 104.0   6.0   87.6  33.0  23.0  72.4    0 Y11-D55-RSG38
  4.4 PG2  27    7  RAY   7.0  28.7  64.3  73.5  93.0  97.0   7.0  23.3  59.8  74.8 104.0   2.8   87.6  33.0  23.0  72.4    0 Y11-D61-RSG44
  4.4 PG2  27    7  RAY   7.0  28.7  64.3  73.5  94.7  97.0   7.0  23.3  60.2  74.8 105.1   2.8   87.6  33.0  23.0  72.4    0 Y11-D63-RSG46
  4.4 PG2  27    7  RAY   7.0  28.7  64.3  73.5  94.7  97.0   7.0  23.3  60.2  74.8 105.1   2.8   87.6  29.9  23.0  72.4    0 Y11-D64-RSG47
  4.4 PG2  27    7  RAY   7.0  28.7  64.3  73.5  94.7  97.0   8.0  23.3  60.2  74.8 105.1   2.8   87.6  29.9  23.0  72.4    0 Y11-D69-RSG52
  4.4 PG2  27    7  RAY   7.0  28.7  64.3  73.5  94.7  97.0   8.0  23.3  57.1  74.8 105.1   2.8   87.6  29.9  23.0  72.4    0 Y11-D70-RSG53
  4.4 PG2  27    7  RAY   7.0  28.7  64.3  73.5  94.7  97.0   8.0  23.3  57.1  74.8 105.1   2.8   87.6  29.9  21.3  72.4    0 Y11-D75-RSG58
  4.4 PG2  27    7  RAY   7.1  28.7  64.2  73.5  94.7  97.0   7.0  23.3  57.1  74.8 105.1   2.8   87.6  29.9  21.3  72.4    0 Y11-D77-RSG60
  4.4 PG2  27    7  RAY   5.8  29.1  65.1  73.5  94.7  97.0   7.0  23.3  57.1  74.8 105.1   2.8   87.6  29.9  21.3  72.4    0 Y11-D81-RSG64
  4.4 PG2  27    7  RAY   5.9  28.4  65.7  73.5  94.7  97.0   7.0  23.3  57.1  74.8 105.1   2.8   87.6  29.9  21.3  72.4    0 Y11-D83-RSG66
  4.4 PG2  27    7  RAY   7.1  28.0  64.9  73.5  94.7  97.0   7.0  23.3  57.1  74.8 105.1   2.8   87.6  29.9  21.3  72.4    0 Y11-D85-RSG68
  4.4 PG2  27    7  RAY   7.1  28.0  64.9  73.5  93.7  97.0   7.0  23.3  57.1  74.8 105.1   2.8   87.6  29.9  21.3  72.4    0 Y11-D86-RSG69
  4.4 PG2  27    7  RAY   7.1  28.0  64.9  73.5  93.7  93.0   7.0  23.3  57.1  74.8 105.1   2.8   87.6  29.9  21.3  72.4    0 Y11-D87-RSG70
  4.4 PG2  27    7  RAY   7.1  28.0  64.9  73.5  93.7  93.0   7.0  19.5  57.1  74.8 105.1   2.8   87.6  29.9  21.3  72.4    0 Y11-D90-RSG73
  4.4 PG2  27    7  RAY   8.0  27.7  64.3  73.5  93.7  93.0   6.0  19.5  55.1  74.8 105.1   2.8   87.6  28.9  21.3  72.4    0 Y11-D93-RSG76
  4.4 PG2  27    7  RAY   8.0  27.7  64.3  73.5  93.7  93.0   6.0  19.5  55.1  74.8 105.1   2.8   87.6  25.7  21.3  72.4    0 Y11-D96-RSG79
