Draft Pos Age YPro Team InPro 2JPro 3PPro InEff 2JEff 3PEff  OReb  DReb  BDom PassR PassE InDef PerDef  InFR PerFR FTEff GInj Updated
  6.5 PG2  25    5  BRE   9.2  49.8  41.0  65.0  96.0 101.0   7.0  30.0  48.0  77.0 106.0  16.0   90.0  16.0  60.0  84.0    0 Y11-D18-RSG1
  6.5 PG2  25    5  BRE   9.8  49.5  40.7  65.0  96.0 101.0   7.0  30.0  48.0  77.0 106.0  16.0   90.0  16.0  60.0  84.0    0 Y11-D19-RSG2
  6.5 PG2  25    5  BRE   9.9  49.1  41.0  65.0  96.0 101.0   7.0  30.0  48.0  77.0 106.0  16.0   90.0  16.0  60.0  85.0    0 Y11-D22-RSG5
  6.5 PG2  25    5  BRE   9.4  48.7  41.9  65.0  96.0 101.0   7.0  30.0  48.0  77.0 106.0  16.0   90.0  16.0  60.0  85.0    0 Y11-D23-RSG6
  6.5 PG2  25    5  BRE   9.4  48.7  41.9  65.0  96.0 101.0   7.0  30.0  48.0  79.6 106.0  16.0   90.0  16.0  60.0  85.0    0 Y11-D26-RSG9
  6.5 PG2  25    5  BRE   9.4  48.7  41.9  65.0  96.0 101.0   7.0  30.0  48.0  79.6 106.0  15.0   90.0  16.0  60.0  85.0    0 Y11-D31-RSG14
  6.5 PG2  25    5  BRE   8.1  49.4  42.5  65.0  96.0 101.0   7.0  30.0  48.0  79.6 106.0  15.0   90.0  16.0  60.0  85.0    0 Y11-D32-RSG15
  6.5 PG2  25    5  BRE   8.1  49.4  42.5  65.0  96.0 101.0   7.0  30.0  48.0  79.6 106.0  15.0   90.0  17.6  60.0  85.0    0 Y11-D36-RSG19
  6.5 PG2  25    5  BRE   8.1  49.4  42.5  65.0  96.0 101.0   7.0  30.0  47.0  79.6 106.0  15.0   90.0  17.6  60.0  85.0    0 Y11-D38-RSG21
  6.5 PG2  25    5  BRE   8.1  49.4  42.5  65.0  96.0 101.0   7.0  30.0  43.6  82.7 106.0  15.0   90.0  17.6  60.0  85.0    0 Y11-D42-RSG25
  6.5 PG2  25    5  BRE   7.0  50.0  43.0  65.0  96.0 101.0   7.0  30.0  43.6  82.7 106.0  15.0   90.0  17.6  60.0  85.0    0 Y11-D43-RSG26
  6.5 PG2  25    5  BRE   7.0  50.0  43.0  65.0  96.0 101.0   7.0  29.0  43.6  82.7 104.2  13.1   90.0  17.6  60.0  85.0    0 Y11-D47-RSG30
  6.5 PG2  25    5  BRE   7.0  50.0  43.0  65.0  96.0 101.0   7.0  29.0  43.6  82.7 104.2  11.4   90.0  17.6  60.0  85.0    0 Y11-D50-RSG33
  6.5 PG2  25    5  BRE   7.0  49.8  43.2  65.0  96.0 101.0   7.0  29.0  43.6  82.7 104.2  11.4   92.5  17.6  60.0  85.0    0 Y11-D54-RSG37
  6.5 PG2  25    5  BRE   5.9  50.4  43.7  65.0  96.0 101.0   7.0  29.0  43.6  82.7 104.2  11.4   94.6  17.6  60.0  85.0    0 Y11-D59-RSG42
  6.5 PG2  25    5  BRE   5.9  50.4  43.7  65.0  96.0 101.0   7.0  29.0  43.6  82.7 101.2  11.4   94.6  17.6  60.0  85.0    0 Y11-D62-RSG45
  6.5 PG2  25    5  BRE   7.0  49.8  43.2  65.0  96.0 101.0   7.0  29.0  43.6  82.7 101.2  11.4   94.6  17.6  60.0  85.0    0 Y11-D63-RSG46
  6.5 PG2  25    5  BRE   7.0  49.8  43.2  64.0  96.0 101.0   7.0  29.0  43.6  85.4 101.2  11.4   94.6  17.6  60.0  85.0    0 Y11-D66-RSG49
  6.5 PG2  25    5  BRE   7.0  49.8  43.2  64.0  96.0 101.0   7.0  29.0  43.6  85.4 101.2  11.4   94.6  17.6  61.0  85.0    0 Y11-D69-RSG52
  6.5 PG2  25    5  BRE   7.0  49.8  43.2  61.5  96.0 101.0   7.0  29.0  43.6  85.4 101.2  11.4   94.6  17.6  61.0  85.0    0 Y11-D70-RSG53
  6.5 PG2  25    5  BRE   7.0  50.3  42.7  61.5  96.0 101.0   7.0  29.0  43.6  85.4 101.2  11.4   94.6  17.6  61.0  85.0    0 Y11-D75-RSG58
  6.5 PG2  25    5  BRE   7.0  50.3  42.7  61.5  96.0 101.0   7.0  28.0  43.6  85.4 101.2  11.4   94.6  17.6  61.0  85.0    0 Y11-D85-RSG68
  6.5 PG2  25    5  BRE   7.0  50.3  42.7  61.5  96.0 102.4   7.0  28.0  43.6  85.4 101.2  11.4   94.6  17.6  61.0  85.0    0 Y11-D86-RSG69
  6.5 PG2  25    5  BRE   6.9  49.4  43.7  61.5  96.0 102.4   7.0  28.0  43.6  85.4 101.2  11.4   94.6  17.6  61.0  85.0    0 Y11-D95-RSG78
  6.5 PG2  25    5  BRE   7.0  48.7  44.3  61.5  96.0 102.4   7.0  28.0  43.6  85.4 101.2  11.4   94.6  17.6  61.0  85.0    0 Y11-D96-RSG79
