Draft Pos Age YPro Team InPro 2JPro 3PPro InEff 2JEff 3PEff  OReb  DReb  BDom PassR PassE InDef PerDef  InFR PerFR FTEff GInj Updated
 7.15 PG1  24    4  WIL  24.0  52.0  24.0  99.0 109.0  90.5  20.0  34.0  91.0  69.0  74.0  32.0   71.0  40.0  42.0  83.0    0 Y11-D20-RSG3
 7.15 PG1  24    4  WIL  24.0  52.0  24.0  99.0 106.3  90.5  20.0  34.0  91.0  69.0  74.0  32.0   71.0  40.0  42.0  83.0    0 Y11-D24-RSG7
 7.15 PG1  24    4  WIL  24.0  52.0  24.0  99.0 106.3  90.5  20.0  34.0  91.0  69.0  74.0  32.0   70.0  40.0  42.0  83.0    0 Y11-D25-RSG8
 7.15 PG1  24    4  WIL  23.8  51.6  24.6  99.0 106.3  90.5  20.0  34.0  91.0  69.0  74.0  32.0   70.0  40.0  42.0  83.0    0 Y11-D29-RSG12
 7.15 PG1  24    4  WIL  23.8  51.6  24.6  99.0 107.3  90.5  20.0  34.0  91.0  69.0  74.0  32.0   70.0  40.0  42.0  83.0    0 Y11-D30-RSG13
 7.15 PG1  24    4  WIL  23.8  51.6  24.6  99.0 107.3  90.5  20.0  34.0  91.0  69.0  74.0  32.0   70.0  40.0  42.0  84.0    0 Y11-D34-RSG17
 7.15 PG1  24    4  WIL  23.8  51.6  24.6  99.0 107.3  90.5  20.0  34.0  91.0  69.0  74.0  32.0   70.0  41.0  42.0  84.0    0 Y11-D36-RSG19
 7.15 PG1  24    4  WIL  23.8  51.6  24.6  99.0 104.8  90.5  20.0  34.0  91.0  69.0  74.0  32.0   70.0  41.0  42.0  84.0    0 Y11-D41-RSG24
 7.15 PG1  24    4  WIL  23.8  51.6  24.6  99.0 104.8  90.5  20.0  34.0  91.0  69.0  76.1  32.0   69.0  41.0  42.0  84.0    0 Y11-D49-RSG32
 7.15 PG1  24    4  WIL  23.8  51.6  24.6  99.0 104.8  90.5  20.0  34.0  91.0  69.0  76.1  32.0   67.6  41.0  42.0  84.0    0 Y11-D52-RSG35
 7.15 PG1  24    4  WIL  23.4  52.4  24.2  99.0 104.8  90.5  20.0  34.0  91.0  69.0  76.1  32.0   67.6  41.0  41.0  84.0    0 Y11-D53-RSG36
 7.15 PG1  24    4  WIL  23.4  52.4  24.2  99.0 104.8  90.5  20.0  34.0  91.0  69.0  76.1  32.0   67.6  41.0  41.0  84.0    7 Y11-D58-RSG41
 7.15 PG1  24    4  WIL  23.4  52.4  24.2  99.0 104.8  90.5  20.0  34.0  91.0  69.0  76.1  32.0   67.6  41.0  41.0  84.0    5 Y11-D59-RSG42
 7.15 PG1  24    4  WIL  23.4  52.4  24.2  99.0 104.8  90.5  20.0  34.0  91.0  69.0  76.1  32.0   67.6  41.0  39.8  84.0    5 Y11-D60-RSG43
 7.15 PG1  24    4  WIL  23.4  52.4  24.2  99.0 104.8  90.5  20.0  34.0  91.0  69.0  76.1  32.0   66.6  41.0  39.8  84.0    4 Y11-D61-RSG44
 7.15 PG1  24    4  WIL  23.4  52.4  24.2  99.0 104.8  90.5  20.0  34.0  91.0  69.0  76.1  32.0   66.6  41.0  39.8  84.0    3 Y11-D62-RSG45
 7.15 PG1  24    4  WIL  23.4  52.4  24.2  99.0 104.8  90.5  20.0  34.0  91.0  69.0  76.1  32.0   66.6  41.0  39.8  84.0    2 Y11-D63-RSG46
 7.15 PG1  24    4  WIL  23.4  52.4  24.2  99.0 104.8  90.5  20.0  34.0  91.0  69.0  76.1  32.0   66.6  41.0  39.8  84.0    1 Y11-D64-RSG47
 7.15 PG1  24    4  WIL  23.4  52.4  24.2  99.0 104.8  90.5  20.0  34.0  91.0  69.0  76.1  32.0   66.6  41.0  39.8  84.0    0 Y11-D65-RSG48
 7.15 PG1  24    4  WIL  23.4  52.4  24.2  99.0 104.8  90.5  20.0  34.0  91.0  69.6  76.1  32.0   66.6  41.0  39.8  84.0    0 Y11-D74-RSG57
 7.15 PG1  24    4  WIL  23.4  52.4  24.2  99.0 104.8  90.5  20.0  34.0  91.0  68.7  76.1  32.0   66.6  41.0  39.8  84.0    0 Y11-D75-RSG58
 7.15 PG1  24    4  WIL  24.5  51.6  23.9  99.0 104.8  90.5  20.0  34.0  91.0  68.7  76.1  32.0   65.6  41.0  39.8  84.0    0 Y11-D76-RSG59
 7.15 PG1  24    4  WIL  24.5  51.6  23.9  99.0 104.8  90.5  19.0  34.0  91.0  68.7  76.1  32.0   65.6  41.0  39.8  84.0    0 Y11-D80-RSG63
 7.15 PG1  24    4  WIL  24.5  51.6  23.9  99.0 104.8  90.5  19.0  34.0  91.0  68.7  76.1  33.6   65.6  41.0  41.5  84.0    0 Y11-D83-RSG66
 7.15 PG1  24    4  WIL  24.5  51.6  23.9  99.0 104.8  90.5  19.0  34.0  91.0  68.7  76.1  33.6   65.6  41.0  41.5  84.0    0 Y11-D84-RSG67
 7.15 PG1  24    4  WIL  24.5  51.6  23.9  99.0 104.8  90.5  19.0  34.0  91.0  68.7  76.1  33.6   65.6  41.0  43.0  84.0    0 Y11-D85-RSG68
 7.15 PG1  24    4  WIL  24.5  51.6  23.9  99.0 104.8  90.5  19.0  34.0  91.0  68.7  76.1  33.6   65.6  41.0  43.0  83.0    0 Y11-D90-RSG73
 7.15 PG1  24    4  WIL  23.6  52.2  24.2  99.0 104.8  90.5  19.0  34.0  91.0  68.7  76.1  33.6   65.6  41.0  43.0  83.0    1 Y11-D92-RSG75
 7.15 PG1  24    4  WIL  23.6  52.2  24.2  99.0 104.8  90.5  19.0  34.0  91.0  68.7  76.1  33.6   65.6  41.0  43.0  83.0    1 Y11-D93-RSG76
 7.15 PG1  24    4  WIL  23.6  52.2  24.2  99.0 104.8  90.5  19.0  34.0  91.0  68.7  76.1  33.6   65.6  41.0  43.0  83.0    0 Y11-D94-RSG77
