Draft Pos Age YPro Team InPro 2JPro 3PPro InEff 2JEff 3PEff  OReb  DReb  BDom PassR PassE InDef PerDef  InFR PerFR FTEff GInj Updated
  9.6 PG1  22    2  HAR  11.0  57.0  32.0  87.0 109.0  51.0  11.0  40.0  63.0  79.0  73.0  82.0  109.0  33.0  36.0  84.0    0 Y11-D26-RSG9
  9.6 PG1  22    2  HAR  11.0  56.9  32.1  87.0 109.0  51.0  11.0  40.0  63.0  79.0  73.0  82.0  109.0  33.0  36.0  84.0    0 Y11-D28-RSG11
  9.6 PG1  22    2  HAR  10.8  57.7  31.5  85.3 109.0  51.0  11.0  40.0  63.0  79.0  73.0  82.0  109.0  33.0  34.8  84.0    0 Y11-D33-RSG16
  9.6 PG1  22    2  HAR  10.8  57.7  31.5  85.3 109.0  51.0  11.0  40.0  63.0  79.0  73.0  82.0  109.0  33.0  33.7  84.0    0 Y11-D35-RSG18
  9.6 PG1  22    2  HAR  10.8  57.7  31.5  85.3 109.0  51.0  10.0  40.0  63.0  79.0  73.0  82.0  109.0  33.0  33.7  84.0    0 Y11-D38-RSG21
  9.6 PG1  22    2  HAR  10.8  57.7  31.5  84.1 109.0  51.0  10.0  40.0  63.0  79.0  73.0  82.0  109.0  33.0  33.7  84.0    0 Y11-D39-RSG22
  9.6 PG1  22    2  HAR  10.8  57.7  31.5  85.1 109.0  51.0  10.0  40.0  63.0  79.0  73.0  82.0  109.0  33.0  34.7  84.0    0 Y11-D42-RSG25
  9.6 PG1  22    2  HAR  10.8  57.7  31.5  85.1 109.0  51.0  11.0  40.0  63.0  79.0  73.0  82.0  109.0  33.0  34.7  84.0    0 Y11-D46-RSG29
  9.6 PG1  22    2  HAR  10.8  57.7  31.5  85.1 109.0  51.0  11.0  40.0  63.0  79.0  73.0  82.0  108.0  33.0  34.7  84.0    0 Y11-D47-RSG30
  9.6 PG1  22    2  HAR  10.8  57.7  31.5  85.1 109.0  51.0  11.0  40.0  63.0  79.0  73.0  82.0  108.0  33.0  34.7  85.0    0 Y11-D48-RSG31
  9.6 PG1  22    2  HAR  10.8  57.7  31.5  85.1 109.0  51.0  11.0  40.0  63.0  79.0  73.0  82.0  108.0  34.8  34.7  85.0    0 Y11-D55-RSG38
  9.6 PG1  22    2  HAR  10.8  57.7  31.5  85.1 109.0  48.9  11.0  40.0  63.0  79.0  73.0  82.0  108.0  34.8  34.7  85.0    0 Y11-D63-RSG46
  9.6 PG1  22    2  HAR  11.0  57.8  31.2  85.1 109.0  49.9  11.0  40.0  63.0  79.0  73.0  82.0  108.0  34.8  34.7  86.0    0 Y11-D71-RSG54
  9.6 PG1  22    2  HAR  10.8  58.5  30.7  85.1 109.0  49.9  11.0  40.0  63.0  79.0  73.0  82.0  108.0  34.8  34.7  86.0    0 Y11-D76-RSG59
  9.6 PG1  22    2  HAR  10.8  58.5  30.7  86.1 109.0  49.9  11.0  40.0  63.0  79.0  73.0  83.0  108.0  34.8  34.7  87.0    0 Y11-D84-RSG67
  9.6 PG1  22    2  HAR  10.8  58.5  30.7  86.1 109.0  48.6  11.0  40.0  63.0  79.0  73.0  83.0  108.0  34.8  34.7  87.0    0 Y11-D91-RSG74
  9.6 PG1  22    2  HAR  10.8  58.5  30.7  86.1 107.4  48.6  11.0  40.0  63.0  79.0  73.0  83.0  108.0  34.8  34.7  87.0    0 Y11-D94-RSG77
  9.6 PG1  22    2  HAR  10.8  58.5  30.7  86.1 107.4  48.6  11.0  40.0  63.0  79.0  76.9  83.0  108.0  34.8  34.7  87.0    9 Y11-D95-RSG78
  9.6 PG1  22    2  HAR  10.8  58.5  30.7  86.1 107.4  48.6  11.0  40.0  63.0  79.0  76.9  83.0  108.0  34.8  34.7  87.0    8 Y11-D96-RSG79
  9.6 PG1  22    2  HAR  10.8  58.5  30.7  86.1 107.4  48.6  11.0  40.0  63.0  79.0  76.9  83.0  108.0  34.8  34.7  87.0    7 Y11-D97-RSG80
