Draft Pos Age YPro Team InPro 2JPro 3PPro InEff 2JEff 3PEff  OReb  DReb  BDom PassR PassE InDef PerDef  InFR PerFR FTEff GInj Updated
10.14 PF1  21    1  KEN  69.2  27.8   3.0 102.0  65.3  13.0  25.0  83.0   3.0  39.0  39.0  71.0   27.0  48.0  10.0  69.0    0 Y11-D20-RSG3
10.14 PF1  21    1  KEN  69.2  27.8   3.0 102.0  68.1  13.0  25.0  83.0   3.0  39.0  39.0  71.0   27.0  48.0  10.0  69.0    0 Y11-D22-RSG5
10.14 PF1  21    1  KEN  69.2  27.8   3.0 102.0  68.1  13.0  25.0  83.0   3.0  38.8  39.0  71.0   27.0  48.0  10.0  69.0    0 Y11-D24-RSG7
10.14 PF1  21    1  KEN  69.2  27.8   3.0 102.0  68.1  13.0  25.0  83.0   3.0  38.8  39.0  71.0   28.3  48.0  10.0  69.0    0 Y11-D32-RSG15
10.14 PF1  21    1  KEN  69.2  27.8   3.0 102.0  68.1  13.0  25.0  83.0   3.0  38.8  37.6  71.0   28.3  48.0  10.0  69.0    0 Y11-D37-RSG20
10.14 PF1  21    1  KEN  68.9  28.1   3.0 102.0  68.1  13.0  25.0  83.0   3.0  38.8  37.6  71.0   28.3  48.0  10.0  69.0    0 Y11-D39-RSG22
10.14 PF1  21    1  KEN  68.7  28.0   3.3 102.0  68.1  15.1  24.0  83.0   3.0  39.8  37.6  71.0   28.3  48.0  10.0  69.0    1 Y11-D41-RSG24
10.14 PF1  21    1  KEN  68.7  28.0   3.3 102.0  68.1  15.1  24.0  83.0   3.0  39.8  37.6  71.0   28.3  48.0  10.0  69.0    1 Y11-D42-RSG25
10.14 PF1  21    1  KEN  68.7  28.0   3.3 102.0  68.1  15.1  24.0  83.0   3.0  39.8  37.6  71.0   28.3  48.0  10.0  69.0    1 Y11-D43-RSG26
10.14 PF1  21    1  KEN  68.4  27.9   3.7 102.0  68.1  15.1  22.6  81.4   3.0  39.8  37.6  71.0   28.3  48.0  10.0  69.0    1 Y11-D44-RSG27
10.14 PF1  21    1  KEN  68.4  27.9   3.7 102.0  68.1  15.1  22.6  81.4   3.0  40.3  37.6  71.0   28.3  48.0  10.0  69.0    0 Y11-D45-RSG28
10.14 PF1  21    1  KEN  68.4  27.9   3.7 102.0  68.1  15.1  22.6  80.1   3.0  40.3  37.6  71.0   28.3  48.0   8.0  69.0    0 Y11-D49-RSG32
10.14 PF1  21    1  KEN  68.4  27.9   3.7 102.0  68.1  15.1  22.6  80.1   3.0  40.3  37.6  73.0   28.3  48.0   7.0  69.0    0 Y11-D56-RSG39
10.14 PF1  21    1  KEN  67.7  28.6   3.7 102.0  68.1  15.1  22.6  80.1   3.0  40.3  37.6  73.0   28.3  48.0   7.0  69.0    0 Y11-D57-RSG40
10.14 PF1  21    1  KEN  67.7  28.6   3.7 102.0  68.1  15.1  22.6  80.1   3.4  40.3  37.6  73.0   28.3  48.0   7.0  69.0    0 Y11-D59-RSG42
10.14 PF1  21    1  KEN  67.7  28.6   3.7 103.0  68.1  15.1  22.6  80.1   3.4  40.3  37.6  73.0   28.3  48.0   7.0  69.0    0 Y11-D63-RSG46
10.14 PF1  21    1  KEN  66.9  29.4   3.7 103.0  68.1  14.1  22.6  80.1   3.4  40.3  37.6  73.0   28.3  48.0   7.0  69.0    0 Y11-D65-RSG48
10.14 PF1  21    1  KEN  67.1  29.5   3.4 103.0  68.1  14.1  22.6  80.1   3.4  40.3  37.6  73.0   28.3  45.2   7.0  69.0    0 Y11-D67-RSG50
10.14 PF1  21    1  KEN  67.1  29.5   3.4 103.0  68.1  14.1  23.6  80.1   3.4  40.3  37.6  73.0   28.3  42.9   7.0  69.0    0 Y11-D73-RSG56
10.14 PF1  21    1  KEN  67.0  29.4   3.6 103.0  68.1  14.1  23.6  80.1   3.4  40.3  37.6  73.0   28.3  42.9   7.0  69.0    0 Y11-D78-RSG61
10.14 PF1  21    1  KEN  67.0  29.4   3.6 103.0  69.7  13.1  23.6  80.1   3.4  40.3  37.6  73.0   28.3  42.9   7.0  69.0    0 Y11-D81-RSG64
10.14 PF1  21    1  KEN  67.0  29.4   3.6 103.0  69.7  13.1  23.6  80.1   3.4  40.3  37.6  73.0   28.3  42.9   7.0  69.0   27 Y11-D90-RSG73
10.14 PF1  21    1  KEN  67.0  29.4   3.6 103.0  69.7  13.1  23.6  80.1   3.4  40.3  37.6  73.0   28.3  42.9   7.0  69.0   25 Y11-D91-RSG74
10.14 PF1  21    1  KEN  67.0  29.4   3.6 103.0  69.7  13.1  23.6  80.1   3.4  40.3  37.6  73.0   28.3  41.0   7.0  69.0   23 Y11-D92-RSG75
10.14 PF1  21    1  KEN  67.0  29.4   3.6 103.0  69.7  13.1  23.6  80.1   3.4  40.3  37.6  73.0   28.3  41.0   7.0  69.0   23 Y11-D93-RSG76
10.14 PF1  21    1  KEN  67.0  29.4   3.6 103.0  69.7  13.1  23.6  80.1   3.4  40.3  37.6  73.0   28.3  41.0   7.0  69.0   21 Y11-D94-RSG77
10.14 PF1  21    1  KEN  66.2  30.1   3.7 103.0  69.7  13.1  23.6  80.1   3.4  40.3  37.6  73.0   28.3  41.0   7.0  69.0   19 Y11-D95-RSG78
10.14 PF1  21    1  KEN  66.2  30.1   3.7 103.0  69.7  13.1  23.6  80.1   3.4  40.3  37.6  73.0   28.3  41.0   7.0  69.0   18 Y11-D96-RSG79
10.14 PF1  21    1  KEN  67.1  29.3   3.6 103.0  69.7  13.1  23.6  77.7   3.4  40.3  37.6  73.0   28.3  41.0   7.0  69.0   17 Y11-D97-RSG80
