Draft Pos Age YPro Team InPro 2JPro 3PPro InEff 2JEff 3PEff  OReb  DReb  BDom PassR PassE InDef PerDef  InFR PerFR FTEff GInj Updated
 10.5 PF1  21    1  KEN  56.0  42.0   2.0  99.0  82.0  40.0  21.0  77.5  15.0  16.0  34.0  70.0   29.0  70.0   4.0  65.0    0 Y11-D18-RSG1
 10.5 PF1  21    1  KEN  56.2  42.2   1.6  99.0  82.0  40.0  21.0  77.5  15.0  16.0  34.0  70.0   29.0  70.0   4.0  65.0    0 Y11-D25-RSG8
 10.5 PF1  21    1  KEN  55.5  42.9   1.6  99.0  82.0  40.0  21.0  77.5  15.0  16.0  34.0  70.0   29.0  70.0   4.0  65.0    0 Y11-D29-RSG12
 10.5 PF1  21    1  KEN  55.5  42.9   1.6  99.0  82.0  40.0  21.0  77.5  15.0  16.0  34.0  70.0   29.0  70.0   5.0  65.0    0 Y11-D31-RSG14
 10.5 PF1  21    1  KEN  55.5  42.9   1.6  99.0  83.7  42.8  21.0  77.5  15.0  16.0  34.0  70.0   29.0  70.0   5.0  65.0    0 Y11-D33-RSG16
 10.5 PF1  21    1  KEN  55.5  42.9   1.6  99.0  83.7  42.8  21.0  77.5  15.0  16.0  34.0  70.0   30.6  70.0   5.0  65.0    0 Y11-D35-RSG18
 10.5 PF1  21    1  KEN  55.5  42.9   1.6  99.0  83.7  42.8  21.0  76.2  15.0  16.0  34.0  70.0   30.6  70.0   5.0  65.0    0 Y11-D37-RSG20
 10.5 PF1  21    1  KEN  54.7  43.7   1.6  99.0  83.7  40.5  21.0  76.2  15.0  16.0  34.0  70.0   30.6  70.0   5.0  65.0    0 Y11-D44-RSG27
 10.5 PF1  21    1  KEN  54.7  43.7   1.6  99.0  83.7  40.5  21.0  76.2  15.0  16.1  34.0  70.0   30.6  70.0   5.0  65.0    0 Y11-D48-RSG31
 10.5 PF1  21    1  KEN  54.7  43.7   1.6  99.0  83.7  40.5  21.0  76.2  16.9  16.5  34.0  70.0   30.6  70.0   4.0  65.0    0 Y11-D49-RSG32
 10.5 PF1  21    1  KEN  54.7  43.7   1.6  99.0  83.7  40.5  21.0  76.2  16.9  16.5  34.0  70.0   29.6  70.0   4.0  65.0    0 Y11-D51-RSG34
 10.5 PF1  21    1  KEN  54.7  43.7   1.6  99.0  83.7  40.5  21.0  76.2  16.9  16.5  34.0  70.0   29.6  71.0   4.0  65.0    0 Y11-D53-RSG36
 10.5 PF1  21    1  KEN  54.7  43.7   1.6  99.0  83.7  41.5  21.0  76.2  16.9  16.5  34.0  70.0   29.6  71.0   4.0  65.0    0 Y11-D54-RSG37
 10.5 PF1  21    1  KEN  54.7  43.7   1.6  99.0  83.7  41.5  21.0  76.2  16.2  16.5  34.0  70.0   29.6  71.0   4.0  65.0    0 Y11-D56-RSG39
 10.5 PF1  21    1  KEN  54.6  43.8   1.6  99.0  83.7  41.5  21.0  76.2  16.2  16.5  34.0  71.0   29.6  71.0   4.0  65.0    0 Y11-D57-RSG40
 10.5 PF1  21    1  KEN  54.6  43.8   1.6  99.0  83.7  41.5  22.4  76.2  16.2  16.5  34.0  71.0   29.6  71.0   4.0  65.0    0 Y11-D59-RSG42
 10.5 PF1  21    1  KEN  54.6  43.8   1.6  99.0  83.7  41.5  22.4  76.2  16.2  16.5  34.0  71.0   29.6  71.0   5.0  65.0    0 Y11-D61-RSG44
 10.5 PF1  21    1  KEN  54.6  43.8   1.6  99.0  82.3  41.5  22.4  76.2  16.2  16.5  34.0  71.0   29.6  71.0   5.0  65.0    0 Y11-D65-RSG48
 10.5 PF1  21    1  KEN  54.6  43.8   1.6  99.0  82.3  41.5  22.4  76.2  16.2  16.4  34.0  71.0   29.6  71.0   5.0  65.0    0 Y11-D66-RSG49
 10.5 PF1  21    1  KEN  54.6  43.8   1.6  99.0  82.3  41.5  20.7  76.2  16.2  16.4  34.0  71.0   29.6  71.0   5.0  65.0    0 Y11-D67-RSG50
 10.5 PF1  21    1  KEN  54.6  43.8   1.6  99.0  82.3  41.5  20.7  76.2  16.2  16.4  34.0  71.0   29.6  71.0   3.4  65.0    0 Y11-D68-RSG51
 10.5 PF1  21    1  KEN  54.6  43.8   1.6  99.0  82.3  41.5  20.7  76.2  16.2  16.4  34.0  68.8   29.6  71.0   3.4  65.0    0 Y11-D73-RSG56
 10.5 PF1  21    1  KEN  54.6  43.8   1.6  99.0  82.3  41.5  20.7  77.2  16.2  16.4  34.0  68.8   29.6  71.0   3.4  65.0    0 Y11-D77-RSG60
 10.5 PF1  21    1  KEN  54.6  43.8   1.6  99.0  80.0  41.5  20.7  77.2  16.2  16.4  34.0  68.8   27.9  71.0   3.4  65.0    0 Y11-D79-RSG62
 10.5 PF1  21    1  KEN  55.2  43.2   1.6  99.0  80.0  41.5  20.7  77.2  16.2  16.4  34.0  68.8   27.9  71.0   3.4  65.0    0 Y11-D80-RSG63
 10.5 PF1  21    1  KEN  55.2  43.2   1.6  99.0  80.0  41.5  19.7  77.2  16.2  16.4  34.0  70.7   27.9  71.0   3.4  65.0    0 Y11-D82-RSG65
 10.5 PF1  21    1  KEN  55.2  43.2   1.6  99.0  80.0  41.5  21.3  77.2  16.2  16.4  34.0  70.7   27.9  71.0   3.4  65.0    0 Y11-D89-RSG72
 10.5 PF1  21    1  KEN  55.2  43.2   1.6  99.0  77.3  41.5  21.3  77.2  16.2  16.4  34.0  70.7   27.9  71.0   3.4  65.0    0 Y11-D90-RSG73
 10.5 PF1  21    1  KEN  55.2  43.2   1.6  97.4  77.3  41.5  21.3  77.2  16.2  16.4  34.0  70.7   27.9  71.0   3.4  65.0    0 Y11-D92-RSG75
 10.5 PF1  21    1  KEN  55.2  43.2   1.6  97.4  77.3  41.5  21.3  77.2  16.2  16.4  37.0  70.7   27.9  71.0   3.4  65.0    0 Y11-D93-RSG76
 10.5 PF1  21    1  KEN  55.6  42.8   1.6  97.4  77.3  41.5  21.3  77.2  16.2  16.4  37.0  70.7   27.9  71.0   3.4  65.0    0 Y11-D94-RSG77
