Draft Pos Age YPro Team InPro 2JPro 3PPro InEff 2JEff 3PEff  OReb  DReb  BDom PassR PassE InDef PerDef  InFR PerFR FTEff GInj Updated
10.11 PG1  21    1  LAT  15.0  51.0  34.0  78.0 104.0  88.0  13.0  37.1  93.0  60.0  94.0  18.0   92.0  39.0  32.0  85.0    0 Y11-D19-RSG2
10.11 PG1  21    1  LAT  15.0  51.0  34.0  78.0 104.0  88.0  13.0  37.1  94.1  60.0  94.0  15.0   92.0  38.0  32.0  85.0    0 Y11-D21-RSG4
10.11 PG1  21    1  LAT  15.0  51.0  34.0  78.0 104.0  88.0  13.0  37.1  94.1  60.1  94.0  15.0   92.0  38.0  32.0  85.0    0 Y11-D22-RSG5
10.11 PG1  21    1  LAT  15.0  51.0  34.0  78.0 104.0  88.0  13.0  37.1  94.1  60.1  94.0  15.0   92.0  39.7  32.0  85.0    0 Y11-D24-RSG7
10.11 PG1  21    1  LAT  15.0  51.0  34.0  78.0 104.0  89.8  13.0  37.1  94.1  60.1  94.0  15.0   92.0  39.7  32.0  85.0    0 Y11-D25-RSG8
10.11 PG1  21    1  LAT  15.0  51.0  34.0  78.0 104.0  89.8  12.0  37.1  94.1  60.1  94.0  15.0   92.0  39.7  32.0  85.0    0 Y11-D26-RSG9
10.11 PG1  21    1  LAT  14.6  52.1  33.3  78.0 104.0  89.8  12.0  37.1  94.1  60.1  94.0  15.0   92.0  38.7  32.0  85.0    0 Y11-D27-RSG10
10.11 PG1  21    1  LAT  14.6  52.1  33.3  79.0 104.0  89.8  12.0  37.1  94.1  60.1  94.0  15.0   92.0  38.7  32.0  85.0    0 Y11-D29-RSG12
10.11 PG1  21    1  LAT  14.6  52.1  33.3  79.0 104.0  89.8  13.0  37.1  94.1  60.1  94.0  15.0   92.0  38.7  32.0  85.0    0 Y11-D33-RSG16
10.11 PG1  21    1  LAT  14.6  52.1  33.3  79.0 104.0  89.8  14.0  37.1  94.1  60.1  94.0  15.0   92.0  38.7  32.0  85.0    0 Y11-D34-RSG17
10.11 PG1  21    1  LAT  14.6  52.1  33.3  79.0 104.0  89.8  14.0  37.1  94.1  60.1  92.0  15.0   92.0  38.7  32.0  85.0    0 Y11-D36-RSG19
10.11 PG1  21    1  LAT  14.6  52.1  33.3  79.0 104.0  89.8  14.0  38.1  94.1  60.1  92.0  15.0   92.0  38.7  32.0  85.0    0 Y11-D45-RSG28
10.11 PG1  21    1  LAT  14.6  52.1  33.3  79.0 104.0  89.8  14.0  40.7  94.1  60.1  92.0  15.0   92.0  38.7  32.0  85.0    0 Y11-D48-RSG31
10.11 PG1  21    1  LAT  14.6  52.1  33.3  79.0 104.0  89.8  14.0  40.7  94.1  60.1  92.0  17.9   89.1  38.7  32.0  85.0    0 Y11-D50-RSG33
10.11 PG1  21    1  LAT  14.6  52.1  33.3  79.0 104.0  89.8  14.0  40.7  97.5  60.1  92.0  17.9   89.1  38.7  32.0  85.0    0 Y11-D63-RSG46
10.11 PG1  21    1  LAT  14.6  52.1  33.3  79.0 104.0  90.8  14.0  39.7  97.5  60.1  92.0  17.9   89.1  38.7  32.0  85.0    0 Y11-D65-RSG48
10.11 PG1  21    1  LAT  14.6  52.1  33.3  79.0 104.0  90.8  14.0  39.7  97.5  60.1  94.4  17.9   89.1  38.7  32.0  85.0    0 Y11-D66-RSG49
10.11 PG1  21    1  LAT  14.8  51.5  33.7  79.0 104.0  90.8  14.0  39.7  97.5  60.1  91.4  17.9   89.1  38.7  32.0  85.0    0 Y11-D67-RSG50
10.11 PG1  21    1  LAT  14.8  51.5  33.7  79.0 104.0  90.8  14.0  39.7  97.0  60.1  91.4  17.9   89.1  38.7  32.0  85.0    0 Y11-D71-RSG54
10.11 PG1  21    1  LAT  14.8  51.5  33.7  80.4 105.2  90.8  14.0  39.7  97.0  59.0  91.4  17.9   89.1  38.7  32.0  85.0    0 Y11-D75-RSG58
10.11 PG1  21    1  LAT  14.8  51.5  33.7  80.4 105.2  90.8  14.0  39.7  97.0  59.0  91.4  17.9   89.1  38.7  32.0  86.0    0 Y11-D81-RSG64
10.11 PG1  21    1  LAT  14.8  51.5  33.7  80.4 105.2  88.5  14.0  39.7  97.0  59.0  91.4  17.9   89.1  38.7  32.0  86.0    0 Y11-D82-RSG65
10.11 PG1  21    1  LAT  14.8  51.5  33.7  80.4 105.2  88.5  14.0  39.7  97.0  59.0  90.1  17.9   89.1  38.7  32.0  86.0    0 Y11-D83-RSG66
10.11 PG1  21    1  LAT  14.8  51.5  33.7  80.4 105.2  88.5  14.0  39.7  96.3  59.0  90.1  17.9   86.7  38.7  32.0  86.0    0 Y11-D85-RSG68
10.11 PG1  21    1  LAT  14.5  51.7  33.8  80.4 105.2  88.5  14.0  39.7  96.3  59.0  90.1  17.9   86.7  38.7  32.0  86.0    0 Y11-D91-RSG74
10.11 PG1  21    1  LAT  14.6  51.4  34.0  80.4 105.2  88.5  15.0  39.7  96.3  59.0  90.1  17.9   86.7  38.7  32.0  86.0    0 Y11-D92-RSG75
10.11 PG1  21    1  LAT  14.6  51.4  34.0  80.4 105.2  88.5  15.0  39.7  96.3  59.5  90.1  17.9   86.7  38.7  33.8  86.0    0 Y11-D94-RSG77
