Draft Pos Age YPro Team InPro 2JPro 3PPro InEff 2JEff 3PEff  OReb  DReb  BDom PassR PassE InDef PerDef  InFR PerFR FTEff GInj Updated
 11.U  C1  19    0  DRA  70.0  28.1   1.9  84.0  71.3  20.1  25.2  99.5  24.7  11.8  31.2  76.4   17.5  23.0   8.1  69.9    0 Y11-D1-Draft
 11.2  C1  19    0  LAT  70.0  28.1   1.9  84.0  71.3  20.1  25.2  99.5  24.7  11.8  31.2  78.5   17.5  23.0   8.1  69.9    0 Y11-D19-RSG2
 11.2  C1  19    0  LAT  70.0  28.1   1.9  84.0  71.3  20.1  25.2  99.5  24.9  11.8  31.2  81.7   17.5  23.0   8.1  69.9    0 Y11-D21-RSG4
 11.2  C1  19    0  LAT  70.0  28.1   1.9  84.0  71.3  20.1  25.2  99.5  25.6  11.8  31.2  81.7   17.5  23.0   8.1  69.9    0 Y11-D22-RSG5
 11.2  C1  19    0  LAT  70.0  28.1   1.9  87.3  71.3  20.1  25.2  99.5  25.6  11.8  31.2  81.7   17.5  23.0   8.1  69.9    0 Y11-D23-RSG6
 11.2  C1  19    0  LAT  70.0  28.1   1.9  85.2  71.3  20.1  25.2  99.5  25.6  11.8  31.2  81.7   17.5  23.0   8.1  69.9    0 Y11-D30-RSG13
 11.2  C1  19    0  LAT  70.0  28.1   1.9  85.2  71.3  20.1  25.2  99.5  25.6  11.8  31.2  81.7   17.5  23.0   9.1  69.9    0 Y11-D32-RSG15
 11.2  C1  19    0  LAT  70.0  28.1   1.9  85.2  71.3  20.1  25.2  99.5  25.6  11.8  31.2  81.7   17.5  21.6   9.1  69.9    0 Y11-D33-RSG16
 11.2  C1  19    0  LAT  70.0  28.1   1.9  85.2  71.3  20.1  25.2  99.5  25.6  11.8  31.2  81.7   18.5  21.6   9.1  69.9    0 Y11-D43-RSG26
 11.2  C1  19    0  LAT  69.2  29.0   1.8  85.2  71.3  20.1  25.2  99.5  25.6  11.8  31.2  81.7   18.5  22.6   9.1  69.9    0 Y11-D46-RSG29
 11.2  C1  19    0  LAT  68.1  30.1   1.8  85.2  71.3  20.1  25.2  99.5  25.6  11.8  31.2  81.7   18.5  22.6   9.1  69.9    0 Y11-D48-RSG31
 11.2  C1  19    0  LAT  68.1  30.1   1.8  85.2  71.3  20.1  25.2  99.5  25.6  11.8  34.2  81.7   18.5  22.6   9.1  69.9    0 Y11-D49-RSG32
 11.2  C1  19    0  LAT  67.9  30.3   1.8  85.2  71.3  20.1  25.2  99.5  25.6  11.8  35.5  81.7   18.5  22.6   9.1  69.9    0 Y11-D50-RSG33
 11.2  C1  19    0  LAT  67.9  30.3   1.8  85.2  71.3  20.1  25.2  99.5  25.6  11.8  35.5  83.1   20.6  22.6   9.1  69.9    0 Y11-D51-RSG34
 11.2  C1  19    0  LAT  67.9  30.3   1.8  85.2  71.3  20.1  25.2  99.5  27.6  11.8  35.5  83.1   20.6  22.6   9.1  67.3    0 Y11-D53-RSG36
 11.2  C1  19    0  LAT  68.6  29.6   1.8  85.2  71.3  20.1  25.2  99.5  27.6  11.8  35.5  83.1   20.6  22.6   8.1  67.3    0 Y11-D56-RSG39
 11.2  C1  19    0  LAT  68.5  29.7   1.8  85.2  71.3  20.1  25.2  99.5  27.6  12.1  35.5  83.1   21.6  22.6   8.1  67.3    0 Y11-D59-RSG42
 11.2  C1  19    0  LAT  68.5  29.7   1.8  85.2  71.3  20.1  25.2  99.5  27.6  12.1  33.0  83.1   21.6  22.6   8.1  67.3    0 Y11-D67-RSG50
 11.2  C1  19    0  LAT  68.5  29.7   1.8  85.2  71.3  20.1  25.2  99.5  27.6  12.1  33.0  83.1   21.6  22.6   9.1  67.3    0 Y11-D69-RSG52
 11.2  C1  19    0  LAT  68.5  29.7   1.8  85.2  71.3  20.1  25.2  99.5  27.6  12.1  37.1  83.1   21.6  22.6   9.1  67.3    0 Y11-D70-RSG53
 11.2  C1  19    0  LAT  68.2  29.6   2.2  85.2  71.3  20.1  25.2  99.5  27.6  12.1  37.1  83.1   21.6  22.6   9.1  67.3    0 Y11-D73-RSG56
 11.2  C1  19    0  LAT  68.8  29.0   2.2  85.2  71.3  20.1  25.2  99.5  27.6  12.1  37.1  83.1   21.6  22.6   9.1  67.3    0 Y11-D74-RSG57
 11.2  C1  19    0  LAT  68.9  29.0   2.1  85.2  71.3  20.1  25.2  99.5  27.6  12.1  37.1  83.1   21.6  22.6   9.1  67.3    0 Y11-D75-RSG58
 11.2  C1  19    0  LAT  68.9  29.0   2.1  85.2  71.3  20.1  25.2  99.5  27.6  11.6  37.1  83.1   21.6  22.6   9.1  68.3    0 Y11-D81-RSG64
 11.2  C1  19    0  LAT  68.4  29.5   2.1  85.2  71.3  20.1  25.2  98.0  27.6  11.6  37.1  83.1   21.6  22.6   9.1  68.3    0 Y11-D84-RSG67
 11.2  C1  19    0  LAT  69.0  28.9   2.1  85.2  71.3  20.1  26.2  98.0  27.6  11.6  37.1  83.1   21.6  22.6   9.1  68.3    0 Y11-D94-RSG77
