Draft Pos Age YPro Team InPro 2JPro 3PPro InEff 2JEff 3PEff  OReb  DReb  BDom PassR PassE InDef PerDef  InFR PerFR FTEff GInj Updated
 11.U  C1  22    0  DRA  80.7  16.4   2.9  84.4  71.9   3.4  33.0  62.9   6.8  23.4  39.4  82.9   13.2  78.5  11.1  68.9    0 Y11-D1-Draft
 11.U  C1  22    0   FA  80.7  16.4   2.9  84.4  70.3   3.4  33.0  62.9   6.8  23.4  39.4  82.9   13.2  78.5  11.1  68.9    0 Y11-D18-RSG1
 11.U  C1  22    0   FA  80.7  16.4   2.9  84.4  70.3   3.4  33.0  62.9   6.8  23.4  39.4  82.9   13.2  78.5  12.1  68.9    0 Y11-D31-RSG14
 11.U  C1  22    0   FA  80.7  16.4   2.9  84.4  70.3   4.9  33.0  62.9   6.8  23.4  39.4  82.9   13.2  78.5  12.1  68.9    0 Y11-D33-RSG16
 11.U  C1  22    0   FA  80.7  16.4   2.9  84.4  70.3   4.9  34.0  62.9   6.8  23.4  39.4  82.9   13.2  78.5  12.1  68.9    0 Y11-D40-RSG23
 11.U  C1  22    0   FA  80.7  16.4   2.9  84.4  70.3   4.9  34.0  62.9   8.2  23.4  39.4  82.9   13.2  78.5  12.1  68.9    0 Y11-D46-RSG29
 11.U  C1  22    0   FA  80.4  16.6   3.0  84.4  70.3   4.9  34.0  62.9   8.2  23.4  39.4  82.9   13.2  78.5  12.1  68.9    0 Y11-D51-RSG34
 11.U  C1  22    0   FA  81.3  15.7   3.0  84.4  70.3   4.9  34.0  62.9   8.2  23.4  39.4  82.9   13.2  78.5  12.1  68.9    0 Y11-D56-RSG39
 11.U  C1  22    0   FA  81.3  15.7   3.0  84.4  70.3   4.9  34.0  66.0   8.2  23.4  39.4  82.9   13.2  78.5  12.1  68.9    0 Y11-D57-RSG40
 11.U  C1  22    0   FA  81.3  15.7   3.0  84.4  70.3   4.9  34.0  66.0   8.2  23.4  39.4  82.9   13.2  77.0  12.1  68.9    0 Y11-D62-RSG45
 11.U  C1  22    0   FA  81.3  15.7   3.0  84.4  70.3   4.9  34.0  66.0   8.2  23.4  39.4  84.3   13.2  77.0  12.1  68.9    0 Y11-D63-RSG46
 11.U  C1  22    0   FA  81.3  15.7   3.0  84.4  70.3   4.9  34.0  66.0   8.2  23.4  39.4  84.3   13.2  76.0  12.1  68.9    0 Y11-D69-RSG52
 11.U  C1  22    0   FA  80.9  15.6   3.5  84.4  70.3   4.9  34.0  66.0   8.2  23.4  39.4  84.3   13.2  76.0  12.1  68.9    0 Y11-D72-RSG55
 11.U  C1  22    0   FA  80.9  15.6   3.5  84.4  70.3   4.9  34.0  66.0   8.2  21.4  39.4  84.3   13.2  76.0  12.1  68.9    0 Y11-D77-RSG60
 11.U  C1  22    0   FA  80.9  15.6   3.5  84.4  70.3   4.9  34.0  66.0   8.2  20.9  39.4  84.3   13.2  76.0  12.1  68.9    0 Y11-D90-RSG73
