Draft Pos Age YPro Team InPro 2JPro 3PPro InEff 2JEff 3PEff  OReb  DReb  BDom PassR PassE InDef PerDef  InFR PerFR FTEff GInj Updated
 11.U PF1  21    0  DRA  69.1  29.6   1.3  90.7  67.4   1.2  18.0  51.7  13.0  35.7   6.6  49.1   23.2  59.9  27.6  62.0    0 Y11-D1-Draft
 11.U PF1  21    0   FA  69.1  29.6   1.3  90.7  69.8   1.2  18.0  51.7  13.0  35.7   6.6  49.1   23.2  59.9  27.6  62.0    0 Y11-D25-RSG8
 11.U PF1  21    0   FA  69.9  28.7   1.4  90.7  69.8   1.2  18.0  51.7  13.0  35.7   6.6  49.1   23.2  59.9  27.6  62.0    0 Y11-D27-RSG10
 11.U PF1  21    0   FA  69.9  28.7   1.4  90.7  69.8   1.2  18.0  51.7  13.0  35.7   6.6  49.1   23.2  59.9  27.6  63.0    0 Y11-D30-RSG13
 11.U PF1  21    0   FA  69.9  28.7   1.4  90.7  69.8   1.2  16.3  51.7  13.0  35.7   6.6  49.1   23.2  59.9  27.6  63.0    0 Y11-D33-RSG16
 11.U PF1  21    0   FA  69.9  28.7   1.4  90.7  69.8   1.2  16.3  51.7  13.0  35.7   6.6  47.1   23.2  59.9  27.6  63.0    0 Y11-D35-RSG18
 11.U PF1  21    0   FA  69.9  28.7   1.4  90.7  69.8   1.2  16.3  51.7  13.0  35.7   6.6  47.1   23.2  58.1  27.6  63.0    0 Y11-D37-RSG20
 11.U PF1  21    0   FA  69.9  28.7   1.4  90.7  70.8   1.2  16.3  51.7  13.0  35.7   6.6  47.1   23.2  58.1  27.6  63.0    0 Y11-D41-RSG24
 11.U PF1  21    0   FA  69.9  28.7   1.4  90.7  70.8   1.2  16.3  51.7  13.0  35.7   6.6  47.1   24.2  58.1  27.6  63.0    0 Y11-D43-RSG26
 11.U PF1  21    0   FA  70.7  27.9   1.4  90.7  70.8   1.2  16.3  51.7  13.0  35.7   6.6  47.1   24.2  58.1  27.6  63.0    0 Y11-D49-RSG32
 11.U PF1  21    0   FA  70.7  27.9   1.4  90.7  70.8   1.2  16.3  51.7  13.0  35.7   6.6  47.1   24.2  57.1  27.6  63.0    0 Y11-D50-RSG33
 11.U PF1  21    0   FA  70.7  27.9   1.4  90.7  70.8   1.2  15.3  51.7  13.0  35.7   6.6  47.1   24.2  57.1  27.6  63.0    0 Y11-D61-RSG44
 11.U PF1  21    0   FA  70.7  27.9   1.4  90.7  71.8   1.2  15.3  51.7  13.0  35.7   6.6  47.1   24.2  57.1  27.6  63.0    0 Y11-D62-RSG45
 11.U PF1  21    0   FA  70.8  27.8   1.4  90.7  71.8   1.2  15.3  51.7  13.0  35.7   6.6  47.1   24.2  57.1  27.6  63.0    0 Y11-D72-RSG55
 11.U PF1  21    0   FA  70.8  27.8   1.4  90.7  70.8   1.2  15.3  51.7  13.0  35.7   6.6  47.1   24.2  57.1  27.6  63.0    0 Y11-D94-RSG77
 11.U PF1  21    0   FA  70.8  27.8   1.4  90.7  70.8  -0.9  15.3  51.7  13.0  35.7   6.6  47.1   24.2  57.1  28.6  63.0    0 Y11-D97-RSG80
