Draft Pos Age YPro Team InPro 2JPro 3PPro InEff 2JEff 3PEff  OReb  DReb  BDom PassR PassE InDef PerDef  InFR PerFR FTEff GInj Updated
 11.U PF1  20    0  DRA  66.9  31.0   2.1  59.1  50.5  39.9  34.0  72.4  18.7  32.2  21.7  47.3   15.3  50.4  21.7  59.2    0 Y11-D1-Draft
 11.U PF1  20    0   FA  66.9  31.0   2.1  59.1  50.5  37.0  34.0  72.4  18.7  32.2  21.7  48.3   15.3  50.4  21.7  59.2    0 Y11-D19-RSG2
 11.U PF1  20    0   FA  66.9  31.0   2.1  63.5  50.5  37.0  34.0  72.4  18.7  32.2  21.7  48.3   15.3  50.4  21.7  59.2    0 Y11-D21-RSG4
 11.U PF1  20    0   FA  66.9  31.0   2.1  68.0  50.5  37.0  34.0  72.4  18.7  32.2  21.7  48.3   15.3  50.4  21.7  59.2    0 Y11-D23-RSG6
 11.U PF1  20    0   FA  67.4  30.4   2.2  68.0  50.5  37.0  34.0  72.4  18.7  32.2  21.7  48.3   15.3  50.4  21.7  59.2    0 Y11-D26-RSG9
 11.U PF1  20    0   FA  67.4  30.4   2.2  68.0  50.5  37.0  34.0  72.4  18.7  32.2  21.7  48.3   15.3  50.4  20.5  59.2    0 Y11-D30-RSG13
 11.U PF1  20    0   FA  67.4  30.4   2.2  68.0  50.5  37.0  34.0  72.4  18.7  32.2  21.7  48.3   15.3  50.4  20.5  60.2    0 Y11-D48-RSG31
 11.U PF1  20    0   FA  67.4  30.4   2.2  68.0  50.5  37.0  34.0  72.4  18.7  32.2  21.7  48.3   15.3  51.4  20.5  60.2    0 Y11-D58-RSG41
 11.U PF1  20    0   FA  68.1  29.6   2.3  68.0  50.5  37.0  34.0  72.4  18.7  32.2  21.7  48.3   15.3  51.4  20.5  61.6    0 Y11-D60-RSG43
 11.U PF1  20    0   FA  68.1  29.6   2.3  68.0  49.0  37.0  34.0  72.4  18.7  32.2  21.7  48.3   15.3  51.4  20.5  61.6    0 Y11-D62-RSG45
 11.U PF1  20    0   FA  68.1  29.6   2.3  68.0  49.0  37.0  34.0  72.4  18.7  30.7  21.7  48.3   15.3  51.4  20.5  61.6    0 Y11-D64-RSG47
 11.U PF1  20    0   FA  68.1  29.6   2.3  68.0  49.0  37.0  34.0  72.4  18.7  30.7  23.3  48.3   15.3  51.4  20.5  61.6    0 Y11-D70-RSG53
 11.U PF1  20    0   FA  68.1  29.6   2.3  68.0  49.0  37.0  33.0  72.4  18.7  30.7  23.3  48.3   15.3  51.4  20.5  61.6    0 Y11-D80-RSG63
 11.U PF1  20    0   FA  68.1  29.6   2.3  68.0  46.5  37.0  33.0  72.4  18.7  30.7  23.3  48.3   15.3  51.4  20.5  61.6    0 Y11-D88-RSG71
 11.U PF1  20    0   FA  68.1  29.6   2.3  68.0  46.5  37.0  33.0  72.4  18.7  30.7  23.3  48.3   15.3  48.7  20.5  61.6    0 Y11-D94-RSG77
