Draft Pos Age YPro Team InPro 2JPro 3PPro InEff 2JEff 3PEff  OReb  DReb  BDom PassR PassE InDef PerDef  InFR PerFR FTEff GInj Updated
 11.U PF2  21    0  DRA  44.5  22.1  33.4  58.6  67.6  82.6  19.3  76.2  10.9  32.8  16.9  34.3   34.7  43.6  36.5  65.6    0 Y11-D1-Draft
 11.U PF2  21    0   FA  43.5  22.5  34.0  58.6  67.6  82.6  19.3  76.2  10.9  32.8  16.9  34.3   34.7  43.6  36.5  65.6    0 Y11-D22-RSG5
 11.U PF2  21    0   FA  43.5  22.5  34.0  58.6  67.6  82.6  19.3  76.2  10.9  32.8  16.9  31.9   34.7  43.6  36.5  65.6    0 Y11-D24-RSG7
 11.U PF2  21    0   FA  43.5  22.5  34.0  60.2  67.6  82.6  19.3  76.2  10.9  32.8  16.9  31.9   34.7  43.6  36.5  65.6    0 Y11-D27-RSG10
 11.U PF2  21    0   FA  44.2  21.2  34.6  60.2  67.6  82.6  19.3  76.2  10.9  32.8  16.9  31.9   34.7  43.6  37.5  65.6    0 Y11-D41-RSG24
 11.U PF2  21    0   FA  44.2  21.2  34.6  60.2  67.6  82.6  19.3  76.2  11.6  32.8  16.9  31.9   34.7  43.6  37.5  65.6    0 Y11-D43-RSG26
 11.U PF2  21    0   FA  44.2  21.2  34.6  60.2  67.6  82.6  19.3  76.2  11.6  32.8  16.9  31.9   34.7  41.7  37.5  65.6    0 Y11-D53-RSG36
 11.U PF2  21    0   FA  44.2  21.2  34.6  60.2  67.6  82.6  19.3  76.2  11.6  32.8  16.9  30.0   34.7  41.7  37.5  65.6    0 Y11-D61-RSG44
 11.U PF2  21    0   FA  44.2  21.2  34.6  59.2  67.6  82.6  19.3  76.2  13.2  32.8  16.9  30.0   34.7  41.7  37.5  65.6    0 Y11-D65-RSG48
 11.U PF2  21    0   FA  43.4  21.5  35.1  59.2  67.6  82.6  19.3  76.2  13.2  32.8  16.9  30.0   34.7  41.7  37.5  65.6    0 Y11-D79-RSG62
 11.U PF2  21    0   FA  43.4  21.5  35.1  59.2  67.6  81.6  19.3  76.2  13.2  32.8  16.9  30.0   34.7  41.7  37.5  65.6    0 Y11-D82-RSG65
 11.U PF2  21    0   FA  43.4  21.5  35.1  59.2  71.5  81.6  19.3  76.2  13.2  32.8  16.9  30.0   34.7  41.7  37.5  65.6    0 Y11-D84-RSG67
 11.U PF2  21    0   FA  42.9  21.3  35.8  59.2  71.5  81.6  19.3  76.2  13.0  32.8  16.9  30.0   34.7  41.7  37.5  65.6    0 Y11-D86-RSG69
 11.U PF2  21    0   FA  42.9  21.3  35.8  59.2  71.5  81.6  19.3  76.2  13.0  32.8  16.9  30.0   34.7  41.7  38.5  65.6    0 Y11-D87-RSG70
 11.U PF2  21    0   FA  42.9  21.3  35.8  59.2  71.5  81.6  19.3  76.2  13.0  32.8  16.9  30.0   33.7  41.7  39.5  65.6    0 Y11-D89-RSG72
 11.U PF2  21    0   FA  42.9  21.3  35.8  59.2  71.5  81.6  19.3  76.2  13.0  32.8  16.9  30.0   34.7  41.7  39.5  65.6    0 Y11-D90-RSG73
 11.U PF2  21    0   FA  43.4  21.6  35.0  59.2  71.5  81.6  19.3  76.2  13.0  32.8  16.9  30.0   34.7  41.7  39.5  65.6    0 Y11-D91-RSG74
 11.U PF2  21    0   FA  43.4  21.6  35.0  59.2  71.5  81.6  19.3  77.2  13.0  32.8  16.9  30.0   34.7  41.7  39.5  65.6    0 Y11-D95-RSG78
