Draft Pos Age YPro Team InPro 2JPro 3PPro InEff 2JEff 3PEff  OReb  DReb  BDom PassR PassE InDef PerDef  InFR PerFR FTEff GInj Updated
 11.U SF1  19    0  DRA  49.3  26.8  23.9  72.9  58.7  77.1  23.2  68.8  18.9  34.2  57.9  39.8   32.0  57.6  29.1  68.2    0 Y11-D1-Draft
 11.U SF1  19    0   FA  49.3  26.8  23.9  72.9  58.7  77.1  23.2  68.8  18.7  34.2  57.9  39.8   32.0  57.6  29.1  68.2    0 Y11-D23-RSG6
 11.U SF1  19    0   FA  48.6  27.2  24.2  72.9  58.7  77.1  23.2  68.8  18.7  34.2  57.9  39.8   32.0  57.6  29.1  68.2    0 Y11-D28-RSG11
 11.U SF1  19    0   FA  49.8  26.5  23.7  72.9  58.7  77.1  23.2  68.8  18.7  34.2  57.9  39.8   32.0  57.6  29.1  68.2    0 Y11-D30-RSG13
 11.U SF1  19    0   FA  49.8  26.5  23.7  72.9  58.7  74.5  23.2  68.8  18.7  34.2  57.9  39.8   32.0  57.6  29.1  68.2    0 Y11-D32-RSG15
 11.U SF1  19    0   FA  49.0  26.9  24.1  72.9  58.7  74.5  23.2  68.8  18.7  34.2  57.9  39.8   32.0  57.6  29.1  68.2    0 Y11-D39-RSG22
 11.U SF1  19    0   FA  49.0  26.9  24.1  72.9  58.7  74.5  23.2  68.8  18.7  34.2  57.9  39.8   32.0  57.6  29.1  69.2    0 Y11-D40-RSG23
 11.U SF1  19    0   FA  49.4  27.1  23.5  72.9  58.7  74.5  23.2  68.8  18.7  34.2  57.9  39.8   32.0  57.6  29.1  69.2    0 Y11-D44-RSG27
 11.U SF1  19    0   FA  49.4  27.1  23.5  72.9  58.7  74.5  23.2  68.8  18.7  35.0  57.9  39.8   32.0  57.6  29.1  69.2    0 Y11-D54-RSG37
 11.U SF1  19    0   FA  49.4  27.1  23.5  72.9  58.7  74.5  23.2  68.8  18.7  35.0  57.9  38.5   32.0  56.6  29.1  69.2    0 Y11-D61-RSG44
 11.U SF1  19    0   FA  49.4  27.1  23.5  72.9  58.7  74.5  23.2  68.8  18.7  35.0  57.9  38.5   32.0  56.6  29.1  67.1    0 Y11-D71-RSG54
 11.U SF1  19    0   FA  49.1  26.9  24.0  72.9  58.7  74.5  23.2  68.8  18.7  35.0  57.9  38.5   32.0  56.6  29.1  67.1    0 Y11-D74-RSG57
 11.U SF1  19    0   FA  48.0  27.5  24.5  72.9  58.7  74.5  23.2  68.8  18.7  35.0  57.9  38.5   32.0  56.6  29.1  67.1    0 Y11-D79-RSG62
 11.U SF1  19    0   FA  48.0  27.5  24.5  72.9  58.7  74.5  23.2  68.8  20.9  35.0  57.9  38.5   32.0  56.6  29.1  67.1    0 Y11-D80-RSG63
 11.U SF1  19    0   FA  48.0  27.5  24.5  72.9  58.7  74.5  23.2  68.8  20.9  35.0  58.9  38.5   32.0  56.6  29.1  67.1    0 Y11-D97-RSG80
