Draft Pos Age YPro Team InPro 2JPro 3PPro InEff 2JEff 3PEff  OReb  DReb  BDom PassR PassE InDef PerDef  InFR PerFR FTEff GInj Updated
 11.U SF2  20    0  DRA  25.4  44.5  30.1  46.1  55.3  60.9  13.8  47.6  12.6  41.2  47.4  25.5   76.5  29.4  37.7  70.2    0 Y11-D1-Draft
 11.U SF2  20    0   FA  25.4  44.5  30.1  47.1  55.3  60.9  13.8  47.6  12.6  41.2  47.4  25.5   76.5  29.4  37.7  70.2    0 Y11-D25-RSG8
 11.U SF2  20    0   FA  25.4  44.5  30.1  44.5  55.3  60.9  13.8  47.6  12.6  41.2  47.4  25.5   76.5  29.4  37.7  70.2    0 Y11-D27-RSG10
 11.U SF2  20    0   FA  25.4  44.5  30.1  44.5  55.3  60.9  13.8  47.6  12.6  41.2  47.4  25.5   76.5  29.4  37.7  69.2    0 Y11-D28-RSG11
 11.U SF2  20    0   FA  24.9  45.6  29.5  44.5  55.3  60.9  13.8  47.6  12.6  41.2  47.4  25.5   76.5  29.4  38.7  69.2    0 Y11-D32-RSG15
 11.U SF2  20    0   FA  24.9  45.6  29.5  44.5  56.5  60.9  13.8  45.0  12.6  41.2  47.4  25.5   76.5  29.4  38.7  69.2    0 Y11-D33-RSG16
 11.U SF2  20    0   FA  25.5  46.7  27.8  44.5  56.5  60.9  13.8  45.0  12.6  41.2  47.4  25.5   76.5  29.4  38.7  69.2    0 Y11-D35-RSG18
 11.U SF2  20    0   FA  25.5  46.7  27.8  44.5  56.5  60.9  13.8  45.0  12.6  41.2  47.4  25.5   76.5  31.1  38.7  69.2    0 Y11-D37-RSG20
 11.U SF2  20    0   FA  25.5  46.7  27.8  44.5  56.5  58.1  13.8  45.0  12.6  41.2  47.4  25.5   76.5  31.1  38.7  69.2    0 Y11-D38-RSG21
 11.U SF2  20    0   FA  25.5  46.7  27.8  44.5  56.5  58.1  13.8  45.0  12.6  41.2  47.4  25.5   76.5  31.1  38.7  70.2    0 Y11-D43-RSG26
 11.U SF2  20    0   FA  25.4  46.9  27.7  44.5  56.5  58.1  13.8  45.0  12.6  41.2  47.4  25.5   76.5  31.1  38.7  70.2    0 Y11-D47-RSG30
 11.U SF2  20    0   FA  25.4  46.9  27.7  44.5  56.5  58.1  13.8  45.0  12.6  41.2  47.4  25.5   76.5  31.1  38.7  71.6    0 Y11-D54-RSG37
 11.U SF2  20    0   FA  25.4  46.9  27.7  44.5  56.5  58.1  12.3  45.0  12.6  41.2  47.4  25.5   76.5  31.1  38.7  71.6    0 Y11-D55-RSG38
 11.U SF2  20    0   FA  25.4  46.9  27.7  44.5  56.5  58.1  12.3  45.0  12.6  42.5  47.4  25.5   76.5  31.1  38.7  71.6    0 Y11-D58-RSG41
 11.U SF2  20    0   FA  25.4  46.9  27.7  44.5  56.5  58.1  12.3  45.0  12.6  41.8  47.4  25.5   76.5  31.1  38.7  71.6    0 Y11-D63-RSG46
 11.U SF2  20    0   FA  25.6  46.4  28.0  44.5  56.5  58.1  12.3  45.0  12.6  41.8  47.4  25.5   75.3  31.1  38.7  71.6    0 Y11-D66-RSG49
 11.U SF2  20    0   FA  24.6  47.0  28.4  44.5  56.5  58.1  12.3  45.0  12.6  41.8  47.4  25.5   75.3  31.1  38.7  71.6    0 Y11-D68-RSG51
 11.U SF2  20    0   FA  24.6  47.0  28.4  44.5  56.5  58.1  12.3  46.8  12.6  41.8  47.4  25.5   75.3  31.1  38.7  71.6    0 Y11-D70-RSG53
 11.U SF2  20    0   FA  24.6  47.0  28.4  44.5  55.5  58.1  12.3  46.8  12.6  41.8  47.4  25.5   75.3  31.1  38.7  71.6    0 Y11-D82-RSG65
 11.U SF2  20    0   FA  24.6  47.0  28.4  44.5  55.5  58.1  12.3  46.8  12.6  41.8  48.4  25.5   75.3  31.1  38.7  71.6    0 Y11-D83-RSG66
 11.U SF2  20    0   FA  24.6  47.0  28.4  44.5  55.5  58.1  12.3  46.8  12.6  41.8  48.4  25.5   75.3  33.2  38.7  71.6    0 Y11-D84-RSG67
