Draft Pos Age YPro Team InPro 2JPro 3PPro InEff 2JEff 3PEff  OReb  DReb  BDom PassR PassE InDef PerDef  InFR PerFR FTEff GInj Updated
 11.U SF2  20    0  DRA  35.6  30.8  33.6  57.0  92.1  73.5  19.1  48.0  18.9  25.9  40.6  28.4   55.5  30.7  51.6  82.1    0 Y11-D1-Draft
 11.U SF2  20    0   FA  35.6  30.8  33.6  57.0  92.1  73.5  20.1  48.0  18.9  25.9  40.6  28.4   56.5  30.7  51.6  82.1    0 Y11-D18-RSG1
 11.U SF2  20    0   FA  35.6  30.8  33.6  57.0  94.4  73.5  20.1  48.0  18.9  25.9  40.6  28.4   56.5  30.7  51.6  82.1    0 Y11-D24-RSG7
 11.U SF2  20    0   FA  35.6  30.8  33.6  57.0  94.4  73.5  20.1  48.0  16.5  25.9  40.6  28.4   56.5  30.7  51.6  82.1    0 Y11-D29-RSG12
 11.U SF2  20    0   FA  35.6  30.8  33.6  57.0  94.4  73.5  20.1  48.0  16.5  25.9  40.6  28.4   55.5  30.7  51.6  82.1    0 Y11-D34-RSG17
 11.U SF2  20    0   FA  35.6  30.8  33.6  57.0  94.4  73.5  20.1  48.0  16.5  25.9  40.6  28.4   55.5  30.7  51.6  83.1    0 Y11-D41-RSG24
 11.U SF2  20    0   FA  35.6  30.8  33.6  57.0  94.4  72.0  20.1  48.0  16.5  25.9  40.6  28.4   55.5  30.7  51.6  83.1    0 Y11-D46-RSG29
 11.U SF2  20    0   FA  35.6  30.8  33.6  57.0  94.4  72.0  20.1  48.0  16.5  25.9  40.6  28.4   55.5  30.7  54.2  83.1    0 Y11-D47-RSG30
 11.U SF2  20    0   FA  35.6  30.8  33.6  57.0  94.4  73.0  20.1  48.0  16.5  25.9  40.6  28.4   55.5  30.7  54.2  83.1    0 Y11-D54-RSG37
 11.U SF2  20    0   FA  35.6  30.8  33.6  57.0  94.4  76.5  20.1  48.0  16.5  25.9  40.6  28.4   55.5  30.7  54.2  83.1    0 Y11-D56-RSG39
 11.U SF2  20    0   FA  35.6  30.8  33.6  57.0  94.4  76.5  20.1  48.0  16.5  26.0  40.6  28.4   55.5  30.7  54.2  83.1    0 Y11-D62-RSG45
 11.U SF2  20    0   FA  35.6  30.8  33.6  57.0  91.5  76.5  20.1  48.0  16.5  26.0  40.6  28.4   53.9  30.7  54.2  83.1    0 Y11-D73-RSG56
 11.U SF2  20    0   FA  35.1  31.7  33.2  57.0  90.5  76.5  20.1  48.0  16.5  26.0  40.6  28.4   53.9  30.7  54.2  83.1    0 Y11-D78-RSG61
 11.U SF2  20    0   FA  35.1  31.7  33.2  57.0  90.5  76.5  20.1  48.0  16.5  26.0  45.1  28.4   53.9  30.7  54.2  83.1    0 Y11-D79-RSG62
 11.U SF2  20    0   FA  35.1  31.7  33.2  60.2  90.5  76.5  20.1  48.0  16.5  26.0  45.1  28.4   53.9  30.7  54.2  83.1    0 Y11-D82-RSG65
 11.U SF2  20    0   FA  35.1  31.7  33.2  60.2  90.5  76.5  20.1  48.0  16.5  26.0  45.1  28.4   57.5  30.7  54.2  83.1    0 Y11-D85-RSG68
 11.U SF2  20    0   FA  35.1  31.7  33.2  60.2  90.5  76.5  21.1  48.0  16.5  26.0  45.1  28.4   57.5  30.7  54.2  83.1    0 Y11-D86-RSG69
 11.U SF2  20    0   FA  35.1  31.7  33.2  60.2  90.5  76.5  21.1  48.0  16.5  26.0  45.1  28.4   57.5  31.7  54.2  83.1    0 Y11-D90-RSG73
 11.U SF2  20    0   FA  35.1  31.7  33.2  60.2  90.5  76.5  21.1  48.0  16.0  26.0  45.1  28.4   57.5  31.7  54.2  83.1    0 Y11-D91-RSG74
 11.U SF2  20    0   FA  35.1  31.7  33.2  60.2  90.5  76.5  21.1  48.0  16.0  26.0  45.1  28.4   57.5  31.7  55.8  83.1    0 Y11-D92-RSG75
