Draft Pos Age YPro Team InPro 2JPro 3PPro InEff 2JEff 3PEff  OReb  DReb  BDom PassR PassE InDef PerDef  InFR PerFR FTEff GInj Updated
 11.U SG1  20    0  DRA  21.7  41.0  37.3  71.0  67.1  62.6  12.2  53.9  39.9  52.5  49.2  31.8   79.8  47.8  30.3  78.2    0 Y11-D1-Draft
 11.U SG1  20    0   FA  21.3  41.2  37.5  70.0  67.1  62.6  12.2  53.9  39.9  52.5  49.2  31.8   79.8  47.8  30.3  78.2    0 Y11-D26-RSG9
 11.U SG1  20    0   FA  21.3  41.2  37.5  70.0  67.1  62.6  12.2  53.9  39.0  52.5  49.2  31.8   79.8  47.8  30.3  78.2    0 Y11-D27-RSG10
 11.U SG1  20    0   FA  21.3  41.2  37.5  70.0  64.6  62.6  12.2  53.9  39.0  52.5  49.2  31.8   79.8  47.8  30.3  78.2    0 Y11-D31-RSG14
 11.U SG1  20    0   FA  21.6  41.8  36.6  70.0  64.6  62.6  12.2  53.9  39.0  52.5  49.2  31.8   79.8  47.8  30.3  78.2    0 Y11-D32-RSG15
 11.U SG1  20    0   FA  21.6  41.8  36.6  70.0  64.6  62.6  12.2  53.9  39.0  52.5  49.2  31.8   79.8  47.8  30.3  79.2    0 Y11-D35-RSG18
 11.U SG1  20    0   FA  21.0  42.1  36.9  70.0  64.6  62.6  12.2  53.9  39.0  52.5  49.2  31.8   79.8  47.8  30.3  79.2    0 Y11-D38-RSG21
 11.U SG1  20    0   FA  21.0  42.1  36.9  70.0  63.6  62.6  12.2  53.9  39.0  52.5  49.2  31.8   79.8  47.8  30.3  79.2    0 Y11-D42-RSG25
 11.U SG1  20    0   FA  20.5  43.3  36.2  70.0  63.6  62.6  12.2  53.9  39.0  52.5  49.2  31.8   79.8  47.8  30.3  79.2    0 Y11-D47-RSG30
 11.U SG1  20    0   FA  20.5  43.3  36.2  68.8  63.6  62.6  12.2  53.9  39.0  52.5  49.2  31.8   79.8  47.8  30.3  79.2    0 Y11-D52-RSG35
 11.U SG1  20    0   FA  20.5  43.3  36.2  68.8  63.6  62.6  12.2  53.9  39.0  52.5  49.2  31.8   79.8  48.8  30.3  79.2    0 Y11-D64-RSG47
 11.U SG1  20    0   FA  20.3  42.9  36.8  68.8  63.6  62.6  12.2  53.9  39.0  52.5  49.2  31.8   79.8  48.8  30.3  79.2    0 Y11-D70-RSG53
 11.U SG1  20    0   FA  20.3  42.9  36.8  68.8  65.5  62.6  12.2  53.9  39.0  52.5  49.2  31.8   79.8  48.8  30.3  79.2    0 Y11-D72-RSG55
 11.U SG1  20    0   FA  20.3  42.9  36.8  68.8  65.5  62.6  12.2  53.9  39.0  52.5  49.2  31.8   79.8  48.8  30.3  80.2    0 Y11-D77-RSG60
 11.U SG1  20    0   FA  20.3  42.9  36.8  70.7  65.5  62.6  12.2  53.9  39.0  52.5  49.2  31.8   79.8  48.8  30.3  80.2    0 Y11-D80-RSG63
 11.U SG1  20    0   FA  18.8  43.7  37.5  70.7  65.5  62.6  12.2  53.9  39.0  52.5  49.2  31.8   79.8  48.8  30.3  80.2    0 Y11-D85-RSG68
 11.U SG1  20    0   FA  18.8  43.7  37.5  70.7  65.5  62.6  12.2  53.9  39.0  50.9  49.2  31.8   79.8  48.8  30.3  80.2    0 Y11-D92-RSG75
