Draft Pos Age YPro Team InPro 2JPro 3PPro InEff 2JEff 3PEff  OReb  DReb  BDom PassR PassE InDef PerDef  InFR PerFR FTEff GInj Updated
 11.U SG2  20    0  DRA  21.2  39.9  38.9  45.5  72.8  51.9   0.9  27.1  35.2  42.4  38.8  13.8  108.7  21.9  39.0  84.5    0 Y11-D1-Draft
 11.U SG2  20    0   FA  21.2  39.9  38.9  45.5  72.8  51.9   1.0  29.5  35.2  42.4  38.8  13.8  108.7  19.8  39.0  84.5    0 Y11-D18-RSG1
 11.U SG2  20    0   FA  20.6  40.2  39.2  45.5  72.8  51.9   1.0  29.5  35.2  42.4  38.8  13.8  108.7  19.8  39.0  84.5    0 Y11-D28-RSG11
 11.U SG2  20    0   FA  20.6  40.2  39.2  45.5  73.8  51.9   1.0  29.5  35.2  42.4  38.8  13.8  108.7  19.8  39.0  84.5    0 Y11-D31-RSG14
 11.U SG2  20    0   FA  20.6  40.2  39.2  45.5  72.2  51.9   1.0  29.5  35.2  42.4  38.8  13.8  108.7  19.8  39.0  84.5    0 Y11-D35-RSG18
 11.U SG2  20    0   FA  20.6  40.2  39.2  47.5  72.2  51.9   1.0  29.5  35.2  42.4  38.8  13.8  108.7  19.8  39.0  84.5    0 Y11-D42-RSG25
 11.U SG2  20    0   FA  20.6  40.2  39.2  47.5  72.2  51.9   1.0  29.5  35.2  42.4  38.8  13.8  109.7  19.8  39.0  84.5    0 Y11-D43-RSG26
 11.U SG2  20    0   FA  20.6  40.2  39.2  47.5  72.2  51.9   1.0  29.5  35.2  42.4  38.8  13.8  109.7  19.8  41.2  84.5    0 Y11-D49-RSG32
 11.U SG2  20    0   FA  20.6  40.1  39.3  47.5  72.2  51.9   1.0  29.5  35.2  42.4  38.8  13.8  109.7  19.8  41.2  84.5    0 Y11-D53-RSG36
 11.U SG2  20    0   FA  20.6  40.1  39.3  47.5  72.2  51.9   1.0  29.5  34.7  42.4  38.8  13.8  109.7  19.8  41.2  84.5    0 Y11-D55-RSG38
 11.U SG2  20    0   FA  21.1  39.8  39.1  47.5  72.2  51.9   1.0  29.5  34.7  42.4  38.8  15.1  109.7  19.8  41.2  84.5    0 Y11-D59-RSG42
 11.U SG2  20    0   FA  21.1  39.8  39.1  47.5  72.2  51.9   1.0  29.5  34.7  42.4  37.8  15.1  109.7  21.1  41.2  84.5    0 Y11-D61-RSG44
 11.U SG2  20    0   FA  21.1  39.8  39.1  47.5  72.2  51.9   1.0  29.5  34.7  42.4  37.8  15.1  110.7  21.1  41.2  83.5    0 Y11-D66-RSG49
 11.U SG2  20    0   FA  21.1  39.8  39.1  47.5  72.2  51.9   1.0  29.5  34.7  42.4  37.8  12.2  110.7  21.1  41.2  83.5    0 Y11-D68-RSG51
 11.U SG2  20    0   FA  21.1  39.8  39.1  47.5  72.2  51.9   1.0  29.5  34.7  42.4  37.8  12.2  110.7  22.9  41.2  83.5    0 Y11-D69-RSG52
 11.U SG2  20    0   FA  21.1  39.8  39.1  47.5  72.2  51.9   1.0  29.5  34.7  42.4  37.8  12.2  110.7  22.9  41.2  80.8    0 Y11-D75-RSG58
 11.U SG2  20    0   FA  21.1  39.8  39.1  47.5  72.2  51.9   1.0  29.5  34.7  40.4  37.8  12.2  110.7  22.9  41.2  80.8    0 Y11-D78-RSG61
 11.U SG2  20    0   FA  21.1  39.8  39.1  47.5  72.2  51.9   1.0  29.5  34.7  40.4  37.8  13.2  110.7  22.9  41.2  80.8    0 Y11-D81-RSG64
 11.U SG2  20    0   FA  21.1  39.8  39.1  48.5  72.2  51.9   1.0  29.5  34.7  40.4  37.8  13.2  110.7  22.9  41.2  80.8    0 Y11-D90-RSG73
 11.U SG2  20    0   FA  21.1  39.8  39.1  48.5  72.2  51.9   1.0  29.5  34.7  40.4  39.1  13.2  110.7  22.9  41.2  80.8    0 Y11-D94-RSG77
