Draft Pos Age YPro Team InPro 2JPro 3PPro InEff 2JEff 3PEff  OReb  DReb  BDom PassR PassE InDef PerDef  InFR PerFR FTEff GInj Updated
 11.U PG1  20    0  DRA  33.9  38.5  27.6  56.6  81.9  70.6   5.6  34.3  75.1  73.4  80.7  14.7   77.3  36.9  42.6  50.4    0 Y11-D1-Draft
 11.U PG1  20    0   FA  33.9  38.5  27.6  56.6  81.9  70.6   5.6  34.3  75.1  73.4  80.7  14.7   77.3  36.9  42.6  48.1    0 Y11-D18-RSG1
 11.U PG1  20    0   FA  33.9  38.5  27.6  56.6  81.9  70.6   5.6  34.3  75.1  73.4  77.7  14.7   77.3  36.9  42.6  48.1    0 Y11-D22-RSG5
 11.U PG1  20    0   FA  34.4  39.1  26.5  56.6  81.9  70.6   5.6  34.3  75.1  73.4  77.7  13.7   77.3  36.9  42.6  48.1    0 Y11-D28-RSG11
 11.U PG1  20    0   FA  34.9  39.7  25.4  56.6  81.9  70.6   5.6  34.3  75.1  73.4  77.7  13.7   77.3  36.9  42.6  48.1    0 Y11-D31-RSG14
 11.U PG1  20    0   FA  34.9  39.7  25.4  57.6  81.9  70.6   5.6  34.3  75.1  73.4  77.7  13.7   77.3  36.9  42.6  48.1    0 Y11-D36-RSG19
 11.U PG1  20    0   FA  34.9  39.7  25.4  57.6  80.1  70.6   5.6  34.3  75.1  73.4  77.7  13.7   77.3  37.9  42.6  48.1    0 Y11-D41-RSG24
 11.U PG1  20    0   FA  34.9  39.7  25.4  57.6  83.5  70.6   5.6  34.3  75.1  73.4  77.7  13.7   77.3  37.9  42.6  48.1    0 Y11-D51-RSG34
 11.U PG1  20    0   FA  34.9  39.7  25.4  57.6  83.5  67.8   5.6  34.3  75.1  73.4  77.7  13.7   77.3  37.9  42.6  48.1    0 Y11-D55-RSG38
 11.U PG1  20    0   FA  34.9  39.7  25.4  57.6  83.5  67.8   5.6  34.3  74.7  73.4  77.7  13.7   77.3  37.9  42.6  48.1    0 Y11-D57-RSG40
 11.U PG1  20    0   FA  34.9  39.7  25.4  57.6  83.5  69.6   5.6  34.3  74.7  73.4  77.7  13.7   77.3  37.9  42.6  48.1    0 Y11-D68-RSG51
 11.U PG1  20    0   FA  34.9  39.7  25.4  57.6  83.5  69.6   5.6  34.3  74.7  69.7  77.7  13.7   77.3  37.9  42.6  48.1    0 Y11-D76-RSG59
 11.U PG1  20    0   FA  34.9  39.7  25.4  57.6  83.5  69.6   5.6  34.3  74.7  69.7  76.7  13.7   77.3  37.9  42.6  48.1    0 Y11-D77-RSG60
 11.U PG1  20    0   FA  34.9  39.7  25.4  57.6  83.5  69.6   4.6  34.3  74.7  69.7  76.7  13.7   77.3  37.9  42.6  48.1    0 Y11-D78-RSG61
 11.U PG1  20    0   FA  34.9  39.7  25.4  57.6  83.5  69.6   4.6  34.3  74.7  69.7  76.7  13.7   77.3  37.9  44.2  48.1    0 Y11-D83-RSG66
 11.U PG1  20    0   FA  34.9  39.7  25.4  57.6  86.9  69.6   4.6  34.3  74.7  69.7  76.7  13.7   77.3  37.9  44.2  48.1    0 Y11-D84-RSG67
 11.U PG1  20    0   FA  34.9  39.7  25.4  57.6  86.9  69.6   4.6  34.3  74.7  69.7  80.4  13.7   77.3  37.9  44.2  48.1    0 Y11-D90-RSG73
 11.U PG1  20    0   FA  34.9  39.7  25.4  57.6  86.9  69.6   4.6  34.3  74.7  69.7  80.4  13.7   74.5  37.9  44.2  48.1    0 Y11-D94-RSG77
