Year:11 Game:23 Type:RS CRO@QUE
Cromwell CTime FGM FGA 2PM 2PA 3PM 3PA FTM FTA PBM PBA InM InA 2JM 2JA OR DF TR Ast FC FD Pts InP 2CP +/- TPF TPA Tchs Pass IFC PFC IFD PFD
STARTERS
     Ji7  2700   4  14   3  11   1   3   6   7   1   2   2   7   1   4  3  2  5  10  1  3  15   7   2   1 120 119   44   27   0   1   2   1
    Kc11  2669  10  19  10  18   0   1   3   4   1   1  10  17   0   1  2 10 12   1  1  2  23  22   2   7 117 110   23    2   0   1   1   1
     Ja3  1136   7  12   7  12   0   0   1   2   1   2   6   8   1   4  2  1  3   0  3  1  15  13   4  -7  39  46   15    2   3   0   1   0
    He10   847   1   6   1   5   0   1   0   0   0   0   0   1   1   4  2  6  8   0  0  0   2   0   0  -3  27  30    6    0   0   0   0   0
     Fi3   380   0   1   0   0   0   1   0   0   0   0   0   0   0   0  1  0  1   2  0  0   0   0   0 -10   7  17    4    3   0   0   0   0
BENCH
     Fj3  2100   9  11   6   7   3   4  15  17   1   1   2   2   4   5  2  3  5   5  0  6  36   6   5  15 107  92   28   11   0   0   1   5
     If1  1853   6  15   4  10   2   5   2   2   0   1   0   4   4   6  1  4  5   9  2  1  16   2   2   4  93  89   28   12   1   1   1   0
     Ia3  1560   5   9   5   7   0   2   0   0   0   0   4   6   1   1  5  6 11   1  0  0  10   8   4  11  81  70   10    1   0   0   0   0
     Eg6   251   0   2   0   1   0   1   3   4   0   0   0   0   0   1  0  2  2   0  0  2   3   0   0 -10   9  19    4    0   0   0   0   2
     Kf2     4   0   0   0   0   0   0   0   0   0   0   0   0   0   0  0  0  0   0  0  0   0   0   0  -3   0   3    0    0   0   0   0   0
Jc5      DNP-CD
Ie8      DNP-Injured
Queens CTime FGM FGA 2PM 2PA 3PM 3PA FTM FTA PBM PBA InM InA 2JM 2JA OR DF TR Ast FC FD Pts InP 2CP +/- TPF TPA Tchs Pass IFC PFC IFD PFD
STARTERS
   Dg3  2700   9  17   6   9   3   8   7   7   0   0   3   5   3   4  0  6  6  10  3  3  28   8   4  -1 119 120   36   16   0   3   1   2
   Ej5  2700  11  19   8  12   3   7   0   0   0   1   1   4   7   8  2  2  4  22  1  0  25   2   0  -1 119 120   66   47   0   1   0   0
   Ie9  2446  10  18   7  13   3   5   2   2   0   0   4   8   3   5  0  4  4   1  2  1  25  10   0   4 108 104   23    4   1   1   1   0
   Ga5  2182   7  13   7  13   0   0   3   4   1   2   6   9   1   4  5  9 14   1  4  2  17  15   3   2  89  87   17    2   3   1   2   0
   Ec2  1548   3  11   3  11   0   0   0   0   0   0   2   8   1   3  0  8  8   0  2  0   6   4   0  -7  54  61   12    1   2   0   0   0
BENCH
   Ia2  1335   6   9   6   8   0   1   0   0   0   0   3   4   3   4  1  4  5   0  2  0  12   6   2  -5  67  72    9    0   0   2   0   0
   He5   585   0   1   0   1   0   0   3   3   0   0   0   0   0   1  0  0  0   0  1  1   3   0   0   0  36  36    2    0   0   1   0   1
  Kj10     4   1   1   0   0   1   1   0   0   0   0   0   0   0   0  0  0  0   0  0  0   3   0   0   3   3   0    1    0   0   0   0   0
Fa7    DNP-CD
Hi3    DNP-CD
Jc4    DNP-CD
Jg1    DNP-CD
Ih4    DNP-Injured
