Year:11 Game:32 Type:RS WIL@KEN
Wilson CTime FGM FGA 2PM 2PA 3PM 3PA FTM FTA PBM PBA InM InA 2JM 2JA OR DF TR Ast FC FD Pts InP 2CP +/- TPF TPA Tchs Pass IFC PFC IFD PFD
STARTERS
   Ei5  2060  11  15  10  13   1   2   0   0   0   0   4   4   6   9  1  3  4   4  0  0  23   8   0  18  96  78   33   18   0   0   0   0
   Hc5  2060  12  18  12  18   0   0   2   4   1   1   8   9   4   9  1  9 10   3  3  2  26  18   2  18  96  78   24    4   2   1   2   0
   Ic4  2060  11  17  11  17   0   0   4   6   0   0  11  17   0   0  3  8 11   0  1  3  26  26   3  18  96  78   20    0   1   0   3   0
   He2  1800   3   9   1   3   2   6   0   0   0   0   1   1   0   2  1 12 13   0  0  0   8   2   3  16  83  67    9    0   0   0   0   0
   Gi3  1635   5  11   5   9   0   2   0   0   2   2   3   3   2   6  3  1  4  14  3  0  10   6   4  15  78  63   30   19   1   2   0   0
BENCH
   Jg6   765   2   3   1   1   1   2   0   0   0   0   0   0   1   1  1  3  4   2  1  0   5   0   0   2  30  28    6    3   0   1   0   0
   Hf1   600   0   2   0   1   0   1   0   0   0   0   0   1   0   0  1  1  2   0  1  0   0   0   0   1  25  24    2    0   0   1   0   0
   Ea2   340   0   1   0   1   0   0   0   0   0   0   0   1   0   0  0  0  0   1  0  0   0   0   0  -1  12  13    2    1   0   0   0   0
   Fj6   340   3   6   1   2   2   4   0   0   0   0   0   1   1   1  0  0  0   0  1  0   8   0   2  -1  12  13    9    3   0   1   0   0
   Ka4   340   1   3   1   3   0   0   0   2   0   0   0   2   1   1  1  1  2   0  0  1   2   0   0  -1  12  13    4    0   0   0   1   0
Ee3    DNP-CD
Jh6    DNP-CD
Kh2    DNP-CD
Kendal CTime FGM FGA 2PM 2PA 3PM 3PA FTM FTA PBM PBA InM InA 2JM 2JA OR DF TR Ast FC FD Pts InP 2CP +/- TPF TPA Tchs Pass IFC PFC IFD PFD
STARTERS
   Da1  2400   4  11   4  11   0   0   6   6   0   0   3   6   1   5  1 14 15   0  1  3  14  10   0 -17  91 108   18    4   1   0   2   1
   Gj1  2400   7   9   5   6   2   3   5   5   0   0   0   0   5   6  0  6  6   7  0  2  21   0   2 -17  91 108   34   23   0   0   0   2
   Ge2  1166   3   9   1   6   2   3   2   2   0   0   1   3   0   3  2  2  4   1  0  1  10   4   3  -5  45  50   11    1   0   0   1   0
   Jc7   860   2   9   2   9   0   0   0   0   0   1   2   6   0   3  1  4  5   0  1  0   4   4   0 -11  29  40    9    0   1   0   0   0
   Eh1   809   1  10   1   2   0   8   0   0   1   2   1   2   0   0  2  1  3   2  0  0   2   2   2 -16  21  37   12    2   0   0   0   0
BENCH
   Ff2  1719   5   8   2   3   3   5   5   7   0   0   0   0   2   3  2  2  4   1  3  3  18   2   7  -5  74  79   13    2   3   0   1   2
   Ej4  1459   5  13   3   6   2   7   3   3   0   0   1   1   2   5  1  1  2   5  0  1  15   2   0  -3  63  66   26   12   0   0   0   1
   Ii6   600   1   5   1   2   0   3   0   0   0   0   0   1   1   1  2  0  2   1  0  0   2   0   0  -1  24  25    8    3   0   0   0   0
   Hb1   340   1   2   0   0   1   2   0   0   0   0   0   0   0   0  0  0  0   0  1  0   3   0   0   1  13  12    2    0   1   0   0   0
   Jc3   247   1   2   1   2   0   0   0   0   0   0   1   2   0   0  0  0  0   0  0  0   2   2   0 -11   4  15    2    0   0   0   0   0
Ka8    DNP-CD
Kg9    DNP-CD
Ga11   DNP-Injured
