Year:11 Game:54 Type:RS RAY@HAR
Rays CTime FGM FGA 2PM 2PA 3PM 3PA FTM FTA PBM PBA InM InA 2JM 2JA OR DF TR Ast FC FD Pts InP 2CP +/- TPF TPA Tchs Pass IFC PFC IFD PFD
STARTERS
 Dj3  2269   6  11   3   5   3   6   0   0   0   0   0   1   3   4  1  2  3  10  1  0  15   0   0 -20  78  98   32   21   1   0   0   0
 Gc7  2149  10  16  10  15   0   1   6   6   1   1   6   9   4   6  1  6  7   1  3  3  26  18   2 -18  78  96   20    1   1   2   3   0
 Ge7  1934   6  13   4   8   2   5   0   0   2   3   3   6   1   2  5  6 11   0  2  0  14   6   4 -10  74  84   13    0   1   1   0   0
 Ja6  1432   3  12   3  11   0   1   0   0   0   0   3   8   0   3  2 10 12   2  1  0   6   6   2   0  52  52   17    5   1   0   0   0
 Ig2  1276   3   7   3   7   0   0   0   0   2   2   2   6   1   1  2  0  2   4  3  0   6   4   4  -2  48  50   15    8   2   1   0   0
BENCH
 Jj3   892   2   9   0   2   2   7   1   2   0   0   0   0   0   2  0  0  0   1  1  1   7   1   0 -12  30  42   15    5   0   1   1   0
 Fd1   798   1   2   1   2   0   0   0   0   0   0   1   2   0   0  0  1  1   0  0  0   2   2   0 -19  20  39    2    0   0   0   0   0
 Fa3   522   2   7   2   7   0   0   0   0   0   0   2   3   0   4  1  2  3   0  0  0   4   4   2  -5  14  19    7    0   0   0   0   0
 Hf2   466   0   3   0   3   0   0   0   0   0   0   0   0   0   3  1  0  1   0  0  0   0   0   0  -8   8  16    5    2   0   0   0   0
 Ka7   131   0   1   0   0   0   1   2   2   0   0   0   0   0   0  1  1  2   0  0  1   2   2   0   2   4   2    2    0   0   0   1   0
Ki12   131   0   0   0   0   0   0   0   0   0   0   0   0   0   0  0  0  0   1  0  0   0   0   0   2   4   2    4    4   0   0   0   0
Ea6  DNP-CD
Cg1  DNP-Injured
Hartford CTime FGM FGA 2PM 2PA 3PM 3PA FTM FTA PBM PBA InM InA 2JM 2JA OR DF TR Ast FC FD Pts InP 2CP +/- TPF TPA Tchs Pass IFC PFC IFD PFD
STARTERS
     Ga2  2269   6  11   6  11   0   0   5   8   0   0   6   8   0   3  4 11 15   0  1  4  17  17   3  20  98  78   15    0   1   0   4   0
     Ha5  2269  10  11  10  11   0   0   3   4   0   0   9   9   1   2  1  6  7   0  1  2  23  21   4  20  98  78   14    1   1   0   2   0
     Ii9  2269   3   8   2   5   1   3   0   0   0   0   0   0   2   5  1  2  3  12  0  0   7   0   2  20  98  78   35   27   0   0   0   0
     Ee1  1490   4  10   3   4   1   6   0   0   0   0   3   3   0   1  4  5  9   0  0  0   9   6   3  19  68  49   11    1   0   0   0   0
     Fj4  1379   6  16   5  10   1   6   7   7   0   0   2   2   3   8  0  4  4   9  1  3  20   4   2   5  59  54   32   13   1   0   0   3
BENCH
     Gg2  1021   5   9   3   3   2   6   3   3   0   0   3   3   0   0  0  2  2   1  2  1  15   6   0  13  41  28   14    4   2   0   0   1
     Ge8   779   2   5   1   1   1   4   2   2   0   0   0   0   1   1  1  4  5   0  0  1   7   0   0   1  30  29    6    0   0   0   0   1
     Gc3   131   1   1   1   1   0   0   0   0   0   0   1   1   0   0  0  1  1   0  0  0   2   2   0  -2   2   4    1    0   0   0   0   0
     Hi5   131   0   0   0   0   0   0   0   0   0   0   0   0   0   0  0  0  0   0  0  0   0   0   0  -2   2   4    0    0   0   0   0   0
     Ka1   131   0   1   0   1   0   0   0   0   0   0   0   1   0   0  0  0  0   0  0  0   0   0   0  -2   2   4    1    0   0   0   0   0
    Kf10   131   0   1   0   1   0   0   0   0   0   0   0   0   0   1  0  0  0   0  0  0   0   0   0  -2   2   4    1    0   0   0   0   0
Hg4      DNP-CD
Jg3      DNP-CD
