Year:11 Game:51 Type:RS QUE@WIL
Queens CTime FGM FGA 2PM 2PA 3PM 3PA FTM FTA PBM PBA InM InA 2JM 2JA OR DF TR Ast FC FD Pts InP 2CP +/- TPF TPA Tchs Pass IFC PFC IFD PFD
STARTERS
   Dg3  2008   5  12   2   6   3   6  10  10   0   0   2   6   0   0  0  3  3   6  0  4  23   6   5  25  95  70   28   12   0   0   1   3
   Ej5  2008   4   9   3   4   1   5   8   8   0   0   1   2   2   2  0  0  0  10  0  3  17   2   0  25  95  70   31   19   0   0   0   3
   Ia2  2008  13  19  13  19   0   0   3   4   2   2  11  15   2   4  5  7 12   0  0  2  29  25   8  25  95  70   22    1   0   0   2   0
   Ie9  2008   6   9   5   8   1   1   0   0   0   0   3   5   2   3  2 10 12   0  1  0  13   6   0  25  95  70   12    3   1   0   0   0
   Ga5  1784   5   7   5   7   0   0   1   2   0   0   3   5   2   2  0  6  6   0  2  1  11   7   0  24  83  59    8    0   2   0   1   0
BENCH
   Ec2   392   1   3   1   3   0   0   1   2   0   0   1   2   0   1  1  0  1   0  1  1   3   3   2  -7  12  19    4    0   1   0   1   0
   He5   392   3   4   2   3   1   1   0   0   0   0   1   2   1   1  0  1  1   1  0  0   7   2   0  -7  12  19    5    1   0   0   0   0
   Jc4   392   1   4   1   4   0   0   0   0   0   0   1   2   0   2  0  3  3   0  1  0   2   2   0  -7  12  19    4    0   1   0   0   0
   Jg1   392   0   1   0   1   0   0   0   0   0   0   0   0   0   1  0  1  1   1  0  0   0   0   0  -7  12  19    2    1   0   0   0   0
  Kj10   392   0   2   0   1   0   1   0   0   0   0   0   0   0   1  0  1  1   3  0  0   0   0   0  -7  12  19   11    9   0   0   0   0
   Fa7   224   1   2   1   2   0   0   0   0   0   0   1   1   0   1  1  0  1   0  0  0   2   2   0   1  12  11    2    0   0   0   0   0
Hi3    DNP-CD
Ih4    DNP-Injured
Wilson CTime FGM FGA 2PM 2PA 3PM 3PA FTM FTA PBM PBA InM InA 2JM 2JA OR DF TR Ast FC FD Pts InP 2CP +/- TPF TPA Tchs Pass IFC PFC IFD PFD
STARTERS
   Hc5  2008   7  12   7  12   0   0   4   6   0   0   7  11   0   1  4  3  7   0  1  3  18  18   4 -25  70  95   16    1   0   1   3   0
   Ei5  1800   7  16   7  11   0   5   0   0   0   0   3   4   4   7  4  2  6   8  0  0  14   6   0 -23  61  84   31   15   0   0   0   0
   Ic4  1440   5  13   5  13   0   0   0   0   1   1   5  12   0   1  2  3  5   0  1  0  10  10   4 -20  47  67   14    1   1   0   0   0
   Gi3  1424   1   6   1   5   0   1   0   0   0   1   1   3   0   2  3  0  3   6  3  0   2   2   0 -21  45  66   21   15   0   3   0   0
   He2  1225   2   4   1   1   1   3   0   0   0   0   0   0   1   1  0  5  5   0  2  0   5   0   3 -16  46  62    4    0   2   0   0   0
BENCH
   Fj6  1184   4   9   2   5   2   4   2   2   0   0   1   3   1   2  0  2  2   5  2  1  12   4   0   1  53  52   19    9   0   2   1   0
   Ea2   752   2   3   2   3   0   0   0   0   1   1   2   3   0   0  1  5  6   0  2  0   4   4   2   4  33  29    4    1   2   0   0   0
   Ka4   600   3   5   3   5   0   0   0   0   0   0   3   4   0   1  0  3  3   0  0  0   6   6   0   5  28  23    5    0   0   0   0   0
   Jg6   559   2   7   1   6   1   1   0   0   1   1   1   3   0   3  1  1  2   0  0  0   5   2   2  -8  13  21    7    0   0   0   0   0
   Jh6   392   2   4   0   0   2   4   2   2   0   0   0   0   0   0  0  0  0   0  0  1   8   2   0   7  19  12    7    2   0   0   1   0
   Kh2   392   2   3   1   2   1   1   0   0   0   0   0   0   1   2  0  2  2   1  0  0   5   0   0   7  19  12    4    1   0   0   0   0
   Ee3   224   0   1   0   1   0   0   0   0   0   0   0   0   0   1  0  1  1   1  0  0   0   0   0  -1  11  12    2    1   0   0   0   0
Hf1    DNP-Injured
