Year:11 Game:16 Type:RS HAR@KEN
Hartford CTime FGM FGA 2PM 2PA 3PM 3PA FTM FTA PBM PBA InM InA 2JM 2JA OR DF TR Ast FC FD Pts InP 2CP +/- TPF TPA Tchs Pass IFC PFC IFD PFD
STARTERS
     Ga2  2078   5   9   5   9   0   0   2   2   1   2   3   5   2   4  4  6 10   0  1  1  12   8   2 -21  71  92   10    0   1   0   1   0
     Ge8  2078   3   7   2   4   1   3   0   2   0   0   1   3   1   1  1  4  5   0  1  1   7   2   0 -21  71  92    9    1   0   1   1   0
     Ha5  1757   2   7   2   7   0   0   4   6   0   1   2   6   0   1  3  7 10   0  0  3   8   8   1 -19  61  80   10    0   0   0   3   0
     Fj4  1478   4  10   3   8   1   2   5   5   0   0   0   1   3   7  0  4  4   8  0  2  14   0   0 -11  55  66   26   14   0   0   0   2
     Gg2  1200   5  18   3  10   2   8   4   4   0   0   3   6   0   4  1  0  1   0  1  2  16  10   0  -5  44  49   22    2   0   1   2   0
BENCH
     Ka1   643   1   3   1   3   0   0   3   4   0   0   1   1   0   2  0  4  4   0  0  2   5   5   0   3  24  21    5    0   0   0   2   0
     Hg4   600   0   2   0   0   0   2   0   0   0   0   0   0   0   0  0  0  0   3  0  0   0   0   0 -10  16  26    7    5   0   0   0   0
     Hi5   600   5   7   4   5   1   2   0   0   0   0   1   2   3   3  1  0  1   0  0  0  11   2   2 -10  16  26   15    8   0   0   0   0
     Ii9   600   0   2   0   1   0   1   0   0   0   0   0   0   0   1  0  1  1   7  0  0   0   0   0  -1  25  26   13   11   0   0   0   0
     Ee1   322   2   2   2   2   0   0   0   0   0   0   2   2   0   0  0  2  2   0  1  0   4   4   0   5  14   9    2    0   1   0   0   0
     Jg3   322   2   6   2   5   0   1   0   0   0   0   2   2   0   3  1  1  2   1  0  0   4   4   0   5  14   9    7    1   0   0   0   0
    Kf10   322   2   2   2   2   0   0   0   0   0   0   0   0   2   2  0  1  1   0  0  0   4   0   0   5  14   9    2    0   0   0   0   0
Gc3      DNP-Injured
Kendal CTime FGM FGA 2PM 2PA 3PM 3PA FTM FTA PBM PBA InM InA 2JM 2JA OR DF TR Ast FC FD Pts InP 2CP +/- TPF TPA Tchs Pass IFC PFC IFD PFD
STARTERS
   Eh1  2078   4  14   0   2   4  12   0   0   0   0   0   0   0   2  2  4  6   4  1  0  12   0   3  21  92  71   21    7   0   1   0   0
   Ge2  2078   5   7   3   4   2   3   0   0   0   0   3   3   0   1  2  7  9   1  3  0  12   6   2  21  92  71   10    3   2   1   0   0
   Gj1  2078   8  12   4   5   4   7   2   2   0   0   0   0   4   5  1  3  4  12  0  1  22   0   0  21  92  71   31   18   0   0   0   1
  Ga11  1582   7  18   6  16   1   2   3   4   1   1   5  10   1   6  4  6 10   2  2  2  18  11   4   9  68  59   26    6   2   0   1   1
   Da1  1314  10  14  10  14   0   0   0   0   0   0   7   8   3   6  2  6  8   1  3  0  20  14   4  16  55  39   16    2   3   0   0   0
BENCH
   Jc7  1260   4   8   4   8   0   0   0   0   0   0   3   5   1   3  1  4  5   3  2  0   8   6   0  17  61  44   11    3   2   0   0   0
   Ej4   322   0   2   0   1   0   1   0   0   0   0   0   0   0   1  0  1  1   2  0  0   0   0   0  -5   9  14    7    5   0   0   0   0
   Ii6   322   1   1   1   1   0   0   0   0   0   0   1   1   0   0  0  0  0   0  0  0   2   2   0  -5   9  14    2    1   0   0   0   0
   Jc3   322   0   1   0   1   0   0   1   2   0   0   0   1   0   0  0  3  3   0  0  1   1   1   0  -5   9  14    2    0   0   0   1   0
   Ka8   322   3   6   3   6   0   0   0   0   0   0   2   3   1   3  0  0  0   0  0  0   6   4   0  -5   9  14    6    0   0   0   0   0
   Kg9   322   0   0   0   0   0   0   0   0   0   0   0   0   0   0  0  0  0   1  0  0   0   0   0  -5   9  14    1    1   0   0   0   0
Ff2    DNP-CD
Hb1    DNP-CD
