Year:11 Game:79 Type:RS RAY@QUE
Rays CTime FGM FGA 2PM 2PA 3PM 3PA FTM FTA PBM PBA InM InA 2JM 2JA OR DF TR Ast FC FD Pts InP 2CP +/- TPF TPA Tchs Pass IFC PFC IFD PFD
STARTERS
 Gc7  2109   9  14   8  13   1   1   2   2   0   1   7  12   1   1  3  7 10   0  2  1  21  16   4 -22  72  94   19    4   2   0   1   0
 Ge7  1760   6  12   6   8   0   4   0   0   1   1   5   6   1   2  2  1  3   0  0  0  12  10   2 -19  62  81   12    0   0   0   0   0
 Ja6  1760   8  17   8  16   0   1   0   0   1   1   7  11   1   5  4  6 10   1  1  0  16  14   2 -19  62  81   20    3   1   0   0   0
 Ig2  1490   5  13   5  10   0   3   3   4   0   0   5   9   0   1  0  3  3   6  2  2  13  13   3  -6  60  66   28   13   1   1   2   0
 Dj3  1200   3  10   3   5   0   5   0   0   0   0   0   0   3   5  1  2  3   3  0  0   6   0   0 -24  35  59   17    7   0   0   0   0
BENCH
 Fd1  1201   1   4   1   3   0   1   0   0   1   1   1   3   0   0  2  2  4   0  0  0   2   2   2 -14  36  50    6    2   0   0   0   0
Ki12  1200   3   9   3   9   0   0   0   0   0   1   2   4   1   5  1  2  3   9  1  0   6   4   0   3  49  46   25   16   0   1   0   0
 Hf2   640   1   2   1   1   0   1   4   5   0   0   0   0   1   1  1  4  5   2  0  2   6   0   0  -2  22  24    7    3   0   0   0   2
 Fa3   349   1   4   1   4   0   0   0   2   0   0   1   4   0   0  0  1  1   1  0  1   2   2   0  -3  10  13    6    1   0   0   1   0
 Ea6   291   0   0   0   0   0   0   0   0   0   0   0   0   0   0  0  0  0   0  0  0   0   0   0   1  12  11    0    0   0   0   0   0
Cg1  DNP-Injured
Jj3  DNP-Injured
Ka7  DNP-Injured
Queens CTime FGM FGA 2PM 2PA 3PM 3PA FTM FTA PBM PBA InM InA 2JM 2JA OR DF TR Ast FC FD Pts InP 2CP +/- TPF TPA Tchs Pass IFC PFC IFD PFD
STARTERS
   Dg3  2109   6  11   3   6   3   5   0   0   0   0   3   5   0   1  0  4  4   4  0  0  15   6   2  22  94  72   21   10   0   0   0   0
   Ej5  2109   7  10   6   9   1   1   0   0   0   0   2   3   4   6  0  1  1  22  0  0  15   4   0  22  94  72   47   37   0   0   0   0
   Ga5  2109   7  11   7   9   0   2   2   3   1   2   5   6   2   3  2  9 11   0  0  1  16  10   2  22  94  72   12    0   0   0   0   1
   He5  2109  11  17  11  16   0   1   2   2   1   1   7   9   4   7  1  7  8   1  0  1  24  14   2  22  94  72   19    1   0   0   0   1
   Fa7  1513   8  15   8  15   0   0   6   6   0   0   5   9   3   6  2  8 10   2  3  3  22  16   0  24  72  48   21    3   3   0   3   0
BENCH
   Ec2   719   3   4   2   3   1   1   0   2   0   0   2   2   0   1  1  5  6   0  2  1   7   4   3  -4  28  32    5    0   0   2   1   0
   Jc4   459   1   6   1   6   0   0   0   0   0   0   1   4   0   2  0  1  1   0  0  0   2   2   0   0  16  16    6    0   0   0   0   0
   Hi3   291   1   3   1   1   0   2   0   0   0   0   1   1   0   0  0  0  0   2  1  0   2   2   2  -1  11  12    6    3   1   0   0   0
   Jg1   291   1   1   1   1   0   0   0   0   0   0   0   0   1   1  1  0  1   0  0  0   2   0   0  -1  11  12    1    0   0   0   0   0
  Kj10   291   0   1   0   1   0   0   0   0   0   0   0   0   0   1  0  0  0   3  0  0   0   0   0  -1  11  12    5    4   0   0   0   0
Ia2    DNP-Injured
Ie9    DNP-Injured
Ih4    DNP-Injured
