Year:11 Game:33 Type:RS LAT@CRO
Latymer CTime FGM FGA 2PM 2PA 3PM 3PA FTM FTA PBM PBA InM InA 2JM 2JA OR DF TR Ast FC FD Pts InP 2CP +/- TPF TPA Tchs Pass IFC PFC IFD PFD
STARTERS
    Ga4  1995   8  12   8  10   0   2   5   8   0   0   7   9   1   1  3  5  8   1  1  4  21  17   3 -22  62  84   18    2   1   0   3   1
    Ia7  1995   4   7   4   6   0   1   0   0   0   0   4   5   0   1  2  5  7   0  1  0   8   8   2 -22  62  84    8    1   1   0   0   0
    Ii1  1493   3   9   2   6   1   3   3   4   0   0   1   3   1   3  2  1  3   4  2  2  10   5   2 -21  44  65   27   16   1   1   2   0
    Eg3  1281   5  12   4  10   1   2   2   2   0   0   1   5   3   5  1  2  3   3  3  1  13   2   0 -14  47  61   19    6   0   3   0   1
    Df2   600   1   5   1   2   0   3   0   0   0   0   1   2   0   0  0  2  2   0  1  0   2   2   0  -8  19  27    5    0   0   1   0   0
BENCH
    Gi6  1509   2   6   2   4   0   2   0   0   0   0   2   2   0   2  0  4  4   1  0  0   4   4   0 -14  43  57    9    3   0   0   0   0
    Ji1   907   1   7   1   5   0   2   0   0   0   0   1   2   0   3  1  2  3   6  2  0   2   2   0  -2  32  34   16    9   0   2   0   0
    Ee6   824   1   9   1   8   0   1   0   0   0   0   1   5   0   3  0  0  0   0  2  0   2   2   0  -7  23  30    9    0   1   1   0   0
    Ja1   405   0   0   0   0   0   0   0   0   0   0   0   0   0   0  1  4  5   0  1  0   0   0   0  -1  14  15    0    0   0   1   0   0
    Ka2   405   2   3   2   3   0   0   0   0   0   0   2   2   0   1  0  2  2   0  2  0   4   4   0  -1  14  15    3    0   0   2   0   0
    Ki2   405   3   4   3   3   0   1   2   3   0   0   0   0   3   3  0  0  0   3  0  1   8   0   0  -1  14  15   12    7   0   0   0   1
    Ce2   181   1   3   1   3   0   0   0   0   0   1   1   3   0   0  1  0  1   0  0  0   2   2   0  -2   6   8    3    0   0   0   0   0
Ia6     DNP-CD
Cromwell CTime FGM FGA 2PM 2PA 3PM 3PA FTM FTA PBM PBA InM InA 2JM 2JA OR DF TR Ast FC FD Pts InP 2CP +/- TPF TPA Tchs Pass IFC PFC IFD PFD
STARTERS
     Ji7  1995   7  13   7  12   0   1   0   0   0   0   2   4   5   8  0  5  5  11  0  0  14   4   2  22  84  62   35   22   0   0   0   0
     Fj3  1800   4   9   3   6   1   3   4   5   0   0   0   1   3   5  2  2  4   3  0  2  13   0   0  23  75  52   18    7   0   0   0   2
     If1  1800   5  13   4   9   1   4   7   9   1   1   1   2   3   7  1  7  8   5  2  3  18   2   2  23  75  52   25    9   1   1   0   3
     Ja3  1800   7  10   7  10   0   0   4   6   0   0   7   9   0   1  2  9 11   0  2  3  18  18   0  23  75  52   15    2   1   1   3   0
    Kc11  1331   5   7   5   7   0   0   0   0   2   2   5   7   0   0  3  3  6   0  3  0  10  10   6   3  53  50    7    0   3   0   0   0
BENCH
     Ia3  1264   3   5   3   5   0   0   2   2   0   0   2   3   1   2  0  5  5   2  0  1   8   6   2  19  55  36    8    2   0   0   1   0
    He10   600   2   4   2   4   0   0   5   8   0   0   1   1   1   3  0  4  4   0  0  4   9   2   0   0  24  24    8    0   0   0   0   4
     Fi3   405   1   1   1   1   0   0   0   0   0   0   1   1   0   0  0  1  1   2  0  0   2   2   0   1  15  14    8    7   0   0   0   0
     Jc5   405   1   2   1   2   0   0   0   0   0   0   0   0   1   2  1  1  2   0  1  0   2   0   0   1  15  14    2    0   0   1   0   0
     Kf2   405   0   3   0   2   0   1   5   5   0   0   0   2   0   0  0  1  1   0  0  2   5   0   0   1  15  14    5    0   0   0   0   2
     Eg6   195   0   2   0   1   0   1   0   0   0   0   0   0   0   1  0  0  0   0  0  0   0   0   0  -1   9  10    3    1   0   0   0   0
Ie8      DNP-Injured
