Year:11 Game:12 Type:RS LAT@RAY
Latymer CTime FGM FGA 2PM 2PA 3PM 3PA FTM FTA PBM PBA InM InA 2JM 2JA OR DF TR Ast FC FD Pts InP 2CP +/- TPF TPA Tchs Pass IFC PFC IFD PFD
STARTERS
    Eg3  2214  11  22   7  17   4   5   5   6   0   0   4   9   3   8  0  8  8   2  0  3  31  11   3  20  93  73   31    6   0   0   2   1
    Ia7  2214   9  10   9  10   0   0   3   4   0   0   8   8   1   2  1 11 12   1  1  2  21  19   0  20  93  73   13    1   1   0   2   0
    Ii1  2214   3   5   3   4   0   1   4   4   0   0   3   4   0   0  0  2  2  15  1  2  10  10   0  20  93  73   42   35   0   1   2   0
    Ga4  1614   2   9   2   8   0   1   3   6   0   0   1   5   1   3  1 11 12   0  0  3   7   5   2  11  64  53   12    0   0   0   3   0
    Df2   600   0   2   0   1   0   1   7   8   0   0   0   1   0   0  2  0  2   0  0  3   7   2   0  -4  21  25    6    1   0   0   1   2
BENCH
    Gi6  1614   6  11   6  11   0   0   0   2   0   0   2   4   4   7  2  2  4   2  0  1  12   4   2  24  72  48   15    3   0   0   1   0
    Ja1   600   2   2   2   2   0   0   1   2   0   0   2   2   0   0  0  3  3   0  0  1   5   5   0   9  29  20    3    0   0   0   1   0
    Ee6   186   1   1   1   1   0   0   0   0   0   0   1   1   0   0  0  0  0   0  0  0   2   2   0  10  14   4    1    0   0   0   0   0
    Ia6   186   1   2   1   2   0   0   0   0   0   0   0   1   1   1  0  2  2   0  0  0   2   0   0  10  14   4    2    0   0   0   0   0
    Ji1   186   2   2   1   1   1   1   0   0   0   0   0   0   1   1  0  0  0   1  0  0   5   0   0  10  14   4    3    1   0   0   0   0
    Ka2   186   1   1   1   1   0   0   0   0   0   0   0   0   1   1  0  2  2   0  0  0   2   0   0  10  14   4    1    0   0   0   0   0
    Ki2   186   1   1   0   0   1   1   0   0   0   0   0   0   0   0  0  0  0   1  0  0   3   0   0  10  14   4    3    2   0   0   0   0
Ce2     DNP-CD
Rays CTime FGM FGA 2PM 2PA 3PM 3PA FTM FTA PBM PBA InM InA 2JM 2JA OR DF TR Ast FC FD Pts InP 2CP +/- TPF TPA Tchs Pass IFC PFC IFD PFD
STARTERS
 Dj3  2191   5  12   3   5   2   7   0   0   0   0   1   2   2   3  2  1  3  10  2  0  12   2   0 -22  71  93   34   22   1   1   0   0
 Ge7  2191   5  11   3   8   2   3   0   0   0   1   2   3   1   5  1  7  8   0  3  0  12   4   0 -22  71  93   11    0   3   0   0   0
 Ja6  2191   8  13   8  12   0   1   0   0   0   0   8  11   0   1  0  7  7   1  1  0  16  16   2 -22  71  93   17    4   1   0   0   0
 Cg1  1834   4  17   3   6   1  11   0   0   0   0   3   4   0   2  1  4  5   6  1  0   9   6   0 -10  58  68   29   12   1   0   0   0
 Gc7   683   2   4   2   4   0   0   1   2   0   1   1   3   1   1  2  3  5   0  4  1   5   3   0  -6  22  28    5    0   4   0   1   0
BENCH
 Fd1   909   3  12   1   7   2   5   0   0   0   0   1   4   0   3  1  4  5   0  3  0   8   2   0  -5  29  34   12    0   1   2   0   0
 Fa3   578   2   2   2   2   0   0   0   0   1   1   1   1   1   1  1  1  2   0  1  0   4   2   2  -9  20  29    2    0   1   0   0   0
 Jj3   357   1   4   1   3   0   1   3   3   0   0   0   1   1   2  0  0  0   3  0  1   5   0   0 -12  13  25    9    4   0   0   0   1
 Ka7   230   1   2   1   2   0   0   0   0   0   0   1   2   0   0  1  0  1   0  0  0   2   2   0 -10   6  16    2    0   0   0   0   0
 Ea6   209   1   3   1   3   0   0   0   0   0   0   1   2   0   1  0  0  0   0  0  0   2   2   0  -8   6  14    3    0   0   0   0   0
 Hf2   209   0   1   0   1   0   0   0   0   0   0   0   1   0   0  0  0  0   0  0  0   0   0   0  -8   6  14    1    0   0   0   0   0
 Ig2   209   1   1   1   1   0   0   0   0   0   0   0   0   1   1  0  1  1   0  0  0   2   0   0  -8   6  14    2    1   0   0   0   0
Ki12   209   0   1   0   0   0   1   0   0   0   0   0   0   0   0  0  0  0   2  0  0   0   0   0  -8   6  14    6    5   0   0   0   0
