Year:11 Game:3 Type:RS BRE@WIL
Breton CTime FGM FGA 2PM 2PA 3PM 3PA FTM FTA PBM PBA InM InA 2JM 2JA OR DF TR Ast FC FD Pts InP 2CP +/- TPF TPA Tchs Pass IFC PFC IFD PFD
STARTERS
   Ha2  2148   6   9   6   9   0   0   2   2   0   0   6   8   0   1  3  7 10   0  3  1  14  14   2 -18  67  85   10    0   3   0   1   0
   Ie4  1800   4  13   4   9   0   4   5   6   0   0   4   8   0   1  2  8 10   0  1  3  13  13   1  -9  58  67   18    2   1   0   3   0
   Jj5  1548   0   3   0   1   0   2   1   2   0   0   0   1   0   0  1  0  1  11  0  1   1   1   1 -15  44  59   30   26   0   0   1   0
   Ea5  1073   5  12   5  10   0   2   1   4   0   1   5  10   0   0  2  5  7   1  3  2  11  11   1  -3  38  41   15    1   2   1   2   0
   Dg5   506   2   2   2   2   0   0   0   0   0   0   1   1   1   1  1  1  2   1  2  0   4   2   2 -10  16  26    7    5   1   1   0   0
BENCH
   Hh9  1990   4  10   2   6   2   4   4  13   0   0   0   0   2   6  0  2  2   0  1  5  14   0   4 -17  60  77   19    4   0   1   0   5
   Gc8  1327   3   8   3   4   0   4   0   0   0   0   3   4   0   0  1  1  2   0  2  0   6   6   0 -16  36  52    9    1   2   0   0   0
   Hi6   600   2   7   0   3   2   4   0   0   0   0   0   1   0   2  1  0  1   4  0  0   6   0   0  -3  23  26   12    5   0   0   0   0
  Cc10   252   0   1   0   1   0   0   0   0   0   0   0   1   0   0  1  0  1   0  0  0   0   0   0  -1   7   8    1    0   0   0   0   0
   Fj2   252   2   3   1   2   1   1   0   0   0   0   0   0   1   2  0  1  1   0  1  0   5   0   0  -1   7   8    4    1   1   0   0   0
   Kg3   252   0   2   0   2   0   0   0   0   0   0   0   2   0   0  0  1  1   0  0  0   0   0   0  -1   7   8    2    0   0   0   0   0
   Kj6   252   0   0   0   0   0   0   0   0   0   0   0   0   0   0  0  0  0   2  0  0   0   0   0  -1   7   8    4    4   0   0   0   0
De5    DNP-CD
Wilson CTime FGM FGA 2PM 2PA 3PM 3PA FTM FTA PBM PBA InM InA 2JM 2JA OR DF TR Ast FC FD Pts InP 2CP +/- TPF TPA Tchs Pass IFC PFC IFD PFD
STARTERS
   Ic4  2400   6  11   6  10   0   1   5   6   0   0   6   9   0   1  3 11 14   1  1  3  17  17   4  19  93  74   16    2   0   1   3   0
   Gi3  2148   9  19   8  12   1   7   0   0   2   2   3   5   5   7  4  8 12   8  2  0  19   6   6  18  85  67   35   16   1   1   0   0
   Jg6  2148   5  14   4  11   1   3   4   4   0   0   2   7   2   4  0  8  8   4  2  2  15   8   2  18  85  67   24    8   1   1   2   0
   Ea2  1334   3   5   3   5   0   0   6   6   0   0   2   2   1   3  3  2  5   0  3  3  12   8   0  12  52  40    9    1   3   0   2   1
   He2   601   3   4   3   3   0   1   2   2   0   0   2   2   1   1  0  0  0   0  3  1   8   6   0   0  20  20    5    0   2   1   1   0
BENCH
   Ei5  1547   5   6   4   5   1   1   1   5   0   0   2   3   2   2  1  2  3   5  1  2  12   4   0  18  65  47   19   11   0   1   0   2
   Ka4  1066   2   6   2   6   0   0   1   4   0   1   1   5   1   1  1  2  3   0  0  2   5   3   0   7  41  34    9    1   0   0   2   0
   Fj6   252   0   0   0   0   0   0   0   0   0   0   0   0   0   0  1  3  4   1  0  0   0   0   0   1   8   7    4    4   0   0   0   0
   Jh6   252   0   1   0   0   0   1   0   0   0   0   0   0   0   0  0  0  0   1  0  0   0   0   0   1   8   7    3    2   0   0   0   0
   Kh2   252   2   4   1   2   1   2   0   0   0   0   0   0   1   2  0  0  0   0  0  0   5   0   3   1   8   7    4    0   0   0   0   0
Ee3    DNP-CD
Hc5    DNP-Injured
Hf1    DNP-Injured
