Year:11 Game:70 Type:RS CRO@HAR
Cromwell CTime FGM FGA 2PM 2PA 3PM 3PA FTM FTA PBM PBA InM InA 2JM 2JA OR DF TR Ast FC FD Pts InP 2CP +/- TPF TPA Tchs Pass IFC PFC IFD PFD
STARTERS
     Ji7  1963   5  12   5   9   0   3   1   2   0   0   2   4   3   5  3  2  5   7  2  1  11   5   2 -15  64  79   34   21   0   2   1   0
    Kc11  1942   8  17   8  16   0   1   2   2   1   2   5  10   3   6  5  6 11   0  3  1  18  12   6 -20  62  82   18    0   3   0   1   0
     Fj3  1536   2  12   2   8   0   4   2   3   0   0   1   6   1   2  3  1  4   1  0  1   6   2   0 -29  36  65   19    6   0   0   0   1
     Jc5  1457   7  11   7  11   0   0   0   0   1   2   6  10   1   1  2  5  7   0  3  0  14  12   2  -7  52  59   12    1   2   1   0   0
     If1  1394   2  15   1  11   1   4   0   0   0   1   0   5   1   6  3  6  9   3  2  0   5   0   0 -25  32  57   24    9   2   0   0   0
BENCH
    He10  1807   1   9   1   7   0   2   0   0   0   0   0   0   1   7  4  1  5   2  2  0   2   0   0 -12  58  70   13    4   2   0   0   0
     Fi3  1464   7  13   6  10   1   3   0   0   0   0   2   2   4   8  0  2  2   4  1  0  15   4   2  -3  52  55   24   11   1   0   0   0
     Eg6   437   0   0   0   0   0   0   2   2   0   0   0   0   0   0  1  2  3   0  2  1   2   2   2  -9   9  18    1    0   2   0   1   0
Ia3      DNP-Injured
Ie8      DNP-Injured
Ja3      DNP-Injured
Kf2      DNP-Injured
Hartford CTime FGM FGA 2PM 2PA 3PM 3PA FTM FTA PBM PBA InM InA 2JM 2JA OR DF TR Ast FC FD Pts InP 2CP +/- TPF TPA Tchs Pass IFC PFC IFD PFD
STARTERS
     Ga2  1800   8   8   8   8   0   0   6   8   1   1   7   7   1   1  4  7 11   0  1  4  22  20   6  33  77  44   12    0   1   0   4   0
     Ha5  1800   5   5   5   5   0   0   3   8   1   1   4   4   1   1  2  8 10   1  0  4  13  11   2  33  77  44   10    1   0   0   4   0
     Ee1  1536   4  11   2   5   2   6   4   5   0   0   2   5   0   0  0  3  3   1  0  2  14   5   0  29  65  36   18    5   0   0   1   1
     Fj4  1536   4   9   3   4   1   5   0   0   0   0   0   0   3   4  0  4  4   6  0  0   9   0   3  29  65  36   18    9   0   0   0   0
     Ii9  1029   1   3   1   2   0   1   2   2   0   0   1   1   0   1  1  3  4   4  2  1   4   4   0  19  48  29   13    9   1   1   1   0
BENCH
     Hi5   872   4   7   4   5   0   2   2   2   0   0   2   2   2   3  0  2  2   2  0  1  10   4   4  -2  30  32   15    7   0   0   0   1
     Gg2   763   6  10   5   7   1   3   0   0   1   1   5   6   0   1  1  6  7   0  0  0  13  10   4  11  31  20   10    0   0   0   0   0
     Gc3   600   1   3   1   3   0   0   2   2   0   0   1   2   0   1  1  3  4   0  0  1   4   4   0  -9  20  29    5    1   0   0   1   0
     Jg3   600   1   4   1   2   0   2   0   0   0   0   1   1   0   1  0  0  0   0  0  0   2   2   0  -9  20  29    5    1   0   0   0   0
     Ka1   600   2   4   2   4   0   0   2   4   0   0   2   3   0   1  1  0  1   0  1  2   6   5   0  -9  20  29    6    0   1   0   1   1
    Kf10   600   0   1   0   1   0   0   0   0   0   0   0   0   0   1  0  0  0   0  0  0   0   0   0  -9  20  29    3    2   0   0   0   0
     Ge8   264   0   2   0   0   0   2   0   0   0   0   0   0   0   0  0  1  1   0  0  0   0   0   0   4  12   8    2    0   0   0   0   0
Hg4      DNP-CD
