Draft Pos Age YPro Team InPro 2JPro 3PPro InEff 2JEff 3PEff  OReb  DReb  BDom PassR PassE InDef PerDef  InFR PerFR FTEff GInj Updated
  4.9 SG1  27    7  BRE  27.0  30.0  43.0  82.2  99.0  91.0  10.0  56.0  37.0  52.0  62.0  47.0   86.0  46.0  40.0  79.0    0 Y11-D18-RSG1
  4.9 SG1  27    7  BRE  27.0  30.0  43.0  82.2  99.0  91.0  10.0  56.0  37.0  52.0  62.0  47.0   84.8  46.0  40.0  79.0    0 Y11-D20-RSG3
  4.9 SG1  27    7  BRE  25.7  30.5  43.8  82.2 101.0  91.0  10.0  56.0  37.0  52.0  62.0  47.0   84.8  46.0  40.0  80.0    0 Y11-D24-RSG7
  4.9 SG1  27    7  BRE  25.7  30.5  43.8  82.2 101.0  91.0  11.0  56.0  37.0  52.4  62.0  47.0   84.8  46.0  40.0  80.0    0 Y11-D30-RSG13
  4.9 SG1  27    7  BRE  25.7  30.5  43.8  82.2 101.0  92.0  11.0  56.0  37.0  52.4  65.1  47.0   85.9  46.0  40.0  80.0    0 Y11-D34-RSG17
  4.9 SG1  27    7  BRE  25.7  30.5  43.8  82.2 101.0  92.0  11.0  56.0  37.0  52.4  65.1  48.0   85.9  46.0  40.0  80.0    0 Y11-D36-RSG19
  4.9 SG1  27    7  BRE  25.7  30.5  43.8  82.2 101.0  92.0  11.0  56.0  39.5  52.4  65.1  48.0   85.9  45.0  40.0  80.0    0 Y11-D47-RSG30
  4.9 SG1  27    7  BRE  24.6  30.9  44.5  82.2 101.0  92.0  11.0  56.0  39.5  52.4  65.1  48.0   85.9  45.0  40.0  80.0    0 Y11-D51-RSG34
  4.9 SG1  27    7  BRE  24.6  30.9  44.5  82.2 101.0  92.0  11.0  56.0  39.5  52.8  65.1  48.0   85.9  45.0  40.0  80.0    0 Y11-D52-RSG35
  4.9 SG1  27    7  BRE  24.6  30.9  44.5  82.2 101.0  92.0  11.0  56.0  39.5  52.8  65.1  48.0   85.9  46.0  40.0  80.0    0 Y11-D62-RSG45
  4.9 SG1  27    7  BRE  24.6  30.9  44.5  82.2 101.0  92.0  11.0  56.0  39.5  52.8  65.1  49.4   85.9  46.0  40.0  80.0    0 Y11-D67-RSG50
  4.9 SG1  27    7  BRE  24.6  30.9  44.5  82.2 101.0  93.0  11.0  56.0  39.5  52.8  65.1  49.4   85.9  46.0  40.0  80.0    0 Y11-D68-RSG51
  4.9 SG1  27    7  BRE  23.9  32.8  43.3  82.2 101.0  93.0  11.0  56.0  39.5  52.8  65.1  49.4   85.9  46.0  38.7  80.0    0 Y11-D70-RSG53
  4.9 SG1  27    7  BRE  23.9  32.8  43.3  82.2 101.0  93.0  11.0  56.0  39.5  52.8  65.1  49.4   85.9  46.0  38.7  81.0    0 Y11-D78-RSG61
  4.9 SG1  27    7  BRE  24.3  31.8  43.9  82.2 101.0  93.0  11.0  56.0  39.5  52.8  65.1  49.4   85.9  46.0  38.7  81.0    0 Y11-D80-RSG63
  4.9 SG1  27    7  BRE  24.3  31.7  44.0  82.2 101.0  93.0  11.0  56.0  39.5  52.8  65.1  49.4   85.9  46.0  38.7  81.0    0 Y11-D83-RSG66
  4.9 SG1  27    7  BRE  24.3  31.6  44.1  82.2 101.0  93.0  11.0  56.0  39.5  52.8  65.1  49.4   85.9  46.0  38.7  81.0    0 Y11-D94-RSG77
  4.9 SG1  27    7  BRE  24.3  31.6  44.1  82.2 101.0  93.0  11.0  56.0  39.5  54.0  65.1  49.4   85.9  46.0  38.7  81.0    0 Y11-D95-RSG78
