Draft Pos Age YPro Team InPro 2JPro 3PPro InEff 2JEff 3PEff  OReb  DReb  BDom PassR PassE InDef PerDef  InFR PerFR FTEff GInj Updated
 5.17 SF1  26    6  LAT  46.3  33.2  20.5  95.0  72.0  89.0  33.0  77.0  41.0  23.0  58.0  66.0   70.0  59.0  42.0  78.0    0 Y11-D20-RSG3
 5.17 SF1  26    6  LAT  46.3  33.2  20.5  95.0  72.0  89.0  33.0  75.3  41.0  23.0  58.0  66.0   70.0  59.0  42.0  78.0    0 Y11-D23-RSG6
 5.17 SF1  26    6  LAT  45.3  34.6  20.1  95.0  72.0  89.0  32.0  75.3  41.0  23.0  58.0  66.0   70.0  59.0  42.0  78.0    0 Y11-D24-RSG7
 5.17 SF1  26    6  LAT  45.3  34.6  20.1  95.0  72.0  89.0  30.2  75.3  41.0  23.0  58.0  66.0   70.0  59.0  42.0  78.0    0 Y11-D29-RSG12
 5.17 SF1  26    6  LAT  45.3  34.6  20.1  95.0  72.0  89.0  30.2  75.3  41.0  24.1  58.0  66.0   70.0  59.0  42.0  78.0    0 Y11-D31-RSG14
 5.17 SF1  26    6  LAT  46.0  33.6  20.4  95.0  72.0  89.0  30.2  75.3  41.0  24.1  58.0  66.0   70.0  59.0  42.0  78.0    0 Y11-D33-RSG16
 5.17 SF1  26    6  LAT  44.6  34.5  20.9  95.0  72.0  89.0  30.2  76.6  41.0  24.1  58.0  66.0   71.0  59.0  42.0  78.0    0 Y11-D34-RSG17
 5.17 SF1  26    6  LAT  44.2  34.7  21.1  94.0  72.0  89.0  30.2  76.6  41.0  22.7  58.0  66.0   71.0  59.0  42.0  78.0    0 Y11-D35-RSG18
 5.17 SF1  26    6  LAT  43.3  36.0  20.7  92.7  72.0  89.0  30.2  76.6  41.0  22.7  58.0  66.0   71.0  59.0  42.0  78.0    0 Y11-D41-RSG24
 5.17 SF1  26    6  LAT  43.3  36.0  20.7  92.7  72.0  89.0  30.2  76.6  41.0  22.7  58.0  65.0   71.0  59.0  42.0  78.0    0 Y11-D43-RSG26
 5.17 SF1  26    6  LAT  43.5  35.9  20.6  91.7  72.0  89.0  30.2  76.6  41.0  22.7  58.0  65.0   71.0  59.0  42.0  78.0    0 Y11-D46-RSG29
 5.17 SF1  26    6  LAT  43.5  35.9  20.6  91.7  72.0  89.0  30.2  76.6  41.0  22.7  58.0  66.2   71.0  59.0  42.0  78.0    0 Y11-D50-RSG33
 5.17 SF1  26    6  LAT  44.0  36.3  19.7  92.8  72.0  89.0  30.2  76.6  41.0  22.7  58.0  66.2   71.0  60.7  42.0  78.0    0 Y11-D51-RSG34
 5.17 SF1  26    6  LAT  44.0  36.3  19.7  92.8  72.0  89.0  28.2  76.6  41.0  22.7  57.0  66.2   71.0  60.7  42.0  78.0    0 Y11-D53-RSG36
 5.17 SF1  26    6  LAT  44.0  36.3  19.7  92.8  72.0  89.0  28.2  76.6  41.0  22.7  57.0  66.2   71.0  60.7  43.0  78.0    0 Y11-D55-RSG38
 5.17 SF1  26    6  LAT  44.0  36.3  19.7  92.8  72.0  89.0  28.2  76.6  41.0  22.7  57.0  65.2   71.0  60.7  43.0  78.0    0 Y11-D62-RSG45
 5.17 SF1  26    6  LAT  44.0  36.3  19.7  94.0  72.0  89.0  28.2  76.6  41.0  22.7  57.0  67.4   71.0  62.1  43.0  78.0    0 Y11-D63-RSG46
 5.17 SF1  26    6  LAT  44.0  36.3  19.7  94.0  72.0  89.0  26.4  76.6  41.0  22.7  57.0  67.4   71.0  62.1  43.0  78.0    0 Y11-D67-RSG50
 5.17 SF1  26    6  LAT  44.0  36.3  19.7  94.0  72.0  89.0  26.4  76.6  41.0  22.7  57.0  68.4   72.0  62.1  43.0  78.0    0 Y11-D69-RSG52
 5.17 SF1  26    6  LAT  43.6  36.0  20.4  94.0  72.0  89.0  26.4  76.6  41.0  22.7  57.0  68.4   72.0  62.1  43.0  78.0    0 Y11-D75-RSG58
 5.17 SF1  26    6  LAT  43.6  36.0  20.4  94.0  72.0  89.0  26.4  76.6  41.0  22.7  57.0  68.4   69.2  62.1  43.0  78.0    0 Y11-D78-RSG61
 5.17 SF1  26    6  LAT  42.9  36.5  20.6  94.0  72.0  90.0  26.4  74.6  41.0  22.7  57.0  68.4   69.2  62.1  43.0  78.0    0 Y11-D83-RSG66
 5.17 SF1  26    6  LAT  44.0  34.9  21.1  94.0  72.0  90.0  26.4  74.6  41.0  22.7  57.0  68.4   69.2  62.1  43.0  78.0    0 Y11-D90-RSG73
 5.17 SF1  26    6  LAT  43.7  34.6  21.7  94.0  72.0  90.0  26.4  74.6  41.0  22.7  57.0  67.4   69.2  62.1  43.0  78.0    0 Y11-D91-RSG74
 5.17 SF1  26    6  LAT  43.7  34.6  21.7  94.0  71.0  90.0  26.4  74.6  41.0  22.7  57.0  67.4   69.2  62.1  43.0  78.0    0 Y11-D94-RSG77
 5.17 SF1  26    6  LAT  43.7  34.6  21.7  94.0  71.0  87.6  26.4  74.6  41.0  22.7  57.0  67.4   69.2  62.1  43.0  78.0    0 Y11-D95-RSG78
