Draft Pos Age YPro Team InPro 2JPro 3PPro InEff 2JEff 3PEff  OReb  DReb  BDom PassR PassE InDef PerDef  InFR PerFR FTEff GInj Updated
  8.4  C1  23    3  BRE  83.0  15.0   2.0 103.0  74.0  41.8  40.0 110.0   5.0  17.0  38.0  92.0   24.0  66.0  11.0  80.0    0 Y11-D19-RSG2
  8.4  C1  23    3  BRE  82.8  15.2   2.0 103.0  74.0  41.8  40.0 110.0   5.0  17.0  38.0  92.0   24.0  66.0  11.0  80.0    0 Y11-D20-RSG3
  8.4  C1  23    3  BRE  82.9  15.2   1.9 103.0  74.0  41.8  40.0 110.0   5.0  17.0  39.4  89.0   24.0  66.0  11.0  80.0    0 Y11-D24-RSG7
  8.4  C1  23    3  BRE  82.9  15.2   1.9 103.0  74.0  41.8  40.0 110.0   5.5  17.0  39.4  89.0   24.0  66.0  11.0  80.0    0 Y11-D34-RSG17
  8.4  C1  23    3  BRE  82.9  15.2   1.9 103.0  74.0  41.8  40.0 110.0   5.5  17.0  39.4  90.8   24.0  66.0  11.0  80.0    0 Y11-D36-RSG19
  8.4  C1  23    3  BRE  82.9  15.2   1.9 104.3  74.0  41.8  40.0 110.0   5.5  17.0  39.4  90.8   24.0  66.0  11.0  80.0   36 Y11-D38-RSG21
  8.4  C1  23    3  BRE  82.4  15.6   2.0 104.3  74.0  41.8  40.0 110.0   5.5  17.0  39.4  90.8   24.0  66.0  11.0  80.0   34 Y11-D39-RSG22
  8.4  C1  23    3  BRE  82.4  15.6   2.0 104.3  74.0  41.8  40.0 110.0   5.5  17.0  39.4  90.8   24.0  66.0  11.0  80.0   32 Y11-D40-RSG23
  8.4  C1  23    3  BRE  82.4  15.6   2.0 104.3  74.0  41.8  40.0 110.0   5.5  17.0  39.4  90.8   24.0  66.0  11.0  80.0   30 Y11-D41-RSG24
  8.4  C1  23    3  BRE  82.4  15.6   2.0 104.3  74.0  41.8  40.0 110.0   5.5  17.0  39.4  90.8   24.0  66.0  11.0  80.0   29 Y11-D42-RSG25
  8.4  C1  23    3  BRE  82.4  15.6   2.0 104.3  74.0  41.8  40.0 110.0   5.5  17.0  39.4  88.9   24.0  66.0  11.0  80.0   27 Y11-D43-RSG26
  8.4  C1  23    3  BRE  82.4  15.6   2.0 104.3  74.0  41.8  40.0 110.0   5.5  17.0  39.4  88.9   24.0  66.0  11.0  80.0   25 Y11-D44-RSG27
  8.4  C1  23    3  BRE  82.4  15.6   2.0 104.3  74.0  41.8  40.0 110.0   5.5  17.0  39.4  88.9   24.0  66.0  11.0  80.0   24 Y11-D45-RSG28
  8.4  C1  23    3  BRE  82.4  15.6   2.0 104.3  74.0  41.8  40.0 110.0   5.5  17.0  39.4  88.9   24.0  66.0   9.6  80.0   23 Y11-D46-RSG29
  8.4  C1  23    3  BRE  82.4  15.6   2.0 104.3  74.0  41.8  40.0 110.0   5.5  17.0  39.4  88.9   24.0  66.0   9.6  80.0   21 Y11-D47-RSG30
  8.4  C1  23    3  BRE  82.4  15.6   2.0 104.3  74.0  41.8  40.0 110.0   5.5  17.0  39.4  88.9   24.0  66.0   9.6  80.0   21 Y11-D48-RSG31
  8.4  C1  23    3  BRE  82.4  15.6   2.0 104.3  74.0  41.8  40.0 110.0   5.5  17.0  39.4  88.9   24.0  66.0   9.6  80.0   21 Y11-D49-RSG32
  8.4  C1  23    3  BRE  82.4  15.6   2.0 104.3  74.0  41.8  40.0 110.0   5.5  17.0  39.4  88.9   24.0  66.0   9.6  80.0   20 Y11-D50-RSG33
  8.4  C1  23    3  BRE  82.4  15.6   2.0 104.3  74.0  41.8  40.0 110.0   5.5  17.0  39.4  88.9   24.0  66.0   8.6  80.0   18 Y11-D51-RSG34
  8.4  C1  23    3  BRE  82.4  15.6   2.0 104.3  74.0  41.8  40.0 110.0   5.5  17.0  39.4  88.9   24.0  66.0   8.6  80.0   17 Y11-D52-RSG35
  8.4  C1  23    3  BRE  82.4  15.6   2.0 104.3  74.0  41.8  40.0 110.0   5.5  17.0  39.4  88.9   24.0  66.0   8.6  80.0   16 Y11-D53-RSG36
  8.4  C1  23    3  BRE  82.4  15.6   2.0 104.3  74.0  41.8  40.0 110.0   5.5  17.0  39.4  88.9   24.0  66.0   8.6  80.0   16 Y11-D54-RSG37
  8.4  C1  23    3  BRE  82.4  15.6   2.0 104.3  74.0  41.8  40.0 110.0   5.5  17.0  39.4  88.9   24.0  66.0   8.6  80.0   14 Y11-D55-RSG38
  8.4  C1  23    3  BRE  82.4  15.6   2.0 104.3  74.0  41.8  40.0 110.0   5.5  17.0  39.4  88.9   24.0  66.0   8.6  80.0   13 Y11-D56-RSG39
  8.4  C1  23    3  BRE  82.4  15.6   2.0 104.3  74.0  41.8  40.0 110.0   5.5  17.0  39.4  88.9   24.0  66.0   8.6  80.0   12 Y11-D57-RSG40
  8.4  C1  23    3  BRE  82.4  15.6   2.0 104.3  74.0  41.8  40.0 110.0   5.5  17.0  39.4  88.9   24.0  66.0   8.6  80.0   12 Y11-D58-RSG41
  8.4  C1  23    3  BRE  82.4  15.6   2.0 104.3  74.0  41.8  40.0 110.0   5.5  17.0  39.4  88.9   24.0  66.0   8.6  80.0   10 Y11-D59-RSG42
  8.4  C1  23    3  BRE  82.4  15.6   2.0 104.3  74.0  41.8  40.0 110.0   5.5  17.0  39.4  88.9   24.0  66.0   8.6  80.0    9 Y11-D60-RSG43
  8.4  C1  23    3  BRE  82.4  15.6   2.0 104.3  74.0  41.8  40.0 110.0   5.5  17.0  39.4  88.9   24.0  66.0   8.6  80.0    8 Y11-D61-RSG44
  8.4  C1  23    3  BRE  82.4  15.6   2.0 104.3  74.0  41.8  40.0 110.0   5.5  17.0  39.4  88.9   24.0  64.3   8.6  80.0    8 Y11-D62-RSG45
  8.4  C1  23    3  BRE  82.4  15.6   2.0 104.3  74.0  41.8  40.0 110.0   5.5  17.0  39.4  88.9   24.0  64.3   8.6  80.0    8 Y11-D63-RSG46
  8.4  C1  23    3  BRE  82.4  15.6   2.0 104.3  73.0  41.8  40.0 110.0   5.5  15.2  39.4  88.9   23.0  64.3   8.6  80.0    6 Y11-D64-RSG47
  8.4  C1  23    3  BRE  82.4  15.6   2.0 104.3  73.0  41.8  40.0 110.0   5.5  15.2  39.4  88.9   23.0  64.3   8.6  80.0    5 Y11-D65-RSG48
  8.4  C1  23    3  BRE  82.4  15.6   2.0 104.3  73.0  41.8  40.0 110.0   5.5  15.2  39.4  88.9   23.0  64.3   8.6  80.0    5 Y11-D66-RSG49
  8.4  C1  23    3  BRE  82.4  15.6   2.0 104.3  73.0  41.8  40.0 110.0   5.5  15.2  39.4  88.9   23.0  64.3   8.6  80.0    3 Y11-D67-RSG50
  8.4  C1  23    3  BRE  82.4  15.6   2.0 104.3  73.0  41.8  40.0 110.0   5.5  15.2  39.4  88.9   23.0  64.3   8.6  80.0    1 Y11-D68-RSG51
  8.4  C1  23    3  BRE  82.4  15.6   2.0 104.3  73.0  41.8  40.0 110.0   5.5  15.2  39.4  88.9   23.0  64.3   8.6  80.0    0 Y11-D69-RSG52
  8.4  C1  23    3  BRE  82.2  15.5   2.3 104.3  73.0  41.8  40.0 107.6   5.5  15.2  39.4  88.9   23.0  64.3   8.6  80.0    0 Y11-D70-RSG53
  8.4  C1  23    3  BRE  82.2  15.5   2.3 104.3  74.0  41.8  40.0 107.6   5.5  15.2  39.4  88.9   23.0  64.3   8.6  80.0    0 Y11-D71-RSG54
  8.4  C1  23    3  BRE  82.2  15.5   2.3 104.3  74.0  41.8  40.0 107.6   5.5  15.2  39.4  88.9   23.0  64.3   9.6  80.0    0 Y11-D72-RSG55
  8.4  C1  23    3  BRE  82.2  15.5   2.3 104.3  74.0  41.8  40.0 107.6   5.5  15.2  37.1  88.9   23.0  64.3   9.6  80.0    0 Y11-D75-RSG58
  8.4  C1  23    3  BRE  82.2  15.5   2.3 104.3  74.0  41.8  40.0 107.6   5.5  15.2  37.1  91.6   23.0  64.3   9.6  80.0    0 Y11-D77-RSG60
  8.4  C1  23    3  BRE  82.2  15.5   2.3 104.3  74.0  39.0  40.0 107.6   5.5  15.2  37.1  91.6   23.0  64.3   9.6  80.0    0 Y11-D78-RSG61
  8.4  C1  23    3  BRE  82.2  15.5   2.3 104.3  74.0  39.0  40.0 107.6   5.5  15.2  38.1  91.6   23.0  64.3   9.6  80.0    0 Y11-D79-RSG62
  8.4  C1  23    3  BRE  82.2  15.5   2.3 105.3  74.0  39.0  40.0 107.6   5.5  17.2  38.1  91.6   23.0  64.3   9.6  80.0    0 Y11-D86-RSG69
  8.4  C1  23    3  BRE  82.2  15.5   2.3 105.3  74.0  39.0  40.0 107.6   5.5  18.1  38.1  91.6   23.0  64.3   9.6  80.0    0 Y11-D88-RSG71
  8.4  C1  23    3  BRE  82.2  15.5   2.3 105.3  74.0  42.5  40.0 107.6   5.5  18.1  38.1  91.6   23.0  64.3   9.6  80.0    0 Y11-D92-RSG75
  8.4  C1  23    3  BRE  82.2  15.5   2.3 105.3  74.0  42.5  40.0 107.6   5.5  18.1  38.1  90.6   23.0  64.3   9.6  80.0    0 Y11-D94-RSG77
  8.4  C1  23    3  BRE  82.2  15.5   2.3 105.3  74.0  42.5  40.0 107.6   5.5  18.1  38.1  90.6   23.0  64.3  10.6  80.0    0 Y11-D95-RSG78
  8.4  C1  23    3  BRE  82.2  15.5   2.3 105.3  75.5  42.5  40.0 107.6   5.5  18.1  38.1  90.6   23.0  64.3  10.6  80.0    0 Y11-D96-RSG79
  8.4  C1  23    3  BRE  82.2  15.5   2.3 105.3  76.5  42.5  40.0 107.6   5.5  18.1  38.1  90.6   23.0  64.3  10.6  80.0    0 Y11-D97-RSG80
