Draft Pos Age YPro Team InPro 2JPro 3PPro InEff 2JEff 3PEff  OReb  DReb  BDom PassR PassE InDef PerDef  InFR PerFR FTEff GInj Updated
 8.12  C2  23    3  KEN  36.0  20.0  44.0  83.0  79.0 104.0  31.0  53.0  13.2  21.0  30.0  97.0   38.0  48.0  30.0  89.0    0 Y11-D19-RSG2
 8.12  C2  23    3  KEN  36.0  20.0  44.0  83.0  79.0 104.0  31.0  53.0  13.2  21.0  30.0  97.0   38.0  48.0  30.0  90.0    0 Y11-D22-RSG5
 8.12  C2  23    3  KEN  36.0  20.0  44.0  83.0  79.0 104.0  31.0  53.0  14.0  21.0  30.0  98.0   38.0  48.0  30.0  90.0    0 Y11-D27-RSG10
 8.12  C2  23    3  KEN  36.0  20.0  44.0  83.0  79.0 104.0  31.0  53.0  14.0  21.0  30.0  98.0   38.0  48.0  30.0  87.4    0 Y11-D29-RSG12
 8.12  C2  23    3  KEN  35.7  20.1  44.2  83.0  79.0 104.0  31.0  53.0  14.0  21.0  30.0  98.0   38.0  48.0  30.0  87.4    0 Y11-D30-RSG13
 8.12  C2  23    3  KEN  35.3  21.0  43.7  83.0  79.0 105.0  31.0  56.4  14.0  21.0  30.0  98.0   38.0  48.0  30.0  87.4    0 Y11-D33-RSG16
 8.12  C2  23    3  KEN  35.4  21.0  43.6  83.0  79.0 105.0  31.0  56.4  14.0  21.0  30.0  98.0   39.9  48.0  30.0  87.4    0 Y11-D41-RSG24
 8.12  C2  23    3  KEN  35.4  21.0  43.6  83.0  79.0 105.0  32.0  56.4  14.0  21.0  30.0  98.0   39.9  48.0  30.0  87.4    0 Y11-D43-RSG26
 8.12  C2  23    3  KEN  35.4  21.0  43.6  83.0  79.0 105.0  32.0  56.4  14.0  19.9  30.0  98.0   39.9  48.0  30.0  87.4    0 Y11-D47-RSG30
 8.12  C2  23    3  KEN  35.4  21.0  43.6  83.0  79.0 105.0  32.0  56.4  14.0  19.9  30.0  99.0   39.9  48.0  30.0  87.4    0 Y11-D49-RSG32
 8.12  C2  23    3  KEN  35.4  21.0  43.6  83.0  79.0 105.0  32.0  60.4  14.0  19.9  30.0  99.0   39.9  48.0  30.0  87.4    0 Y11-D50-RSG33
 8.12  C2  23    3  KEN  34.9  20.7  44.4  83.0  79.0 105.0  32.0  60.4  14.0  19.9  30.0  99.0   39.9  48.0  30.0  87.4    0 Y11-D51-RSG34
 8.12  C2  23    3  KEN  34.9  20.7  44.4  83.0  80.0 105.0  32.0  60.4  14.0  19.9  30.0  99.0   39.9  48.0  30.0  87.4    0 Y11-D54-RSG37
 8.12  C2  23    3  KEN  34.9  20.7  44.4  83.0  80.0 104.0  32.0  60.4  14.0  19.9  30.0  99.0   39.9  48.0  30.0  87.4    0 Y11-D55-RSG38
 8.12  C2  23    3  KEN  34.9  20.7  44.4  83.0  80.0 104.0  32.0  60.4  14.0  19.9  30.0  98.0   39.9  48.0  30.0  87.4    0 Y11-D57-RSG40
 8.12  C2  23    3  KEN  34.9  20.7  44.4  83.0  80.0 104.0  33.4  60.4  14.0  19.9  30.0  99.0   39.9  48.0  30.0  87.4    0 Y11-D59-RSG42
 8.12  C2  23    3  KEN  34.9  20.7  44.4  83.0  80.0 105.0  33.4  60.4  14.0  19.9  30.0  99.0   39.9  48.0  30.0  87.4    0 Y11-D62-RSG45
 8.12  C2  23    3  KEN  34.9  20.7  44.4  83.0  80.0 105.0  33.4  60.4  15.9  19.9  27.2  99.0   39.9  48.0  30.0  87.4    0 Y11-D65-RSG48
 8.12  C2  23    3  KEN  34.9  20.7  44.4  83.0  80.0 106.0  33.4  60.4  15.9  19.9  27.2  99.0   39.9  48.0  30.0  84.8    0 Y11-D67-RSG50
 8.12  C2  23    3  KEN  34.9  20.7  44.4  83.0  80.0 106.0  33.4  60.4  15.9  19.9  27.2  97.1   39.9  48.0  30.0  84.8    0 Y11-D80-RSG63
 8.12  C2  23    3  KEN  34.9  20.7  44.4  83.0  78.7 106.0  32.4  60.4  15.9  19.9  27.2  98.1   39.9  48.0  30.0  84.8    0 Y11-D81-RSG64
 8.12  C2  23    3  KEN  34.5  20.8  44.7  83.0  78.7 106.0  32.4  60.4  15.9  19.9  27.2  98.1   39.9  48.0  30.0  84.8    0 Y11-D89-RSG72
 8.12  C2  23    3  KEN  34.5  20.8  44.7  83.0  78.7 106.0  32.4  58.6  15.9  19.9  27.2  98.1   39.9  48.0  30.0  84.8    0 Y11-D95-RSG78
 8.12  C2  23    3  KEN  34.5  20.8  44.7  83.0  78.7 106.0  32.4  58.6  15.9  20.8  27.2  98.1   39.9  48.0  30.0  84.8    0 Y11-D97-RSG80
