Draft Pos Age YPro Team InPro 2JPro 3PPro InEff 2JEff 3PEff  OReb  DReb  BDom PassR PassE InDef PerDef  InFR PerFR FTEff GInj Updated
  9.4 SG1  22    2  RAY  41.0  26.0  33.0  92.0 101.0  87.0  21.0  48.0  58.0  52.0  68.0  53.0   89.0  58.2  38.0  82.0    0 Y11-D21-RSG4
  9.4 SG1  22    2  RAY  41.0  26.0  33.0  92.0 101.0  87.0  21.0  48.0  58.0  52.0  67.0  53.0   89.0  58.2  38.0  82.0    0 Y11-D23-RSG6
  9.4 SG1  22    2  RAY  41.7  24.7  33.6  93.0 101.0  87.0  21.0  48.0  58.0  52.0  67.0  53.0   89.0  58.2  38.0  82.0    0 Y11-D25-RSG8
  9.4 SG1  22    2  RAY  41.7  24.7  33.6  93.0 101.0  87.0  21.0  48.0  58.0  52.0  67.0  53.0   89.0  58.2  39.5  82.0    0 Y11-D26-RSG9
  9.4 SG1  22    2  RAY  42.2  25.1  32.7  93.0 102.8  87.0  21.0  48.0  58.0  52.0  67.0  53.0   89.0  58.2  40.5  82.0    0 Y11-D29-RSG12
  9.4 SG1  22    2  RAY  41.8  25.3  32.9  93.0 102.8  87.0  21.0  48.0  56.2  52.0  67.0  53.0   89.0  58.2  40.5  82.0    0 Y11-D31-RSG14
  9.4 SG1  22    2  RAY  41.3  26.2  32.5  93.0 102.8  87.0  21.0  48.0  56.2  52.0  67.0  53.0   89.0  58.2  40.5  82.0    0 Y11-D38-RSG21
  9.4 SG1  22    2  RAY  41.3  26.2  32.5  93.0 102.8  87.0  21.0  48.0  56.2  52.0  65.0  53.0   89.0  58.2  40.5  82.0    0 Y11-D45-RSG28
  9.4 SG1  22    2  RAY  41.3  26.2  32.5  93.0 102.8  87.0  21.0  48.0  56.2  52.0  67.3  53.0   89.0  58.2  40.5  83.0    0 Y11-D50-RSG33
  9.4 SG1  22    2  RAY  42.1  26.6  31.3  93.0 102.8  87.0  21.0  48.0  56.2  52.0  67.3  53.0   89.0  58.2  40.5  83.0    0 Y11-D52-RSG35
  9.4 SG1  22    2  RAY  42.1  26.6  31.3  93.0 102.8  87.0  21.0  48.0  57.7  52.0  67.3  53.0   89.0  57.2  40.5  84.0    0 Y11-D53-RSG36
  9.4 SG1  22    2  RAY  42.1  26.6  31.3  93.0 102.8  87.0  20.0  48.0  57.7  52.0  67.3  53.0   89.0  57.2  40.5  84.0    0 Y11-D55-RSG38
  9.4 SG1  22    2  RAY  41.2  27.0  31.8  93.0 102.8  87.0  20.0  48.0  57.7  52.0  67.3  53.0   89.0  57.2  40.5  84.0    0 Y11-D56-RSG39
  9.4 SG1  22    2  RAY  41.2  27.0  31.8  93.0 102.8  87.0  20.0  46.6  57.7  52.0  67.3  53.0   89.0  57.2  40.5  84.0    0 Y11-D57-RSG40
  9.4 SG1  22    2  RAY  41.2  27.0  31.8  94.0 102.8  87.0  20.0  46.6  57.7  52.0  67.3  53.0   89.0  57.2  40.5  84.0    0 Y11-D58-RSG41
  9.4 SG1  22    2  RAY  40.8  27.2  32.0  94.0 102.8  87.0  20.0  46.6  57.7  52.0  67.3  53.0   89.0  57.2  40.5  84.0    0 Y11-D60-RSG43
  9.4 SG1  22    2  RAY  40.8  27.2  32.0  94.0 102.8  87.0  20.0  46.6  57.7  52.3  67.3  53.0   89.0  57.2  40.5  84.0    0 Y11-D61-RSG44
  9.4 SG1  22    2  RAY  40.8  27.2  32.0  94.0 102.8  87.0  20.0  44.1  57.7  52.3  67.3  53.0   89.0  57.2  40.5  84.0    0 Y11-D64-RSG47
  9.4 SG1  22    2  RAY  40.8  27.2  32.0  94.0 102.8  87.0  20.0  45.8  57.7  52.3  67.3  53.0   89.0  57.2  40.5  84.0    0 Y11-D65-RSG48
  9.4 SG1  22    2  RAY  40.8  27.2  32.0  94.0 102.8  87.0  20.0  44.8  57.7  52.3  67.3  53.0   89.0  57.2  40.5  84.0    0 Y11-D70-RSG53
  9.4 SG1  22    2  RAY  41.6  27.7  30.7  94.0 102.8  87.0  20.0  44.8  57.7  52.3  67.3  53.0   89.0  57.2  40.5  84.0    0 Y11-D71-RSG54
  9.4 SG1  22    2  RAY  41.6  27.7  30.7  94.0 102.8  87.0  20.0  44.8  57.7  52.3  67.3  53.0   90.1  57.2  40.5  84.0    0 Y11-D73-RSG56
  9.4 SG1  22    2  RAY  41.6  27.7  30.7  94.0 102.8  87.0  20.0  44.8  57.7  52.3  66.0  53.0   90.1  57.2  40.5  84.0    0 Y11-D88-RSG71
  9.4 SG1  22    2  RAY  41.6  27.7  30.7  94.0 102.8  87.0  20.0  44.8  57.7  52.3  68.2  53.0   90.1  57.2  40.5  84.0    0 Y11-D89-RSG72
  9.4 SG1  22    2  RAY  41.6  27.7  30.7  94.0 102.8  87.0  20.0  44.8  60.0  52.3  68.2  53.0   90.1  57.2  40.5  84.0    0 Y11-D90-RSG73
  9.4 SG1  22    2  RAY  41.6  27.7  30.7  94.0 102.8  87.0  21.0  44.8  60.0  52.3  68.2  53.0   90.1  57.2  40.5  84.0    0 Y11-D91-RSG74
  9.4 SG1  22    2  RAY  41.6  27.7  30.7  94.0 102.8  87.0  21.0  45.8  60.0  52.3  68.2  53.0   90.1  57.2  40.5  84.0    0 Y11-D92-RSG75
  9.4 SG1  22    2  RAY  41.6  27.7  30.7  94.0 102.8  87.0  20.0  45.8  60.0  52.3  68.2  53.0   90.1  57.2  40.5  84.0    0 Y11-D93-RSG76
  9.4 SG1  22    2  RAY  41.6  27.7  30.7  94.0 101.0  87.0  20.0  45.8  60.0  52.3  68.2  53.0   90.1  57.2  40.5  84.0    0 Y11-D96-RSG79
