Draft Pos Age YPro Team InPro 2JPro 3PPro InEff 2JEff 3PEff  OReb  DReb  BDom PassR PassE InDef PerDef  InFR PerFR FTEff GInj Updated
 11.U PF1  19    0  DRA  64.5  34.1   1.4  84.7  50.4  38.4   6.4  70.8  21.5  26.8  21.1  59.9   29.4  67.5  13.1  59.2    0 Y11-D1-Draft
11.15 PF1  19    0  QUE  64.5  34.1   1.4  84.7  50.4  38.4   6.4  70.8  21.5  26.8  21.1  59.9   29.4  67.5  13.1  59.2    0 Y11-D8-FA
11.15 PF1  19    0   FA  64.5  34.1   1.4  84.7  50.4  38.4   6.4  70.8  21.5  26.8  23.5  59.9   29.4  67.5  13.1  59.2    0 Y11-D25-RSG8
11.15 PF1  19    0   FA  64.5  34.1   1.4  84.7  50.4  38.4   6.4  70.8  21.5  26.8  23.5  59.9   32.0  67.5  13.1  59.2    0 Y11-D28-RSG11
11.15 PF1  19    0   FA  64.5  34.1   1.4  84.7  49.1  38.4   6.4  70.8  21.5  26.8  23.5  59.9   32.0  67.5  13.1  59.2    0 Y11-D29-RSG12
11.15 PF1  19    0   FA  64.5  34.1   1.4  84.7  47.6  38.4   6.4  70.8  21.5  26.8  23.5  59.9   32.0  67.5  13.1  59.2    0 Y11-D31-RSG14
11.15 PF1  19    0   FA  64.5  34.1   1.4  84.7  47.6  38.4   6.4  70.8  21.5  26.8  21.2  59.9   32.0  67.5  13.1  59.2    0 Y11-D32-RSG15
11.15 PF1  19    0   FA  64.5  34.1   1.4  84.7  47.6  38.4   6.4  70.8  21.5  26.8  21.2  57.9   32.0  67.5  13.1  59.2    0 Y11-D34-RSG17
11.15 PF1  19    0   FA  64.5  34.1   1.4  84.7  47.6  38.4   6.4  70.8  19.8  26.8  21.2  57.9   32.0  67.5  13.1  59.2    0 Y11-D35-RSG18
11.15 PF1  19    0   FA  64.5  34.1   1.4  84.7  47.6  38.4   6.4  70.8  19.8  27.7  21.2  57.9   32.0  67.5  13.1  59.2    0 Y11-D38-RSG21
11.15 PF1  19    0   FA  64.5  34.1   1.4  84.7  47.6  38.4   6.4  70.8  19.8  27.7  21.2  57.9   32.0  67.5  14.6  59.2    0 Y11-D41-RSG24
11.15 PF1  19    0   FA  64.5  34.1   1.4  84.7  47.6  38.4   6.4  70.8  19.8  27.7  21.2  57.9   32.0  67.5  14.6  60.2    0 Y11-D43-RSG26
11.15 PF1  19    0   FA  64.8  33.8   1.4  84.7  47.6  38.4   6.4  70.8  19.8  27.7  21.2  57.9   32.0  67.5  14.6  60.2    0 Y11-D44-RSG27
11.15 PF1  19    0   FA  64.8  33.8   1.4  84.7  47.6  38.4   6.4  70.8  21.0  27.7  21.2  57.9   32.0  67.5  14.6  60.2    0 Y11-D52-RSG35
11.15 PF1  19    0   FA  64.8  33.8   1.4  84.7  47.6  38.4   6.4  70.8  21.0  28.2  21.2  57.9   32.0  67.5  14.6  60.2    0 Y11-D54-RSG37
11.15 PF1  19    0   FA  64.8  33.8   1.4  84.7  47.6  38.4   6.4  70.8  21.0  28.2  26.8  57.9   32.0  67.5  14.6  60.2    0 Y11-D64-RSG47
11.15 PF1  19    0   FA  64.8  33.8   1.4  84.7  47.6  38.4   5.4  70.8  21.2  28.2  26.8  57.9   32.0  67.5  14.6  60.2    0 Y11-D67-RSG50
11.15 PF1  19    0   FA  64.8  33.8   1.4  84.7  52.6  38.4   5.4  70.8  21.2  28.2  26.8  57.9   32.0  67.5  14.6  60.2    0 Y11-D68-RSG51
11.15 PF1  19    0   FA  64.8  33.8   1.4  84.7  52.6  38.4   5.4  70.8  21.2  28.2  26.8  57.9   32.0  67.5  14.6  60.2   19 Y11-D71-RSG54
11.15 PF1  19    0   FA  64.8  33.8   1.4  84.7  52.6  38.4   5.4  70.8  21.2  28.2  26.8  57.9   32.0  67.5  14.6  60.2   18 Y11-D72-RSG55
11.15 PF1  19    0   FA  64.8  33.8   1.4  84.7  52.6  38.4   5.4  70.8  21.2  28.2  26.8  57.9   32.0  67.5  14.6  60.2   17 Y11-D73-RSG56
11.15 PF1  19    0   FA  64.8  33.8   1.4  84.7  52.6  38.4   5.4  70.8  19.6  28.2  26.8  57.9   32.0  67.5  14.6  60.2   16 Y11-D74-RSG57
11.15 PF1  19    0   FA  65.0  33.6   1.4  84.7  52.6  38.4   5.4  70.8  19.6  28.2  26.8  56.3   32.0  67.5  14.6  60.2   16 Y11-D75-RSG58
11.15 PF1  19    0   FA  65.0  33.6   1.4  84.7  52.6  38.4   5.4  70.8  19.6  28.2  26.8  56.3   32.0  67.5  14.6  60.2   14 Y11-D76-RSG59
11.15 PF1  19    0   FA  65.0  33.6   1.4  84.7  52.6  38.4   5.4  70.8  19.6  28.2  26.8  56.3   32.0  67.5  14.6  60.2   14 Y11-D77-RSG60
11.15 PF1  19    0   FA  65.0  33.6   1.4  84.7  52.6  38.4   5.4  70.8  19.6  28.2  26.8  56.3   32.0  67.5  14.6  60.2   14 Y11-D78-RSG61
11.15 PF1  19    0   FA  65.0  33.6   1.4  84.7  52.6  38.4   5.4  70.8  19.6  28.2  26.8  56.3   32.0  67.5  14.6  60.2   13 Y11-D79-RSG62
11.15 PF1  19    0   FA  65.0  33.6   1.4  84.7  52.6  38.4   5.4  70.8  19.6  28.2  26.8  56.3   32.0  67.5  14.6  60.2   13 Y11-D80-RSG63
11.15 PF1  19    0   FA  65.0  33.6   1.4  84.7  52.6  38.4   5.4  70.8  19.6  28.2  26.8  56.3   32.0  67.5  14.6  60.2   13 Y11-D81-RSG64
11.15 PF1  19    0   FA  65.0  33.6   1.4  84.7  52.6  38.4   5.4  70.8  19.6  28.2  26.8  56.3   32.0  67.5  14.6  60.2   11 Y11-D82-RSG65
11.15 PF1  19    0   FA  65.0  33.6   1.4  84.7  52.6  38.4   5.4  70.8  19.6  28.2  26.8  56.3   32.0  67.5  14.6  60.2   11 Y11-D83-RSG66
11.15 PF1  19    0   FA  65.0  33.6   1.4  84.7  52.6  38.4   5.4  70.8  19.6  28.2  26.8  56.3   32.0  67.5  14.6  60.2    9 Y11-D84-RSG67
11.15 PF1  19    0   FA  65.0  33.6   1.4  84.7  52.6  38.4   5.4  70.8  19.6  28.2  26.8  56.3   32.0  67.5  14.6  60.2    7 Y11-D85-RSG68
11.15 PF1  19    0   FA  65.0  33.6   1.4  84.7  52.6  38.4   5.4  70.8  19.6  28.2  26.8  56.3   32.0  67.5  14.6  60.2    7 Y11-D86-RSG69
11.15 PF1  19    0   FA  65.0  33.6   1.4  84.7  52.6  38.4   5.4  70.8  19.6  28.2  26.8  56.3   32.0  67.5  14.6  60.2    7 Y11-D87-RSG70
11.15 PF1  19    0   FA  65.0  33.6   1.4  84.7  52.6  38.4   5.4  70.8  19.6  28.2  26.8  56.3   32.0  67.5  14.6  60.2    6 Y11-D88-RSG71
11.15 PF1  19    0   FA  65.0  33.6   1.4  84.7  52.6  38.4   5.4  70.8  19.6  28.2  26.8  56.3   32.0  67.5  14.6  60.2    6 Y11-D89-RSG72
11.15 PF1  19    0   FA  65.0  33.6   1.4  84.7  52.6  38.4   5.4  70.8  19.6  29.2  26.8  53.9   32.0  67.5  14.6  60.2    4 Y11-D90-RSG73
11.15 PF1  19    0   FA  65.0  33.6   1.4  84.7  52.6  38.4   5.4  70.8  19.6  29.2  26.8  53.9   32.0  67.5  14.6  60.2    3 Y11-D91-RSG74
11.15 PF1  19    0   FA  65.0  33.6   1.4  84.7  52.6  38.4   5.4  70.8  19.6  29.2  26.8  53.9   32.0  67.5  14.6  60.2    2 Y11-D92-RSG75
11.15 PF1  19    0   FA  65.0  33.6   1.4  84.7  52.6  38.4   5.4  70.8  19.6  29.2  26.8  53.9   32.0  67.5  14.6  60.2    1 Y11-D93-RSG76
11.15 PF1  19    0   FA  65.0  33.6   1.4  84.7  52.6  38.4   5.4  70.8  19.6  29.2  26.8  53.9   32.0  67.5  14.6  60.2    0 Y11-D94-RSG77
11.15 PF1  19    0   FA  65.0  33.6   1.4  84.7  52.6  38.4   5.4  70.8  20.2  29.2  26.8  53.9   32.0  67.5  14.6  60.2    0 Y11-D97-RSG80
