Draft Pos Age YPro Team InPro 2JPro 3PPro InEff 2JEff 3PEff  OReb  DReb  BDom PassR PassE InDef PerDef  InFR PerFR FTEff GInj Updated
 11.U PF2  19    0  DRA  38.8  36.1  25.1  69.3  88.3  79.8   8.9  74.1   5.8  26.3  21.5  33.1   45.4  36.1  36.7  62.2    0 Y11-D1-Draft
 11.U PF2  19    0   FA  38.8  36.1  25.1  69.3  88.3  79.8   8.9  74.1   5.8  26.3  21.5  31.8   45.4  36.1  36.7  62.2    0 Y11-D23-RSG6
 11.U PF2  19    0   FA  38.8  36.1  25.1  69.3  88.3  79.8   8.9  74.1   5.8  26.3  21.5  31.8   44.4  36.1  36.7  62.2    0 Y11-D32-RSG15
 11.U PF2  19    0   FA  38.8  36.1  25.1  69.3  88.3  79.8   8.9  74.1   5.8  27.3  21.5  31.8   44.4  36.1  36.7  62.2    0 Y11-D37-RSG20
 11.U PF2  19    0   FA  38.8  36.1  25.1  69.3  88.3  79.8   7.7  74.1   5.8  27.3  21.5  31.8   44.4  36.1  36.7  62.2    0 Y11-D40-RSG23
 11.U PF2  19    0   FA  38.8  36.1  25.1  71.2  88.3  79.8   7.7  74.1   5.8  27.3  21.5  31.8   44.4  36.1  36.7  62.2    0 Y11-D41-RSG24
 11.U PF2  19    0   FA  38.8  36.1  25.1  71.2  88.3  79.8   7.7  74.1   5.8  27.3  21.5  31.8   44.4  36.1  36.7  63.2    0 Y11-D45-RSG28
 11.U PF2  19    0   FA  38.8  36.1  25.1  71.2  88.3  79.8   7.7  74.1   4.9  27.3  21.5  31.8   44.4  36.1  36.7  63.2    0 Y11-D50-RSG33
 11.U PF2  19    0   FA  38.8  36.1  25.1  71.2  88.3  79.8   7.7  74.1   4.9  27.3  21.5  31.8   44.4  36.1  36.7  63.2    0 Y11-D57-RSG40
 11.U PF2  19    0   FA  38.8  36.1  25.1  71.2  88.3  79.8   7.7  74.1   4.9  27.3  21.5  37.2   44.4  36.1  36.7  63.2    0 Y11-D59-RSG42
 11.U PF2  19    0   FA  38.8  36.1  25.1  71.2  88.3  79.8   7.7  74.1   4.9  27.3  22.5  37.2   44.4  36.1  36.7  63.2    0 Y11-D68-RSG51
 11.U PF2  19    0   FA  39.2  36.4  24.4  71.2  88.3  79.8   7.7  74.1   4.9  27.3  22.5  37.2   44.4  36.1  36.7  63.2    0 Y11-D73-RSG56
 11.U PF2  19    0   FA  39.1  36.6  24.3  71.2  88.3  79.8   7.7  74.1   4.9  27.3  22.5  37.2   44.4  36.1  36.7  63.2    0 Y11-D76-RSG59
 11.U PF2  19    0   FA  39.1  36.6  24.3  71.2  88.3  79.8   7.7  74.1   4.9  28.1  22.5  37.2   44.4  36.1  36.7  63.2    0 Y11-D81-RSG64
 11.U PF2  19    0   FA  39.7  35.6  24.7  71.2  88.3  79.8   7.7  74.1   4.9  28.1  22.5  37.2   42.7  36.1  36.7  63.2    0 Y11-D83-RSG66
 11.U PF2  19    0   FA  39.7  35.6  24.7  71.2  88.3  79.8   7.7  74.1   4.9  26.5  22.5  37.2   42.7  36.1  36.7  63.2    0 Y11-D89-RSG72
 11.U PF2  19    0   FA  39.7  35.6  24.7  71.2  88.3  79.8   7.7  75.1   4.9  26.5  22.5  37.2   42.7  36.1  36.7  63.2    0 Y11-D92-RSG75
 11.U PF2  19    0   FA  39.7  35.6  24.7  71.2  88.3  79.8   7.7  76.1   4.9  26.5  22.5  37.2   42.7  36.1  36.7  63.2    0 Y11-D96-RSG79
