Draft Pos Age YPro Team InPro 2JPro 3PPro InEff 2JEff 3PEff  OReb  DReb  BDom PassR PassE InDef PerDef  InFR PerFR FTEff GInj Updated
 11.U SF1  21    0  DRA  50.3  33.3  16.4  93.1  64.0  86.6  17.7  80.0  30.6  21.1  28.1  74.8   22.3  40.5  28.8  83.4    0 Y11-D1-Draft
 11.U SF1  21    0   FA  50.3  33.3  16.4  93.1  64.0  86.6  18.7  80.0  30.6  21.1  28.1  74.8   22.3  40.5  28.8  83.4    0 Y11-D20-RSG3
 11.U SF1  21    0   FA  50.3  33.3  16.4  94.1  64.0  86.6  18.7  80.0  30.6  21.1  28.1  74.8   22.3  40.5  28.8  83.4    0 Y11-D21-RSG4
 11.U SF1  21    0   FA  50.3  33.3  16.4  94.1  64.0  86.6  18.7  80.0  28.1  21.1  28.1  74.8   22.3  40.5  28.8  83.4    0 Y11-D32-RSG15
 11.U SF1  21    0   FA  50.3  33.3  16.4  95.4  64.0  86.6  18.7  80.0  28.1  21.1  28.1  74.8   22.3  40.5  28.8  83.4    0 Y11-D33-RSG16
 11.U SF1  21    0   FA  49.1  34.9  16.0  95.4  64.0  86.6  18.7  80.0  28.1  21.1  28.1  74.8   22.3  40.5  28.8  83.4    0 Y11-D47-RSG30
 11.U SF1  21    0   FA  49.1  34.9  16.0  95.4  64.0  86.6  18.7  80.0  28.1  21.1  28.1  74.8   22.3  40.5  28.8  83.4   17 Y11-D49-RSG32
 11.U SF1  21    0   FA  49.1  34.9  16.0  95.4  64.0  86.6  18.7  80.0  28.1  21.1  28.1  74.8   22.3  40.5  28.8  83.4   17 Y11-D50-RSG33
 11.U SF1  21    0   FA  49.1  34.9  16.0  93.2  64.0  86.6  18.7  80.0  28.1  21.1  28.1  74.8   22.3  40.5  28.8  83.4   17 Y11-D51-RSG34
 11.U SF1  21    0   FA  49.1  34.9  16.0  93.2  64.0  86.6  18.7  80.0  28.1  22.3  28.1  74.8   22.3  39.0  28.8  83.4   17 Y11-D52-RSG35
 11.U SF1  21    0   FA  49.1  34.9  16.0  93.2  64.0  86.6  18.7  80.0  28.1  22.3  28.1  74.8   22.3  39.0  28.8  83.4   17 Y11-D53-RSG36
 11.U SF1  21    0   FA  49.1  34.9  16.0  93.2  64.0  86.6  18.7  80.0  28.1  22.3  28.1  74.8   22.3  39.0  28.8  83.4   16 Y11-D54-RSG37
 11.U SF1  21    0   FA  49.1  34.9  16.0  93.2  64.0  86.6  18.7  80.0  28.1  22.3  28.1  74.8   22.3  39.0  28.8  83.4   15 Y11-D55-RSG38
 11.U SF1  21    0   FA  49.1  34.9  16.0  93.2  64.0  86.6  18.7  80.0  28.1  22.3  28.1  74.8   22.3  39.0  28.8  83.4   14 Y11-D56-RSG39
 11.U SF1  21    0   FA  49.1  34.9  16.0  93.2  64.0  86.6  18.7  80.0  28.1  22.3  28.1  74.8   22.3  39.0  28.8  83.4   12 Y11-D57-RSG40
 11.U SF1  21    0   FA  49.5  34.3  16.2  93.2  64.0  86.6  18.7  80.0  28.1  22.3  28.1  74.8   22.3  39.0  28.8  83.4   11 Y11-D58-RSG41
 11.U SF1  21    0   FA  49.5  34.3  16.2  93.2  64.0  86.6  18.7  80.0  28.1  22.3  28.1  74.8   22.3  39.0  28.8  83.4   10 Y11-D59-RSG42
 11.U SF1  21    0   FA  49.5  34.3  16.2  92.2  64.0  86.6  18.7  80.0  28.1  22.3  28.1  74.8   22.3  39.0  28.8  83.4    9 Y11-D60-RSG43
 11.U SF1  21    0   FA  49.5  34.3  16.2  92.2  64.0  86.6  18.7  80.0  28.1  22.3  28.1  74.8   22.3  39.0  28.8  83.4    7 Y11-D61-RSG44
 11.U SF1  21    0   FA  49.5  34.3  16.2  92.2  64.0  86.6  18.7  80.0  28.1  22.3  28.1  74.8   22.3  39.0  28.8  83.4    5 Y11-D62-RSG45
 11.U SF1  21    0   FA  49.5  34.3  16.2  92.2  64.0  86.6  18.7  80.0  28.1  22.3  28.1  74.8   22.3  39.0  28.8  83.4    4 Y11-D63-RSG46
 11.U SF1  21    0   FA  49.5  34.3  16.2  93.2  64.0  86.6  18.7  80.0  28.1  22.3  28.1  74.8   22.3  39.0  28.8  83.4    2 Y11-D64-RSG47
 11.U SF1  21    0   FA  49.5  34.3  16.2  93.2  64.0  86.6  18.7  80.0  28.1  22.3  28.1  74.8   22.3  39.0  28.8  83.4    2 Y11-D65-RSG48
 11.U SF1  21    0   FA  49.5  34.3  16.2  93.2  64.0  86.6  18.7  80.0  28.1  22.3  28.1  74.8   22.3  39.0  28.8  83.4    0 Y11-D66-RSG49
 11.U SF1  21    0   FA  49.5  34.3  16.2  93.2  64.0  86.6  18.7  77.9  28.1  22.3  28.1  74.8   22.3  39.0  28.8  83.4    0 Y11-D67-RSG50
 11.U SF1  21    0   FA  49.5  34.3  16.2  93.2  64.0  85.6  18.7  77.9  28.1  22.3  28.1  74.8   22.3  39.0  28.8  83.4    0 Y11-D75-RSG58
 11.U SF1  21    0   FA  49.5  34.3  16.2  93.2  64.0  85.6  18.7  77.9  27.1  22.3  28.1  74.8   22.3  39.0  28.8  84.4    0 Y11-D77-RSG60
 11.U SF1  21    0   FA  49.5  34.3  16.2  93.2  64.0  85.6  18.7  77.9  27.1  22.3  28.1  74.8   22.3  40.0  28.8  84.4    0 Y11-D84-RSG67
 11.U SF1  21    0   FA  49.5  34.3  16.2  93.2  63.0  85.6  18.7  79.1  27.1  22.3  28.1  74.8   22.3  40.0  28.8  84.4    0 Y11-D88-RSG71
 11.U SF1  21    0   FA  49.5  34.3  16.2  94.2  63.0  85.6  18.7  79.1  27.1  22.3  28.1  74.8   22.3  40.0  28.8  84.4    0 Y11-D96-RSG79
