Draft Pos Age YPro Team InPro 2JPro 3PPro InEff 2JEff 3PEff  OReb  DReb  BDom PassR PassE InDef PerDef  InFR PerFR FTEff GInj Updated
 11.U SF1  20    0  DRA  39.1  38.6  22.3  87.2  70.3  77.2  21.2  70.7  10.2   6.5  41.1  46.2   22.6  31.8  31.8  81.6    0 Y11-D1-Draft
 11.U SF1  20    0   FA  39.1  38.6  22.3  87.2  70.3  77.2  21.2  70.7  10.2   6.5  41.1  46.2   22.6  31.8  29.9  81.6    0 Y11-D20-RSG3
 11.U SF1  20    0   FA  39.1  38.6  22.3  87.2  70.3  77.2  21.2  70.7  10.7   6.5  41.1  46.2   22.6  31.8  29.9  81.6    0 Y11-D22-RSG5
 11.U SF1  20    0   FA  38.9  38.9  22.2  87.2  70.3  74.3  21.2  70.7  10.7   6.5  41.1  46.2   22.6  31.8  29.9  81.6    0 Y11-D26-RSG9
 11.U SF1  20    0   FA  38.9  38.9  22.2  87.2  70.3  74.3  21.2  70.7  10.7   6.5  41.1  46.2   22.6  31.8  28.9  81.6    0 Y11-D31-RSG14
 11.U SF1  20    0   FA  38.9  38.9  22.2  87.2  70.3  74.3  21.2  70.7  10.7   6.5  41.1  46.2   22.6  31.8  28.9  80.3    0 Y11-D33-RSG16
 11.U SF1  20    0   FA  38.9  38.9  22.2  87.2  70.3  74.3  21.2  70.7  10.7   6.8  41.1  46.2   22.6  31.8  28.9  80.3    0 Y11-D36-RSG19
 11.U SF1  20    0   FA  38.9  38.9  22.2  87.2  70.3  74.3  21.2  70.7  10.7   8.6  41.1  46.2   22.6  31.8  28.9  80.3    0 Y11-D44-RSG27
 11.U SF1  20    0   FA  38.9  38.9  22.2  88.2  70.3  74.3  21.2  70.7  10.7   8.6  41.1  46.2   22.6  31.8  28.9  80.3    0 Y11-D50-RSG33
 11.U SF1  20    0   FA  37.6  39.7  22.7  88.2  70.3  74.3  21.2  70.7  10.7   8.6  41.1  46.2   26.1  31.8  28.9  80.3    0 Y11-D61-RSG44
 11.U SF1  20    0   FA  37.6  39.7  22.7  88.2  70.3  74.3  21.2  70.7   8.9   8.6  41.1  46.2   26.1  31.8  28.9  80.3    0 Y11-D64-RSG47
 11.U SF1  20    0   FA  37.6  39.7  22.7  88.2  70.3  74.3  22.4  70.7   8.9   8.6  41.1  46.2   26.1  31.8  28.9  80.3    0 Y11-D65-RSG48
 11.U SF1  20    0   FA  37.6  39.7  22.7  88.2  70.3  76.5  22.4  70.7   8.9   8.6  41.1  46.2   26.1  31.8  28.9  80.3    0 Y11-D68-RSG51
 11.U SF1  20    0   FA  37.6  39.7  22.7  88.2  70.3  76.5  20.8  70.7   8.9   8.6  41.1  46.2   26.1  31.8  28.9  80.3    0 Y11-D79-RSG62
 11.U SF1  20    0   FA  37.6  39.7  22.7  88.2  70.3  76.5  20.8  70.7  10.2   8.6  41.1  46.2   26.1  31.8  28.9  80.3    0 Y11-D83-RSG66
 11.U SF1  20    0   FA  37.6  39.7  22.7  88.2  70.3  76.5  20.8  70.7   9.9   8.6  41.1  46.2   26.1  31.8  28.9  80.3    0 Y11-D88-RSG71
 11.U SF1  20    0   FA  37.6  39.7  22.7  85.7  70.3  76.5  20.8  70.7   9.9   8.6  41.1  46.2   26.1  31.8  28.9  80.3    0 Y11-D92-RSG75
 11.U SF1  20    0   FA  37.6  39.7  22.7  85.7  70.3  76.5  20.8  70.7   9.9   8.6  41.1  46.2   23.1  31.8  28.9  80.3    0 Y11-D94-RSG77
 11.U SF1  20    0   FA  37.6  39.7  22.7  85.7  68.5  76.5  20.8  70.7   9.9   8.6  41.1  46.2   23.1  31.8  28.9  80.3    0 Y11-D95-RSG78
 11.U SF1  20    0   FA  37.6  39.7  22.7  85.7  68.5  76.5  20.8  70.7   9.9   8.6  41.1  49.5   23.1  31.8  28.9  80.3    0 Y11-D97-RSG80
