Draft Pos Age YPro Team InPro 2JPro 3PPro InEff 2JEff 3PEff  OReb  DReb  BDom PassR PassE InDef PerDef  InFR PerFR FTEff GInj Updated
 11.U SG2  20    0  DRA  16.0  50.8  33.2  60.5  86.7  88.7  12.3  26.8  38.4  39.7  30.3  26.8   95.2  25.6  56.6  85.0    0 Y11-D1-Draft
 11.3 SG2  20    0  WIL  15.9  50.2  33.9  60.5  86.7  88.7  12.3  26.8  38.4  39.7  30.3  26.8   95.2  25.6  56.6  85.0    0 Y11-D20-RSG3
 11.3 SG2  20    0  WIL  15.9  50.2  33.9  60.5  86.7  88.7  12.3  26.8  38.4  39.7  30.3  26.8   93.5  25.6  56.6  85.0    0 Y11-D28-RSG11
 11.3 SG2  20    0  WIL  15.7  50.3  34.0  62.0  86.7  88.7  12.3  26.8  38.4  39.7  30.3  26.8   93.5  25.6  56.6  85.0    0 Y11-D30-RSG13
 11.3 SG2  20    0  WIL  15.8  50.0  34.2  62.0  86.7  88.7  12.3  26.8  38.4  39.7  30.3  26.8   93.5  25.6  56.6  85.0    0 Y11-D32-RSG15
 11.3 SG2  20    0  WIL  15.8  50.0  34.2  62.0  86.7  88.7  12.3  27.8  38.4  39.7  30.3  26.8   93.5  25.6  56.6  85.0    0 Y11-D35-RSG18
 11.3 SG2  20    0  WIL  15.8  50.0  34.2  62.0  86.7  88.7  12.3  25.4  38.4  39.7  30.3  24.3   93.5  25.6  56.6  85.0    0 Y11-D36-RSG19
 11.3 SG2  20    0  WIL  15.8  50.0  34.2  62.0  86.7  88.7  12.3  25.4  38.4  39.7  30.3  24.3   95.7  25.6  56.6  85.0    0 Y11-D37-RSG20
 11.3 SG2  20    0  WIL  15.8  50.0  34.2  62.0  86.7  88.7  12.3  25.4  38.4  41.9  30.3  24.3   95.7  25.6  56.6  85.0    0 Y11-D43-RSG26
 11.3 SG2  20    0  WIL  15.8  50.0  34.2  62.0  86.7  88.7  12.3  25.4  38.4  41.9  30.3  24.3   95.7  25.6  56.6  86.0    0 Y11-D45-RSG28
 11.3 SG2  20    0  WIL  14.7  51.7  33.6  61.0  86.7  88.7  12.3  25.4  38.4  41.9  30.3  24.3   95.7  25.6  56.6  86.0    0 Y11-D49-RSG32
 11.3 SG2  20    0  WIL  14.7  51.7  33.6  61.0  86.7  88.7  12.3  25.4  41.0  41.9  30.3  24.3   95.7  25.6  56.6  86.0    0 Y11-D50-RSG33
 11.3 SG2  20    0  WIL  14.7  51.7  33.6  61.0  86.7  88.7  12.3  22.6  41.0  41.9  30.3  25.3   95.7  25.6  56.6  86.0    0 Y11-D52-RSG35
 11.3 SG2  20    0  WIL  14.7  51.7  33.6  61.0  86.7  88.7  12.3  22.6  41.0  41.9  30.3  25.3   95.7  26.6  56.6  86.0    0 Y11-D53-RSG36
 11.3 SG2  20    0  WIL  14.7  51.7  33.6  61.0  86.7  88.7  12.3  22.6  41.0  41.9  34.3  25.3   95.7  26.6  56.6  86.0    0 Y11-D56-RSG39
 11.3 SG2  20    0  WIL  14.7  51.7  33.6  61.0  86.7  87.7  12.3  22.6  41.0  43.9  34.3  25.3   95.7  26.6  56.6  86.0    0 Y11-D58-RSG41
 11.3 SG2  20    0  WIL  15.0  51.5  33.5  61.0  86.7  87.7  12.3  22.6  41.0  43.9  34.3  25.3   95.7  26.6  56.6  86.0    0 Y11-D60-RSG43
 11.3 SG2  20    0  WIL  15.0  51.5  33.5  61.0  86.7  88.9  12.3  22.6  41.0  43.9  40.1  25.3   95.7  26.6  58.8  86.0    0 Y11-D62-RSG45
 11.3 SG2  20    0  WIL  15.0  51.5  33.5  61.0  86.7  88.9  12.3  22.6  41.0  43.9  40.1  25.3   95.7  26.6  58.8  87.0    0 Y11-D63-RSG46
 11.3 SG2  20    0  WIL  15.0  51.5  33.5  61.0  86.7  88.9  12.3  22.6  41.0  43.9  40.1  26.3   95.7  26.6  58.8  87.0    0 Y11-D65-RSG48
 11.3 SG2  20    0  WIL  15.0  51.5  33.5  61.0  86.7  88.9  12.3  22.6  41.0  43.9  40.1  26.3   95.7  26.6  58.8  85.4    0 Y11-D66-RSG49
 11.3 SG2  20    0  WIL  15.0  51.5  33.5  61.0  86.7  88.9  12.3  22.6  42.5  43.9  40.1  26.3   95.7  26.6  58.8  85.4    0 Y11-D73-RSG56
 11.3 SG2  20    0  WIL  15.0  51.5  33.5  61.0  86.7  88.9  12.3  22.6  42.5  43.9  40.1  26.3   95.7  27.6  57.4  85.4    0 Y11-D76-RSG59
 11.3 SG2  20    0  WIL  15.0  51.5  33.5  61.0  86.7  90.6  12.3  22.6  42.5  43.9  40.1  26.3   95.7  27.6  57.4  85.4    0 Y11-D80-RSG63
 11.3 SG2  20    0  WIL  15.4  53.0  31.6  61.0  86.7  90.6  12.3  22.6  42.5  43.9  40.1  26.3   95.7  29.1  57.4  85.4    0 Y11-D83-RSG66
 11.3 SG2  20    0  WIL  15.4  53.0  31.6  63.2  86.7  90.6  12.3  22.6  42.5  43.9  40.1  26.3   95.7  29.1  57.4  85.4    0 Y11-D92-RSG75
 11.3 SG2  20    0  WIL  15.4  53.0  31.6  60.8  86.7  90.6  12.3  22.6  42.5  43.9  40.1  26.3   95.7  29.1  57.4  85.4    0 Y11-D93-RSG76
 11.3 SG2  20    0  WIL  15.4  53.0  31.6  60.8  86.7  90.6  12.3  22.6  42.5  43.9  40.1  26.3   95.7  27.2  57.4  85.4    0 Y11-D94-RSG77
 11.3 SG2  20    0  WIL  15.4  53.0  31.6  60.8  86.7  90.6  12.3  22.6  42.5  43.9  40.1  26.3   94.6  27.2  57.4  85.4    0 Y11-D95-RSG78
