Draft Pos Age YPro Team InPro 2JPro 3PPro InEff 2JEff 3PEff  OReb  DReb  BDom PassR PassE InDef PerDef  InFR PerFR FTEff GInj Updated
 11.U PG1  18    0  DRA  21.9  45.4  32.7  55.1  85.3  57.6   6.6  25.6  94.1  83.0  47.5  11.4   78.2  27.3  35.2  82.0    0 Y11-D1-Draft
11.10 PG1  18    0  LAT  22.1  44.8  33.1  55.1  85.3  57.6   6.6  25.6  94.1  83.0  47.5  11.4   78.2  27.3  35.2  82.0    0 Y11-D21-RSG4
11.10 PG1  18    0  LAT  22.4  45.5  32.1  55.1  85.3  57.6   6.6  25.6  94.1  83.0  47.5  11.4   78.2  27.3  35.2  82.0    0 Y11-D23-RSG6
11.10 PG1  18    0  LAT  22.4  45.5  32.1  57.9  85.3  57.6   6.6  25.6  94.1  83.0  47.5  11.4   78.2  27.3  35.2  82.0    0 Y11-D25-RSG8
11.10 PG1  18    0  LAT  22.4  45.5  32.1  57.9  85.3  57.6   6.6  25.6  94.1  83.0  47.5  14.5   78.2  27.3  35.2  82.0    0 Y11-D27-RSG10
11.10 PG1  18    0  LAT  22.4  45.5  32.1  57.9  85.3  57.6   6.6  25.6  94.1  83.0  47.5  14.5   78.2  27.3  35.2  81.0    0 Y11-D29-RSG12
11.10 PG1  18    0  LAT  22.4  45.5  32.1  57.9  85.3  57.6   6.6  25.6  95.8  83.0  47.5  14.5   78.2  27.3  35.2  81.0    0 Y11-D32-RSG15
11.10 PG1  18    0  LAT  22.4  45.5  32.1  57.9  85.3  57.6   6.6  26.6  95.8  83.0  47.5  14.5   78.2  27.3  35.2  81.0    0 Y11-D34-RSG17
11.10 PG1  18    0  LAT  23.2  45.0  31.8  57.9  85.3  57.6   6.6  26.6  95.8  83.0  47.5  14.5   78.2  27.3  35.2  81.0    0 Y11-D36-RSG19
11.10 PG1  18    0  LAT  23.2  45.0  31.8  60.2  85.3  57.6   6.6  26.6  95.8  83.0  47.5  14.5   78.2  27.3  35.2  81.0    0 Y11-D39-RSG22
11.10 PG1  18    0  LAT  23.2  45.0  31.8  61.6  85.3  57.6   6.6  26.6  95.8  83.0  47.5  14.5   78.2  27.3  35.2  81.0    0 Y11-D40-RSG23
11.10 PG1  18    0  LAT  24.6  44.2  31.2  61.6  85.3  57.6   6.6  26.6  95.8  83.0  47.5  14.5   78.2  27.3  35.2  81.0    0 Y11-D42-RSG25
11.10 PG1  18    0  LAT  24.6  44.2  31.2  61.6  85.3  57.6   6.6  26.6  95.8  83.0  51.8  14.5   78.2  27.3  36.2  81.0    0 Y11-D43-RSG26
11.10 PG1  18    0  LAT  24.6  44.2  31.2  61.6  85.3  57.6   6.6  29.7  95.8  83.0  51.8  14.5   78.2  28.3  36.2  81.0    0 Y11-D46-RSG29
11.10 PG1  18    0  LAT  25.5  43.7  30.8  61.6  85.3  57.6   6.6  29.7  95.8  83.0  51.8  14.5   78.2  28.3  34.6  81.0    0 Y11-D50-RSG33
11.10 PG1  18    0  LAT  25.5  43.7  30.8  61.6  85.3  57.6   6.6  29.7  95.8  83.0  51.8  14.5   78.2  30.9  34.6  81.0    0 Y11-D56-RSG39
11.10 PG1  18    0  LAT  25.5  43.7  30.8  61.6  85.3  57.6   6.6  29.7  95.8  83.0  51.8  14.5   79.2  30.9  34.6  81.0    0 Y11-D57-RSG40
11.10 PG1  18    0  LAT  25.5  43.7  30.8  61.6  85.3  57.6   6.6  29.7  95.8  83.0  51.8  14.5   80.2  30.9  34.6  81.0    0 Y11-D58-RSG41
11.10 PG1  18    0  LAT  25.5  43.7  30.8  61.6  85.3  57.6   6.6  32.2  95.8  83.0  51.8  14.5   80.2  30.9  34.6  81.0    0 Y11-D60-RSG43
11.10 PG1  18    0  LAT  25.5  43.7  30.8  61.6  85.3  57.6   6.6  32.2  95.8  83.0  51.8  14.5   78.5  30.9  34.6  81.0    0 Y11-D63-RSG46
11.10 PG1  18    0  LAT  25.5  43.7  30.8  61.6  85.3  57.6   6.6  32.2  95.8  83.0  51.8  14.5   78.5  30.9  33.6  81.0    0 Y11-D67-RSG50
11.10 PG1  18    0  LAT  25.5  43.7  30.8  61.6  85.3  57.6   6.6  32.2  95.8  83.0  51.8  14.5   80.1  30.9  33.6  81.0    0 Y11-D69-RSG52
11.10 PG1  18    0  LAT  25.5  43.7  30.8  61.6  85.3  57.6   6.6  32.2  95.0  83.0  51.8  14.5   80.1  30.9  33.6  81.0    0 Y11-D70-RSG53
11.10 PG1  18    0  LAT  25.5  43.7  30.8  61.6  85.3  57.6   6.6  34.1  95.0  83.0  51.8  14.5   80.1  30.9  33.6  81.0    0 Y11-D72-RSG55
11.10 PG1  18    0  LAT  25.5  43.7  30.8  61.6  85.3  57.6   6.6  34.1  93.1  83.0  51.8  13.4   80.1  30.9  33.6  81.0    0 Y11-D73-RSG56
11.10 PG1  18    0  LAT  25.5  43.7  30.8  61.6  86.6  57.6   6.6  34.1  93.1  83.0  49.5  13.4   80.1  30.9  33.6  81.0    0 Y11-D76-RSG59
11.10 PG1  18    0  LAT  25.5  43.7  30.8  61.6  84.5  57.6   6.6  34.1  93.1  83.0  49.5  13.4   80.1  30.9  33.6  81.0    0 Y11-D79-RSG62
11.10 PG1  18    0  LAT  25.5  43.7  30.8  61.6  85.5  57.6   5.6  34.1  93.1  83.0  49.5  13.4   80.1  30.9  33.6  81.0    0 Y11-D80-RSG63
11.10 PG1  18    0  LAT  25.5  43.7  30.8  61.6  85.5  57.6   5.6  34.1  93.1  81.3  49.5  13.4   80.1  30.9  33.6  81.0    0 Y11-D81-RSG64
11.10 PG1  18    0  LAT  25.5  43.7  30.8  61.6  86.5  57.6   5.6  34.1  93.1  81.3  49.5  13.4   80.1  30.9  33.6  81.0    0 Y11-D82-RSG65
11.10 PG1  18    0  LAT  25.5  43.7  30.8  61.6  86.5  60.2   5.6  34.1  93.1  81.2  49.5  13.4   81.5  30.9  33.6  81.0    0 Y11-D83-RSG66
11.10 PG1  18    0  LAT  25.9  43.5  30.6  61.6  86.5  60.2   5.6  34.1  93.1  81.2  49.5  13.4   81.5  30.9  33.6  81.0    0 Y11-D85-RSG68
11.10 PG1  18    0  LAT  25.2  45.0  29.8  61.6  87.5  60.2   5.6  34.1  93.1  81.2  49.5  13.4   81.5  30.9  33.6  81.0    0 Y11-D89-RSG72
11.10 PG1  18    0  LAT  24.6  46.2  29.2  61.6  87.5  60.2   5.6  34.1  93.1  81.2  53.2  13.4   81.5  30.9  33.6  81.0    0 Y11-D91-RSG74
11.10 PG1  18    0  LAT  24.6  46.2  29.2  61.6  87.5  60.2   5.6  34.1  93.1  81.2  53.2  13.4   82.8  30.9  33.6  81.0    0 Y11-D96-RSG79
