Draft Pos Age YPro Team InPro 2JPro 3PPro InEff 2JEff 3PEff  OReb  DReb  BDom PassR PassE InDef PerDef  InFR PerFR FTEff GInj Updated
 11.U PG2  21    0  DRA  18.9  45.6  35.5  56.8  63.7  67.9   6.8  33.2  60.1  59.9  52.5  24.7   84.0  24.0  33.5  78.4    0 Y11-D1-Draft
 11.U PG2  21    0   FA  18.9  45.6  35.5  56.8  63.7  67.9   6.8  33.2  60.1  59.9  52.5  24.7   84.0  22.2  33.5  78.4    0 Y11-D21-RSG4
 11.U PG2  21    0   FA  18.9  45.6  35.5  56.8  63.7  67.9   6.8  33.2  60.1  59.9  52.5  24.7   84.0  24.1  33.5  78.4    0 Y11-D26-RSG9
 11.U PG2  21    0   FA  19.1  45.0  35.9  56.8  63.7  67.9   6.8  33.2  60.1  59.9  52.5  24.7   84.0  23.1  33.5  78.4    0 Y11-D33-RSG16
 11.U PG2  21    0   FA  19.1  45.0  35.9  56.8  63.7  67.9   6.8  33.2  60.1  59.9  52.5  24.7   81.3  23.1  33.5  78.4    0 Y11-D37-RSG20
 11.U PG2  21    0   FA  19.1  45.0  35.9  56.8  63.7  67.9   6.8  33.2  60.1  59.9  52.5  24.7   81.3  24.1  33.5  78.4    0 Y11-D39-RSG22
 11.U PG2  21    0   FA  18.7  46.2  35.1  56.8  63.7  67.9   6.8  33.2  60.1  59.9  52.5  24.7   81.3  24.1  33.5  78.4    0 Y11-D40-RSG23
 11.U PG2  21    0   FA  18.7  46.2  35.1  55.4  63.7  65.5   6.8  33.2  60.1  59.9  52.5  24.7   81.3  24.1  33.5  78.4    0 Y11-D46-RSG29
 11.U PG2  21    0   FA  18.7  46.2  35.1  55.4  63.7  70.9   6.8  33.2  60.1  59.9  52.5  24.7   81.3  24.1  33.5  78.4    0 Y11-D48-RSG31
 11.U PG2  21    0   FA  18.7  46.2  35.1  55.4  63.7  70.9   6.8  33.2  60.1  59.9  52.5  24.7   81.3  24.1  33.5  79.4    0 Y11-D51-RSG34
 11.U PG2  21    0   FA  18.7  46.2  35.1  55.4  63.7  70.9   5.8  33.2  60.1  59.9  52.5  24.7   81.3  24.1  33.5  79.4    0 Y11-D54-RSG37
 11.U PG2  21    0   FA  18.9  46.5  34.6  55.4  63.7  73.7   5.8  33.2  60.1  59.9  52.5  24.7   81.3  24.1  33.5  79.4    0 Y11-D80-RSG63
 11.U PG2  21    0   FA  18.9  46.5  34.6  55.4  63.7  73.7   5.8  33.2  60.1  59.9  58.1  24.7   81.3  24.1  33.5  79.4    0 Y11-D82-RSG65
 11.U PG2  21    0   FA  18.7  47.1  34.2  55.4  63.7  73.7   5.8  33.2  60.1  59.9  58.1  24.7   81.3  24.1  33.5  79.4    0 Y11-D87-RSG70
 11.U PG2  21    0   FA  18.7  47.1  34.2  55.4  63.7  73.7   5.8  33.2  57.3  59.9  58.1  24.7   81.3  24.1  33.5  79.4    0 Y11-D89-RSG72
 11.U PG2  21    0   FA  18.7  47.1  34.2  55.4  63.7  73.7   5.8  33.2  57.3  59.9  58.1  24.7   81.3  24.1  34.5  79.4    0 Y11-D91-RSG74
 11.U PG2  21    0   FA  18.7  47.1  34.2  55.4  63.7  73.7   5.8  33.2  57.3  59.9  58.1  24.7   81.3  24.1  34.5  77.3    0 Y11-D93-RSG76
