Player Game Type Opp.     Result OT St CTime FGM FGA 2PM 2PA 3PM 3PA FTM FTA PBM PBA InM InA 2JM 2JA OR DF TR Ast FC FD Pts InP 2CP +/- TPF TPA Tchs Pass IFC PFC IFD PFD CS
   Fa7    7   RS vBRE  W(102-96)  0  0     0   0   0   0   0   0   0   0   0   0   0   0   0   0   0  0  0  0   0  0  0   0   0   0   0   0   0    0    0   0   0   0   0  I
   Ia2    7   RS vBRE  W(102-96)  0  1  1998   7  17   7  17   0   0   1   2   0   0   4  11   3   6  3 10 13   0  2  1  15   9   0   8  83  75   19    1   2   0   1   0  A
   Dg3    7   RS vBRE  W(102-96)  0  1  2400  10  17   7  12   3   5   4   4   0   0   6   8   1   4  0  2  2   4  2  2  27  12   2   6 102  96   27    8   0   2   0   2  A
   Ej5    7   RS vBRE  W(102-96)  0  1  2400   8  15   5  11   3   4   0   0   1   2   2   3   3   8  2  3  5  14  0  0  19   4   6   6 102  96   48   33   0   0   0   0  A
   Jc4    7   RS vBRE  W(102-96)  0  0   366   1   1   1   1   0   0   0   0   0   0   1   1   0   0  2  1  3   0  0  0   2   2   0  -2  13  15    1    0   0   0   0   0  A
   Ga5    7   RS vBRE  W(102-96)  0  1   608   1   1   1   1   0   0   0   0   0   0   1   1   0   0  1  2  3   0  3  0   2   2   0 -12  22  34    1    0   2   1   0   0  A
   Ec2    7   RS vBRE  W(102-96)  0  0  1792   4   9   4   9   0   0   8  10   0   0   2   6   2   3  2  4  6   0  2  5  16  12   3  18  80  62   14    0   2   0   5   0  A
   He5    7   RS vBRE  W(102-96)  0  0  1189   2   4   2   3   0   1   0   0   0   0   2   3   0   0  0  7  7   0  1  0   4   4   0  13  55  42    4    0   1   0   0   0  A
   Hi3    7   RS vBRE  W(102-96)  0  0     0   0   0   0   0   0   0   0   0   0   0   0   0   0   0  0  0  0   0  0  0   0   0   0   0   0   0    0    0   0   0   0   0  A
  Kj10    7   RS vBRE  W(102-96)  0  0     0   0   0   0   0   0   0   0   0   0   0   0   0   0   0  0  0  0   0  0  0   0   0   0   0   0   0    0    0   0   0   0   0  A
   Ih4    7   RS vBRE  W(102-96)  0  0     0   0   0   0   0   0   0   0   0   0   0   0   0   0   0  0  0  0   0  0  0   0   0   0   0   0   0    0    0   0   0   0   0  I
   Ie9    7   RS vBRE  W(102-96)  0  1  1211   7  11   6  10   1   1   0   0   0   0   0   2   6   8  0  2  2   0  4  0  15   0   2  -7  47  54   11    0   1   3   0   0  A
   Jg1    7   RS vBRE  W(102-96)  0  0    36   0   0   0   0   0   0   2   2   0   0   0   0   0   0  0  2  2   0  0  1   2   0   0   0   6   6    1    0   0   0   0   1  A
   Fa7    9   RS @CRO   L(81-82)  0  0     0   0   0   0   0   0   0   0   0   0   0   0   0   0   0  0  0  0   0  0  0   0   0   0   0   0   0    0    0   0   0   0   0  I
   Ia2    9   RS @CRO   L(81-82)  0  1  1200   2   6   2   6   0   0   1   2   0   0   2   4   0   2  1  4  5   0  0  1   5   5   2  -5  36  41    7    0   0   0   1   0  A
   Dg3    9   RS @CRO   L(81-82)  0  1  1113   0   7   0   2   0   5   1   2   0   0   0   0   0   2  0  3  3   4  0  1   1   1   0   0  37  37   17    9   0   0   1   0  A
   Ej5    9   RS @CRO   L(81-82)  0  1  2400   7  13   5   9   2   4   2   2   0   0   2   3   3   6  1  2  3  15  2  1  18   4   0  -1  81  82   54   40   2   0   0   1  A
   Jc4    9   RS @CRO   L(81-82)  0  0     0   0   0   0   0   0   0   0   0   0   0   0   0   0   0  0  0  0   0  0  0   0   0   0   0   0   0    0    0   0   0   0   0  A
   Ga5    9   RS @CRO   L(81-82)  0  1  2400   7  15   7  13   0   2   1   4   0   0   6  10   1   3  3  8 11   0  1  2  15  13   0  -1  81  82   17    0   0   1   1   1  A
   Ec2    9   RS @CRO   L(81-82)  0  0  1200   4   8   4   8   0   0   1   2   1   1   3   4   1   4  1  5  6   0  1  1   9   7   3   4  45  41    9    0   1   0   1   0  A
   He5    9   RS @CRO   L(81-82)  0  0     0   0   0   0   0   0   0   0   0   0   0   0   0   0   0  0  0  0   0  0  0   0   0   0   0   0   0    0    0   0   0   0   0  A
   Hi3    9   RS @CRO   L(81-82)  0  0     0   0   0   0   0   0   0   0   0   0   0   0   0   0   0  0  0  0   0  0  0   0   0   0   0   0   0    0    0   0   0   0   0  A
  Kj10    9   RS @CRO   L(81-82)  0  0     0   0   0   0   0   0   0   0   0   0   0   0   0   0   0  0  0  0   0  0  0   0   0   0   0   0   0    0    0   0   0   0   0  A
   Ih4    9   RS @CRO   L(81-82)  0  0     0   0   0   0   0   0   0   0   0   0   0   0   0   0   0  0  0  0   0  0  0   0   0   0   0   0   0    0    0   0   0   0   0  I
   Ie9    9   RS @CRO   L(81-82)  0  1  2400  10  17   9  15   1   2   6   6   0   0   5   8   4   7  0  7  7   2  0  3  27  16   0  -1  81  82   24    4   0   0   3   0  A
   Jg1    9   RS @CRO   L(81-82)  0  0  1287   3   7   3   6   0   1   0   0   0   0   1   3   2   3  0  7  7   1  1  0   6   2   2  -1  44  45    8    1   1   0   0   0  A
   Ie9   15   RS vWIL  L(89-101)  0  1  2221   4   8   4   8   0   0   3   4   0   0   4   6   0   2  0  5  5   1  1  2  11   8   0 -15  79  94   14    4   1   0   0   2  A
   He5   15   RS vWIL  L(89-101)  0  0   179   1   1   0   0   1   1   0   0   0   0   0   0   0   0  0  1  1   0  3  0   3   0   3   3  10   7    1    0   2   1   0   0  A
   Hi3   15   RS vWIL  L(89-101)  0  0  1621   7  15   5  11   2   4   2   2   0   0   5   7   0   4  1  4  5  10  2  1  18  12   0  -7  65  72   32   16   0   2   1   0  A
  Kj10   15   RS vWIL  L(89-101)  0  0   179   0   1   0   0   0   1   0   0   0   0   0   0   0   0  0  0  0   2  0  0   0   0   0   3  10   7    4    3   0   0   0   0  A
   Ga5   15   RS vWIL  L(89-101)  0  1  2095   2   5   2   5   0   0   3   4   0   0   2   4   0   1  0 10 10   0  2  2   7   7   0 -11  77  88    7    0   1   1   2   0  A
   Fa7   15   RS vWIL  L(89-101)  0  0   179   2   3   2   3   0   0   0   0   0   0   0   0   2   3  1  0  1   0  1  0   4   0   0   3  10   7    3    0   1   0   0   0  A
   Ih4   15   RS vWIL  L(89-101)  0  0     0   0   0   0   0   0   0   0   0   0   0   0   0   0   0  0  0  0   0  0  0   0   0   0   0   0   0    0    0   0   0   0   0  I
   Dg3   15   RS vWIL  L(89-101)  0  1  2221   8  17   5   9   3   8   0   0   0   1   4   5   1   4  2  5  7   4  0  0  19   8   0 -15  79  94   25    8   0   0   0   0  A
   Jc4   15   RS vWIL  L(89-101)  0  0   179   1   1   1   1   0   0   1   2   0   0   1   1   0   0  0  0  0   1  0  1   3   3   0   3  10   7    3    1   0   0   1   0  A
   Ec2   15   RS vWIL  L(89-101)  0  0  1200   5  11   5  10   0   1   0   0   0   0   5   7   0   3  2  1  3   0  1  0  10  10   0  -2  50  52   11    0   1   0   0   0  A
   Ej5   15   RS vWIL  L(89-101)  0  1   600   0   4   0   2   0   2   0   0   0   0   0   1   0   1  1  0  1   2  0  0   0   0   0  -8  14  22   11    7   0   0   0   0  A
   Jg1   15   RS vWIL  L(89-101)  0  0   179   0   0   0   0   0   0   0   0   0   0   0   0   0   0  0  0  0   0  0  0   0   0   0   3  10   7    0    0   0   0   0   0  A
   Ia2   15   RS vWIL  L(89-101)  0  1  1147   6  11   6  10   0   1   2   2   1   1   4   6   2   4  1  4  5   1  1  1  14  10   2 -17  31  48   13    1   1   0   1   0  A
   Ie9   21   RS @BRE  W(106-97)  0  1   943   4   7   4   7   0   0   0   0   0   0   2   3   2   4  0  6  6   0  4  0   8   4   2  -2  43  45    7    0   4   0   0   0  A
   He5   21   RS @BRE  W(106-97)  0  0  1457   2   5   0   2   2   3   4   5   0   0   0   0   0   2  2  4  6   2  0  2  10   1   1  11  63  52    9    2   0   0   1   1  A
   Hi3   21   RS @BRE  W(106-97)  0  0   218   1   1   1   1   0   0   0   0   0   0   1   1   0   0  0  1  1   2  0  0   2   2   2   9  16   7    4    3   0   0   0   0  A
  Kj10   21   RS @BRE  W(106-97)  0  0     0   0   0   0   0   0   0   0   0   0   0   0   0   0   0  0  0  0   0  0  0   0   0   0   0   0   0    0    0   0   0   0   0  A
   Ga5   21   RS @BRE  W(106-97)  0  1   941   3   4   3   4   0   0   0   2   0   0   1   2   2   2  0  3  3   0  3  1   6   2   4   0  42  42    5    0   2   1   1   0  A
   Fa7   21   RS @BRE  W(106-97)  0  0     0   0   0   0   0   0   0   0   0   0   0   0   0   0   0  0  0  0   0  0  0   0   0   0   0   0   0    0    0   0   0   0   0  A
   Ih4   21   RS @BRE  W(106-97)  0  0     0   0   0   0   0   0   0   0   0   0   0   0   0   0   0  0  0  0   0  0  0   0   0   0   0   0   0    0    0   0   0   0   0  I
   Dg3   21   RS @BRE  W(106-97)  0  1  2400  11  20   6   9   5  11   7   7   0   0   3   4   3   5  1  3  4   9  2  3  34   8   0   9 106  97   37   14   0   2   1   2  A
   Jc4   21   RS @BRE  W(106-97)  0  0     0   0   0   0   0   0   0   0   0   0   0   0   0   0   0  0  0  0   0  0  0   0   0   0   0   0   0    0    0   0   0   0   0  A
   Ec2   21   RS @BRE  W(106-97)  0  1  2400  10  14  10  14   0   0   2   2   0   0   8  10   2   4  4  7 11   0  3  1  22  18   0   9 106  97   15    0   2   1   1   0  A
   Ej5   21   RS @BRE  W(106-97)  0  1  2182   2  11   2   8   0   3   2   2   0   0   0   1   2   7  1  0  1  21  3  1   6   0   0   0  90  90   46   34   2   1   0   1  A
   Jg1   21   RS @BRE  W(106-97)  0  0     0   0   0   0   0   0   0   0   0   0   0   0   0   0   0  0  0  0   0  0  0   0   0   0   0   0   0    0    0   0   0   0   0  A
   Ia2   21   RS @BRE  W(106-97)  0  0  1459   9  12   9  12   0   0   0   0   0   0   7   9   2   3  1  6  7   0  3  0  18  14   4   9  64  55   12    0   3   0   0   0  A
   Ie9   23   RS vCRO L(119-120)  1  1  2446  10  18   7  13   3   5   2   2   0   0   4   8   3   5  0  4  4   1  2  1  25  10   0   4 108 104   23    4   1   1   1   0  A
   He5   23   RS vCRO L(119-120)  1  0   585   0   1   0   1   0   0   3   3   0   0   0   0   0   1  0  0  0   0  1  1   3   0   0   0  36  36    2    0   0   1   0   1  A
   Hi3   23   RS vCRO L(119-120)  1  0     0   0   0   0   0   0   0   0   0   0   0   0   0   0   0  0  0  0   0  0  0   0   0   0   0   0   0    0    0   0   0   0   0  A
  Kj10   23   RS vCRO L(119-120)  1  0     4   1   1   0   0   1   1   0   0   0   0   0   0   0   0  0  0  0   0  0  0   3   0   0   3   3   0    1    0   0   0   0   0  A
   Ga5   23   RS vCRO L(119-120)  1  1  2182   7  13   7  13   0   0   3   4   1   2   6   9   1   4  5  9 14   1  4  2  17  15   3   2  89  87   17    2   3   1   2   0  A
   Fa7   23   RS vCRO L(119-120)  1  0     0   0   0   0   0   0   0   0   0   0   0   0   0   0   0  0  0  0   0  0  0   0   0   0   0   0   0    0    0   0   0   0   0  A
   Ih4   23   RS vCRO L(119-120)  1  0     0   0   0   0   0   0   0   0   0   0   0   0   0   0   0  0  0  0   0  0  0   0   0   0   0   0   0    0    0   0   0   0   0  I
   Dg3   23   RS vCRO L(119-120)  1  1  2700   9  17   6   9   3   8   7   7   0   0   3   5   3   4  0  6  6  10  3  3  28   8   4  -1 119 120   36   16   0   3   1   2  A
   Jc4   23   RS vCRO L(119-120)  1  0     0   0   0   0   0   0   0   0   0   0   0   0   0   0   0  0  0  0   0  0  0   0   0   0   0   0   0    0    0   0   0   0   0  A
   Ec2   23   RS vCRO L(119-120)  1  1  1548   3  11   3  11   0   0   0   0   0   0   2   8   1   3  0  8  8   0  2  0   6   4   0  -7  54  61   12    1   2   0   0   0  A
   Ej5   23   RS vCRO L(119-120)  1  1  2700  11  19   8  12   3   7   0   0   0   1   1   4   7   8  2  2  4  22  1  0  25   2   0  -1 119 120   66   47   0   1   0   0  A
   Jg1   23   RS vCRO L(119-120)  1  0     0   0   0   0   0   0   0   0   0   0   0   0   0   0   0  0  0  0   0  0  0   0   0   0   0   0   0    0    0   0   0   0   0  A
   Ia2   23   RS vCRO L(119-120)  1  0  1335   6   9   6   8   0   1   0   0   0   0   3   4   3   4  1  4  5   0  2  0  12   6   2  -5  67  72    9    0   0   2   0   0  A
   Ie9   26   RS @LAT  L(96-105)  0  0     0   0   0   0   0   0   0   0   0   0   0   0   0   0   0  0  0  0   0  0  0   0   0   0   0   0   0    0    0   0   0   0   0  I
   He5   26   RS @LAT  L(96-105)  0  1  1248   2   6   1   4   1   2   2   2   0   1   1   3   0   1  1  2  3   1  2  1   7   2   2   6  59  53   10    3   1   1   0   1  A
   Hi3   26   RS @LAT  L(96-105)  0  0  1469   4   6   3   4   1   2   0   0   0   0   1   1   2   3  0  3  3   9  0  0   9   2   0  14  67  53   31   25   0   0   0   0  A
  Kj10   26   RS @LAT  L(96-105)  0  0     0   0   0   0   0   0   0   0   0   0   0   0   0   0   0  0  0  0   0  0  0   0   0   0   0   0   0    0    0   0   0   0   0  A
   Ga5   26   RS @LAT  L(96-105)  0  1  2400   3   6   3   4   0   2   8  13   1   1   2   3   1   1  9 10 19   0  1  6  14   9   4  -9  96 105   12    0   1   0   4   2  A
   Fa7   26   RS @LAT  L(96-105)  0  0  1469  10  17  10  16   0   1   5  10   1   1   9   9   1   7  3  4  7   0  1  5  25  23   4  14  67  53   22    0   0   1   5   0  A
   Ih4   26   RS @LAT  L(96-105)  0  0     0   0   0   0   0   0   0   0   0   0   0   0   0   0   0  0  0  0   0  0  0   0   0   0   0   0   0    0    0   0   0   0   0  I
   Dg3   26   RS @LAT  L(96-105)  0  1  1096   3  10   2   5   1   5   2   2   0   0   0   3   2   2  0  1  1   0  1  1   9   2   0 -26  29  55   19    8   0   1   1   0  A
   Jc4   26   RS @LAT  L(96-105)  0  0     0   0   0   0   0   0   0   0   0   0   0   0   0   0   0  0  0  0   0  0  0   0   0   0   0   0   0    0    0   0   0   0   0  A
   Ec2   26   RS @LAT  L(96-105)  0  1   600   1   5   1   5   0   0   0   0   0   1   0   2   1   3  1  2  3   0  0  0   2   0   0 -14  19  33    5    0   0   0   0   0  A
   Ej5   26   RS @LAT  L(96-105)  0  1   931   2   7   1   6   1   1   2   2   0   1   0   1   1   5  1  0  1   4  1  1   7   0   0 -23  29  52   22   14   0   1   0   1  A
   Jg1   26   RS @LAT  L(96-105)  0  0   987   3   6   3   5   0   1   2   2   0   0   1   2   2   3  0  0  0   2  1  1   8   4   2 -12  37  49   10    3   1   0   1   0  A
   Ia2   26   RS @LAT  L(96-105)  0  0  1800   7  15   7  15   0   0   1   2   1   1   5   9   2   6  2  8 10   0  1  1  15  11   4   5  77  72   16    0   1   0   1   0  A
   Ie9   28   RS @RAY  L(97-119)  0  0     0   0   0   0   0   0   0   0   0   0   0   0   0   0   0  0  0  0   0  0  0   0   0   0   0   0   0    0    0   0   0   0   0  I
   He5   28   RS @RAY  L(97-119)  0  1  1291   1   3   1   2   0   1   3   4   0   0   1   1   0   1  2  1  3   0  2  2   5   5   0 -23  45  68    5    0   1   1   2   0  A
   Hi3   28   RS @RAY  L(97-119)  0  0   600   3   9   2   4   1   5   0   0   0   0   2   2   0   2  2  1  3   2  1  0   7   4   2 -11  16  27   14    5   0   1   0   0  A
  Kj10   28   RS @RAY  L(97-119)  0  0   306   0   3   0   1   0   2   1   3   0   0   0   0   0   1  0  0  0   1  0  1   1   0   0  -1  12  13    7    3   0   0   0   1  A
   Ga5   28   RS @RAY  L(97-119)  0  0  1494   4   5   4   5   0   0   0   0   0   0   2   2   2   3  2  5  7   1  1  0   8   4   0 -17  66  83    6    1   1   0   0   0  A
   Fa7   28   RS @RAY  L(97-119)  0  0   710   1   5   1   5   0   0   0   0   1   1   1   1   0   4  3  1  4   0  0  0   2   2   2   0  26  26    6    1   0   0   0   0  A
   Ih4   28   RS @RAY  L(97-119)  0  0     0   0   0   0   0   0   0   0   0   0   0   0   0   0   0  0  0  0   0  0  0   0   0   0   0   0   0    0    0   0   0   0   0  I
   Dg3   28   RS @RAY  L(97-119)  0  1  2094   9  14   6  10   3   4   5   5   0   0   4   6   2   4  0  4  4   4  1  2  26   8   5 -21  85 106   31   15   0   1   0   2  A
   Jc4   28   RS @RAY  L(97-119)  0  0   306   1   3   1   3   0   0   0   0   0   0   1   3   0   0  1  0  1   0  1  0   2   2   0  -1  12  13    3    0   1   0   0   0  A
   Ec2   28   RS @RAY  L(97-119)  0  1  1305   2   7   2   7   0   0   0   0   1   1   2   5   0   2  3  3  6   0  1  0   4   4   2  -4  57  61    7    0   1   0   0   0  A
   Ej5   28   RS @RAY  L(97-119)  0  1  1494   5  14   3   8   2   6   2   2   0   0   2   3   1   5  1  0  1  12  2  1  14   4   0 -10  69  79   37   22   0   2   0   1  A
   Jg1   28   RS @RAY  L(97-119)  0  0   306   2   5   1   3   1   2   0   0   1   1   1   2   0   1  2  0  2   0  1  0   5   2   2  -1  12  13    6    1   0   1   0   0  A
   Ia2   28   RS @RAY  L(97-119)  0  1  2094   8  14   8  13   0   1   7  12   0   0   5   6   3   7  1  9 10   0  2  6  23  17   1 -21  85 106   22    2   1   1   6   0  A
   Ie9   31   RS vHAR   L(90-96)  0  0     0   0   0   0   0   0   0   0   0   0   0   0   0   0   0  0  0  0   0  0  0   0   0   0   0   0   0    0    0   0   0   0   0  I
   He5   31   RS vHAR   L(90-96)  0  1  2400   6  16   5  10   1   6   2   2   0   1   4   7   1   3  1  9 10   0  0  1  15   8   2  -6  90  96   17    0   0   0   0   1  A
   Hi3   31   RS vHAR   L(90-96)  0  0   490   2   6   1   4   1   2   0   0   0   0   1   3   0   1  1  0  1   1  0  0   5   2   3  -9  14  23    9    3   0   0   0   0  A
  Kj10   31   RS vHAR   L(90-96)  0  0     0   0   0   0   0   0   0   0   0   0   0   0   0   0   0  0  0  0   0  0  0   0   0   0   0   0   0    0    0   0   0   0   0  A
   Ga5   31   RS vHAR   L(90-96)  0  1  2400   6  12   6  10   0   2   2   2   2   2   5   7   1   3  4  9 13   1  1  1  14  12   8  -6  90  96   14    1   1   0   1   0  A
   Fa7   31   RS vHAR   L(90-96)  0  1   842   3   7   3   6   0   1   0   0   0   0   3   5   0   1  2  5  7   0  2  0   6   6   2  -3  37  40    7    0   1   1   0   0  A
   Ih4   31   RS vHAR   L(90-96)  0  0     0   0   0   0   0   0   0   0   0   0   0   0   0   0   0  0  0  0   0  0  0   0   0   0   0   0   0    0    0   0   0   0   0  I
   Dg3   31   RS vHAR   L(90-96)  0  1  1780   7  18   3   7   4  11   3   3   0   0   3   5   0   2  0  2  2   3  3  1  21   6   2  -3  70  73   25    6   1   2   0   1  A
   Jc4   31   RS vHAR   L(90-96)  0  0     0   0   0   0   0   0   0   0   0   0   0   0   0   0   0  0  0  0   0  0  0   0   0   0   0   0   0    0    0   0   0   0   0  A
   Ec2   31   RS vHAR   L(90-96)  0  0  1558   3   7   3   7   0   0   3   4   0   0   1   2   2   5  6  2  8   0  0  2   9   5   0  -3  53  56    9    0   0   0   2   0  A
   Ej5   31   RS vHAR   L(90-96)  0  1  2400   7  18   4  11   3   7   3   3   0   0   0   0   4  11  2  3  5  19  3  1  20   0   5  -6  90  96   63   44   2   1   0   1  A
   Jg1   31   RS vHAR   L(90-96)  0  0   130   0   2   0   2   0   0   0   0   0   0   0   0   0   2  0  0  0   0  0  0   0   0   0   6   6   0    2    0   0   0   0   0  A
   Ia2   31   RS vHAR   L(90-96)  0  0     0   0   0   0   0   0   0   0   0   0   0   0   0   0   0  0  0  0   0  0  0   0   0   0   0   0   0    0    0   0   0   0   0  I
   Ie9   38   RS @HAR  L(83-105)  0  1  1997   9  13   9  12   0   1   0   0   0   0   6   8   3   4  0  3  3   1  1  0  18  12   0 -22  69  91   15    2   0   1   0   0  A
   He5   38   RS @HAR  L(83-105)  0  0   403   1   2   0   1   1   1   0   0   0   0   0   1   0   0  0  2  2   0  1  0   3   0   0   0  14  14    2    0   0   1   0   0  A
   Hi3   38   RS @HAR  L(83-105)  0  0  1568   6  13   5   7   1   6   0   0   2   2   4   5   1   2  2  1  3   9  3  0  13   8   6  -7  53  60   29   16   1   2   0   0  A
  Kj10   38   RS @HAR  L(83-105)  0  0     0   0   0   0   0   0   0   0   0   0   0   0   0   0   0  0  0  0   0  0  0   0   0   0   0   0   0    0    0   0   0   0   0  A
   Ga5   38   RS @HAR  L(83-105)  0  1  1800   3  10   3  10   0   0   0   0   0   0   3   8   0   2  2  5  7   0  0  0   6   6   2 -18  62  80   10    0   0   0   0   0  A
   Fa7   38   RS @HAR  L(83-105)  0  0     0   0   0   0   0   0   0   0   0   0   0   0   0   0   0  0  0  0   0  0  0   0   0   0   0   0   0    0    0   0   0   0   0  A
   Ih4   38   RS @HAR  L(83-105)  0  0     0   0   0   0   0   0   0   0   0   0   0   0   0   0   0  0  0  0   0  0  0   0   0   0   0   0   0    0    0   0   0   0   0  I
   Dg3   38   RS @HAR  L(83-105)  0  1   832   2   8   1   1   1   7   0   0   0   0   0   0   1   1  0  0  0   3  1  0   5   0   0 -15  30  45   14    6   0   1   0   0  A
   Jc4   38   RS @HAR  L(83-105)  0  0   403   1   3   1   3   0   0   1   2   0   0   1   1   0   2  1  2  3   0  0  1   3   3   3   0  14  14    4    0   0   0   1   0  A
   Ec2   38   RS @HAR  L(83-105)  0  0   600   2   5   2   5   0   0   0   0   0   0   1   3   1   2  0  1  1   0  0  0   4   2   2  -4  21  25    5    0   0   0   0   0  A
   Ej5   38   RS @HAR  L(83-105)  0  1  1200   2   7   2   6   0   1   2   2   0   0   1   1   1   5  0  1  1   6  0  1   6   2   2 -16  43  59   23   15   0   0   0   1  A
   Jg1   38   RS @HAR  L(83-105)  0  0  1200   1   3   1   2   0   1   0   0   0   0   0   1   1   1  3  3  6   2  1  0   2   0   0  -6  40  46    8    5   0   1   0   0  A
   Ia2   38   RS @HAR  L(83-105)  0  1  1997  10  21  10  21   0   0   3   6   1   2   5  12   5   9  7  5 12   0  1  3  23  12   5 -22  69  91   25    1   1   0   2   1  A
   Ie9   39   RS vKEN   W(97-88)  0  1  2400  11  17  11  14   0   3   0   0   0   0   4   6   7   8  1 12 13   1  0  0  22   8   0   9  97  88   18    1   0   0   0   0  A
   He5   39   RS vKEN   W(97-88)  0  0     0   0   0   0   0   0   0   0   0   0   0   0   0   0   0  0  0  0   0  0  0   0   0   0   0   0   0    0    0   0   0   0   0  A
   Hi3   39   RS vKEN   W(97-88)  0  0     0   0   0   0   0   0   0   0   0   0   0   0   0   0   0  0  0  0   0  0  0   0   0   0   0   0   0    0    0   0   0   0   0  A
  Kj10   39   RS vKEN   W(97-88)  0  0     0   0   0   0   0   0   0   0   0   0   0   0   0   0   0  0  0  0   0  0  0   0   0   0   0   0   0    0    0   0   0   0   0  A
   Ga5   39   RS vKEN   W(97-88)  0  1   993   4   6   4   5   0   1   0   0   1   1   3   3   1   2  1  6  7   0  3  0   8   6   2  17  49  32    6    0   2   1   0   0  A
   Fa7   39   RS vKEN   W(97-88)  0  0   714   2   7   2   7   0   0   4   4   0   0   1   2   1   5  0  3  3   0  0  2   8   6   0  -6  25  31    9    0   0   0   2   0  A
   Ih4   39   RS vKEN   W(97-88)  0  0     0   0   0   0   0   0   0   0   0   0   0   0   0   0   0  0  0  0   0  0  0   0   0   0   0   0   0    0    0   0   0   0   0  I
   Dg3   39   RS vKEN   W(97-88)  0  1  1934   6  10   5   6   1   4   2   2   0   0   4   4   1   2  0  3  3   5  2  1  15  10   2   9  84  75   18    7   0   2   1   0  A
   Jc4   39   RS vKEN   W(97-88)  0  0     0   0   0   0   0   0   0   0   0   0   0   0   0   0   0  0  0  0   0  0  0   0   0   0   0   0   0    0    0   0   0   0   0  A
   Ec2   39   RS vKEN   W(97-88)  0  0   693   1   1   1   1   0   0   2   2   0   0   1   1   0   0  2  1  3   0  0  1   4   2   0  -2  23  25    2    0   0   0   0   1  A
   Ej5   39   RS vKEN   W(97-88)  0  1  2400   6  15   5   9   1   6   1   2   0   0   1   3   4   6  1  1  2  22  1  1  14   3   3   9  97  88   52   36   0   1   1   0  A
   Jg1   39   RS vKEN   W(97-88)  0  0   466   1   1   1   1   0   0   0   0   0   0   0   0   1   1  1  0  1   0  1  0   2   0   2   0  13  13    2    1   1   0   0   0  A
   Ia2   39   RS vKEN   W(97-88)  0  1  2400  11  22  10  20   1   2   1   4   0   0   8  11   2   9  4 13 17   0  0  2  24  17   2   9  97  88   24    0   0   0   2   0  A
   Ie9   47   RS vBRE   L(86-94)  0  1  2400   9  18   8  15   1   3   2   4   0   0   7  12   1   3  2 13 15   1  1  2  21  15   0  -8  86  94   22    2   1   0   1   1  A
   He5   47   RS vBRE   L(86-94)  0  0    43   0   0   0   0   0   0   0   0   0   0   0   0   0   0  0  0  0   0  1  0   0   0   0  -4   3   7    0    0   0   1   0   0  A
   Hi3   47   RS vBRE   L(86-94)  0  0   557   1   3   1   2   0   1   0   0   0   0   0   1   1   1  0  1  1   1  0  0   2   0   0   3  20  17    7    4   0   0   0   0  A
  Kj10   47   RS vBRE   L(86-94)  0  0     0   0   0   0   0   0   0   0   0   0   0   0   0   0   0  0  0  0   0  0  0   0   0   0   0   0   0    0    0   0   0   0   0  A
   Ga5   47   RS vBRE   L(86-94)  0  1  2400   7  13   6  11   1   2   7  10   0   0   6  10   0   1  3 14 17   1  0  5  22  19   0  -8  86  94   19    1   0   0   5   0  A
   Fa7   47   RS vBRE   L(86-94)  0  0  1172   6  10   6   9   0   1   0   0   0   0   4   5   2   4  2  1  3   1  4  0  12   8   2   5  43  38   12    2   1   3   0   0  A
   Ih4   47   RS vBRE   L(86-94)  0  0     0   0   0   0   0   0   0   0   0   0   0   0   0   0   0  0  0  0   0  0  0   0   0   0   0   0   0    0    0   0   0   0   0  I
   Dg3   47   RS vBRE   L(86-94)  0  1  1800   6  16   4  12   2   4   0   0   0   0   3   9   1   3  0  4  4   2  1  0  14   6   3  -7  63  70   29   13   0   1   0   0  A
   Jc4   47   RS vBRE   L(86-94)  0  0     0   0   0   0   0   0   0   0   0   0   0   0   0   0   0  0  0  0   0  0  0   0   0   0   0   0   0    0    0   0   0   0   0  A
   Ec2   47   RS vBRE   L(86-94)  0  0     0   0   0   0   0   0   0   0   0   0   0   0   0   0   0  0  0  0   0  0  0   0   0   0   0   0   0    0    0   0   0   0   0  A
   Ej5   47   RS vBRE   L(86-94)  0  1  2400   3   9   2   8   1   1   0   0   0   0   1   3   1   5  1  1  2  18  1  0   7   2   0  -8  86  94   44   35   0   1   0   0  A
   Jg1   47   RS vBRE   L(86-94)  0  0     0   0   0   0   0   0   0   0   0   0   0   0   0   0   0  0  0  0   0  0  0   0   0   0   0   0   0    0    0   0   0   0   0  A
   Ia2   47   RS vBRE   L(86-94)  0  1  1228   3  12   3  10   0   2   2   2   0   0   2   6   1   4  1  4  5   0  3  1   8   6   2 -13  43  56   14    1   1   2   1   0  A
