Year:11 Game:14 Type:RS RAY@HAR
Rays CTime FGM FGA 2PM 2PA 3PM 3PA FTM FTA PBM PBA InM InA 2JM 2JA OR DF TR Ast FC FD Pts InP 2CP +/- TPF TPA Tchs Pass IFC PFC IFD PFD
STARTERS
 Dj3  2400   5  12   4   8   1   4   0   0   0   0   1   1   3   7  0  3  3  10  0  0  11   2   7  13  91  78   40   28   0   0   0   0
 Gc7  2162   9  18   9  16   0   2   3   4   1   2   9  13   0   3  4 16 20   3  4  2  21  21   4  15  83  68   25    5   3   1   2   0
 Ge7  1884   4  17   2  11   2   6   4   4   1   3   1   6   1   5  3  2  5   0  1  2  14   4   5  -3  63  66   21    2   0   1   1   1
 Cg1  1646   3   9   2   5   1   4   1   2   0   0   2   5   0   0  2  6  8   6  2  1   8   4   0  -1  55  56   24   14   1   1   0   1
 Fa3  1200   2   8   2   8   0   0   1   2   0   0   1   3   1   5  1  3  4   0  2  1   5   3   2   3  42  39   10    1   2   0   1   0
BENCH
 Jj3   754   5   8   3   5   2   3   0   0   0   0   0   0   3   5  2  1  3   3  0  0  12   0   0  14  36  22   13    5   0   0   0   0
 Ea6   600   2   3   2   2   0   1   2   2   0   0   1   1   1   1  1  4  5   1  0  1   6   4   0  12  29  17    5    1   0   0   1   0
 Fd1   600   2   4   2   3   0   1   1   3   1   1   1   1   1   2  1  1  2   0  0  1   5   2   2  -2  20  22    5    0   0   0   0   1
 Ig2   600   3   3   2   2   1   1   2   2   0   0   2   2   0   0  0  4  4   1  0  1   9   6   0  12  29  17    7    3   0   0   1   0
 Hf2   154   0   1   0   1   0   0   0   0   0   0   0   1   0   0  0  1  1   0  0  0   0   0   0   2   7   5    1    0   0   0   0   0
Ka7  DNP-CD
Ki12 DNP-CD
Ja6  DNP-Injured
Hartford CTime FGM FGA 2PM 2PA 3PM 3PA FTM FTA PBM PBA InM InA 2JM 2JA OR DF TR Ast FC FD Pts InP 2CP +/- TPF TPA Tchs Pass IFC PFC IFD PFD
STARTERS
     Ge8  2400   4   9   2   6   2   3   2   2   0   0   1   5   1   1  2  4  6   2  2  1  12   4   0 -13  78  91   14    4   2   0   1   0
     Ha5  2400   8  10   8  10   0   0   1   2   0   0   5   6   3   4  2 10 12   0  0  1  17  11   2 -13  78  91   11    0   0   0   1   0
     Ga2  1800   2  10   2  10   0   0   0   0   1   2   2   6   0   4  3  8 11   0  1  0   4   4   2  -1  61  62   10    0   0   1   0   0
     Gg2  1673   7  20   6  10   1  10   3   4   0   0   4   7   2   3  2  4  6   1  2  2  18   9   0 -14  49  63   26    4   2   0   1   1
     Fj4   881   2  11   1   5   1   6   4   4   0   0   0   1   1   4  0  3  3   4  0  2   9   0   0  -6  25  31   24   11   0   0   0   2
BENCH
     Hi5  1198   2   4   1   2   1   2   3   4   0   0   1   2   0   0  0  1  1   4  2  2   8   5   0 -10  40  50   19   13   1   1   2   0
     Hg4   727   2   8   2   5   0   3   0   0   0   0   0   1   2   4  0  1  1   2  1  0   4   0   0   1  29  28   13    5   1   0   0   0
     Gc3   408   2   4   2   4   0   0   2   2   0   0   2   3   0   1  0  4  4   0  0  1   6   6   0  -2  15  17    5    0   0   0   1   0
     Ii9   321   0   1   0   0   0   1   0   0   0   0   0   0   0   0  0  1  1   4  1  0   0   0   0   3  13  10    8    7   0   1   0   0
     Ka1   192   0   1   0   1   0   0   0   0   0   0   0   1   0   0  0  0  0   0  0  0   0   0   0 -10   2  12    2    1   0   0   0   0
Ee1      DNP-CD
Jg3      DNP-CD
Kf10     DNP-CD
