Year:11 Game:68 Type:RS CRO@RAY
Cromwell CTime FGM FGA 2PM 2PA 3PM 3PA FTM FTA PBM PBA InM InA 2JM 2JA OR DF TR Ast FC FD Pts InP 2CP +/- TPF TPA Tchs Pass IFC PFC IFD PFD
STARTERS
    Kc11  2400  10  20  10  19   0   1   3   4   0   2   9  18   1   1  7  7 14   0  1  2  23  21   2 -20  86 106   22    0   0   1   2   0
     Jc5  2113   7  10   7  10   0   0   1   4   1   2   6   8   1   2  4  6 10   1  1  2  15  13   2 -20  77  97   15    3   0   1   2   0
     If1  2078   6  14   2   6   4   8   6   7   0   0   0   1   2   5  0  3  3   6  3  3  22   0   6 -17  80  97   30   13   2   1   0   3
     Ji7  1800   3  13   2   8   1   5   0   0   0   1   0   5   2   3  2  2  4   9  0  0   7   0   0  -9  68  77   33   20   0   0   0   0
     Fj3   824   2   8   2   6   0   2   0   2   0   0   1   4   1   2  0  3  3   0  0  1   4   2   2 -13  29  42   15    6   0   0   0   1
BENCH
     Fi3   976   4   6   4   5   0   1   2   2   0   0   1   1   3   4  0  1  1   4  2  1  10   2   0  -7  35  42   15    8   1   1   0   1
    He10   803   2   4   2   4   0   0   0   0   0   0   0   0   2   4  1  2  3   0  1  0   4   0   0  -5  24  29    5    1   0   1   0   0
     Eg6   719   0   3   0   2   0   1   0   0   0   1   0   1   0   1  1  3  4   0  0  0   0   0   0  -9  22  31    4    1   0   0   0   0
     Kf2   287   0   3   0   3   0   0   1   2   0   0   0   3   0   0  0  3  3   0  0  1   1   0   1   0   9   9    4    0   0   0   0   1
Ia3      DNP-Injured
Ie8      DNP-Injured
Ja3      DNP-Injured
Rays CTime FGM FGA 2PM 2PA 3PM 3PA FTM FTA PBM PBA InM InA 2JM 2JA OR DF TR Ast FC FD Pts InP 2CP +/- TPF TPA Tchs Pass IFC PFC IFD PFD
STARTERS
 Cg1  2113  10  18   8  10   2   8   0   0   1   1   3   4   5   6  2  7  9   7  2  0  22   6   4  20  97  77   31   13   0   2   0   0
 Dj3  2113   4  10   0   2   4   8   7  11   0   0   0   2   0   0  2  2  4  10  0  4  19   0   0  20  97  77   35   21   0   0   1   3
 Gc7  2113   8  10   7   9   1   1   2   2   0   0   5   7   2   2  1  8  9   1  1  1  19  12   0  20  97  77   12    1   1   0   1   0
 Ja6  2113  13  20  13  19   0   1   0   0   1   1   9  12   4   7  1  8  9   1  2  0  26  18   4  20  97  77   22    2   2   0   0   0
 Ge7  1456   3   7   2   4   1   3   2   2   0   0   2   4   0   0  1  3  4   0  4  1   9   6   2   7  68  61    8    0   1   3   1   0
BENCH
 Ig2   657   1   3   1   1   0   2   0   0   0   0   1   1   0   0  0  2  2   3  0  0   2   2   0  13  29  16    8    5   0   0   0   0
 Fd1   287   0   1   0   1   0   0   0   0   0   0   0   0   0   1  0  2  2   0  0  0   0   0   0   0   9   9    1    0   0   0   0   0
 Hf2   287   0   0   0   0   0   0   4   6   0   0   0   0   0   0  0  0  0   1  0  2   4   0   0   0   9   9    4    2   0   0   0   2
 Jj3   287   0   4   0   3   0   1   0   0   0   0   0   1   0   2  0  0  0   1  1  0   0   0   0   0   9   9    5    1   0   1   0   0
 Ka7   287   0   0   0   0   0   0   0   0   0   0   0   0   0   0  1  2  3   0  0  0   0   0   0   0   9   9    1    1   0   0   0   0
Ki12   287   2   3   1   2   1   1   0   0   0   0   1   2   0   0  0  1  1   0  0  0   5   2   2   0   9   9    5    2   0   0   0   0
Ea6  DNP-CD
Fa3  DNP-CD
