Draft Pos Age YPro Team InPro 2JPro 3PPro InEff 2JEff 3PEff  OReb  DReb  BDom PassR PassE InDef PerDef  InFR PerFR FTEff GInj Updated
  3.3  C1  28    8  CRO  58.0  39.0   3.0  97.0  59.0  41.0  40.0 100.0  16.0   6.0  28.0  82.0   12.0  92.0   7.0  65.0    0 Y11-D2-FA
  3.3  C1  28    8   FA  57.2  39.7   3.1  97.0  59.0  41.0  40.0 100.0  16.0   6.0  28.0  82.0   12.0  92.0   7.0  64.0    0 Y11-D18-RSG1
  3.3  C1  28    8   FA  58.4  38.6   3.0  97.0  59.0  41.0  40.0 100.0  15.2   6.0  28.0  82.0   12.0  92.0   7.0  64.0    0 Y11-D28-RSG11
  3.3  C1  28    8   FA  58.4  38.6   3.0  97.0  59.0  41.0  40.0 100.0  14.5   6.0  28.0  82.0   12.0  92.0   7.0  64.0    0 Y11-D31-RSG14
  3.3  C1  28    8   FA  58.4  38.6   3.0  97.0  59.0  41.0  40.0 101.1  14.5   6.0  28.0  82.0   12.0  93.0   7.0  64.0    0 Y11-D33-RSG16
  3.3  C1  28    8   FA  58.4  38.6   3.0  96.0  59.0  41.0  40.0 101.1  14.5   6.0  28.0  82.0   12.0  93.0   7.0  64.0    0 Y11-D37-RSG20
  3.3  C1  28    8   FA  58.2  38.8   3.0  96.0  59.0  41.0  40.0 101.1  14.5   6.0  28.0  82.0   12.0  93.0   7.0  64.0    0 Y11-D38-RSG21
  3.3  C1  28    8   FA  58.1  38.9   3.0  96.0  59.0  41.0  40.0 101.1  14.5   6.0  28.0  82.0   12.0  93.0   7.0  64.0    0 Y11-D42-RSG25
  3.3  C1  28    8   FA  57.5  39.5   3.0  96.0  59.0  41.0  40.0 101.1  14.5   6.0  28.0  82.0   12.0  93.0   7.0  64.0    0 Y11-D47-RSG30
  3.3  C1  28    8   FA  57.6  39.5   2.9  96.0  59.0  41.0  40.0 101.1  14.5   6.0  28.0  80.2   12.0  93.0   7.0  64.0    0 Y11-D48-RSG31
  3.3  C1  28    8   FA  57.6  39.5   2.9  96.0  59.0  41.0  40.0 101.1  12.7   6.0  28.0  80.2   12.0  93.0   7.0  64.0    0 Y11-D51-RSG34
  3.3  C1  28    8   FA  57.6  39.5   2.9  96.0  59.0  41.0  40.0 101.1  12.7   5.2  28.0  80.2   12.0  93.0   7.0  64.0    0 Y11-D54-RSG37
  3.3  C1  28    8   FA  57.6  39.5   2.9  96.0  59.0  41.0  40.0 101.1  12.7   5.2  28.0  80.2   10.8  93.0   7.0  64.0    0 Y11-D56-RSG39
  3.3  C1  28    8   FA  57.1  40.0   2.9  96.0  59.0  41.0  40.0 101.1  12.7   5.2  28.0  80.2   10.8  93.0   7.0  64.0    0 Y11-D60-RSG43
  3.3  C1  28    8   FA  56.9  39.8   3.3  96.0  59.0  41.0  40.0 101.1  12.7   5.2  28.0  80.2   10.8  93.0   7.0  64.0    0 Y11-D62-RSG45
  3.3  C1  28    8   FA  56.9  39.8   3.3  96.0  60.5  41.0  40.0 101.1  12.7   5.2  28.0  80.2   10.8  93.0   7.0  64.0    0 Y11-D64-RSG47
