Draft Pos Age YPro Team InPro 2JPro 3PPro InEff 2JEff 3PEff  OReb  DReb  BDom PassR PassE InDef PerDef  InFR PerFR FTEff GInj Updated
  4.1 SF1  27    7  KEN  34.0  29.0  37.0  89.0  89.0  90.0  18.0  52.0   9.0  56.0  62.0  74.0   87.0  58.0  37.0  78.0    0 Y11-D9-FA
  4.1 SF1  27    7   FA  34.0  29.0  37.0  89.0  89.0  90.0  18.0  52.0   9.0  56.0  62.0  74.0   87.0  58.0  37.0  79.0    0 Y11-D19-RSG2
  4.1 SF1  27    7   FA  34.8  27.4  37.8  89.0  89.0  90.0  18.0  52.0   9.0  56.0  62.0  74.0   87.0  58.0  37.0  79.0    0 Y11-D24-RSG7
  4.1 SF1  27    7   FA  34.8  27.4  37.8  89.0  89.0  90.0  18.0  48.2   9.0  56.0  62.0  74.0   87.0  58.0  37.0  79.0    0 Y11-D27-RSG10
  4.1 SF1  27    7   FA  34.8  27.4  37.8  90.9  89.0  90.0  18.0  48.2   9.0  56.0  62.0  74.0   87.0  58.0  37.0  79.0    0 Y11-D28-RSG11
  4.1 SF1  27    7   FA  34.8  27.4  37.8  90.9  89.0  90.0  18.0  48.2   9.0  56.0  62.0  74.0   87.0  54.8  37.0  79.0    0 Y11-D47-RSG30
  4.1 SF1  27    7   FA  34.8  27.4  37.8  90.9  89.0  90.0  18.0  48.2   9.0  56.0  64.3  74.0   87.0  54.8  37.0  79.0    0 Y11-D48-RSG31
  4.1 SF1  27    7   FA  34.8  27.4  37.8  90.9  85.4  90.0  18.0  48.2   9.0  56.0  64.3  74.0   87.0  54.8  37.0  79.0    0 Y11-D53-RSG36
  4.1 SF1  27    7   FA  34.8  27.4  37.8  90.9  85.4  90.0  18.0  48.2   9.0  56.9  64.3  74.0   87.0  54.8  37.0  79.0    0 Y11-D55-RSG38
  4.1 SF1  27    7   FA  34.5  27.1  38.4  90.9  85.4  90.0  18.0  48.2   9.0  56.9  64.3  74.0   87.0  54.8  37.0  79.0    0 Y11-D58-RSG41
  4.1 SF1  27    7   FA  34.5  27.1  38.4  90.9  85.4  90.0  18.0  48.2   9.0  56.9  64.3  74.0   87.0  54.8  37.0  79.0   35 Y11-D65-RSG48
  4.1 SF1  27    7   FA  34.5  27.1  38.4  90.9  85.4  90.0  18.0  48.2   9.0  56.9  64.3  74.0   87.0  54.8  37.0  79.0   34 Y11-D66-RSG49
