Draft Pos Age YPro Team InPro 2JPro 3PPro InEff 2JEff 3PEff  OReb  DReb  BDom PassR PassE InDef PerDef  InFR PerFR FTEff GInj Updated
  4.6 SF2  27    7  LAT  56.0   3.0  41.0  68.0  97.1  89.0  19.0  52.0  10.0  59.0  52.0  87.0   70.0  40.0  63.0  74.0    0 Y11-D21-RSG4
  4.6 SF2  27    7  LAT  56.0   3.0  41.0  68.0  97.1  89.0  19.0  52.0  10.0  59.0  52.0  87.0   70.0  36.9  63.0  74.0    0 Y11-D23-RSG6
  4.6 SF2  27    7  LAT  55.5   3.0  41.5  68.0  97.1  89.0  19.0  52.0  10.0  59.0  52.0  87.0   70.0  36.9  63.0  74.0    0 Y11-D27-RSG10
  4.6 SF2  27    7  LAT  55.5   3.0  41.5  68.0  97.1  89.0  19.0  51.0  10.0  59.0  52.0  87.0   70.0  36.9  63.0  74.0    0 Y11-D29-RSG12
  4.6 SF2  27    7  LAT  55.5   3.0  41.5  68.0  97.1  90.0  19.0  51.0  10.0  59.0  52.0  87.0   70.0  36.9  63.0  74.0    0 Y11-D31-RSG14
  4.6 SF2  27    7  LAT  56.5   3.1  40.4  68.0  97.1  90.0  19.0  51.0  10.0  59.0  52.0  87.0   70.0  36.9  63.0  74.0    0 Y11-D35-RSG18
  4.6 SF2  27    7  LAT  56.5   3.1  40.4  68.0  97.1  90.0  19.0  51.0  10.0  59.0  52.0  87.0   70.0  36.9  63.0  75.0    0 Y11-D37-RSG20
  4.6 SF2  27    7  LAT  56.5   3.1  40.4  68.0  97.1  90.0  19.0  51.0  10.0  59.0  50.4  87.0   70.0  36.9  63.0  75.0    0 Y11-D41-RSG24
  4.6 SF2  27    7  LAT  56.5   3.1  40.4  68.0  97.1  90.0  19.0  51.0  10.0  59.0  49.2  87.0   70.0  36.9  63.0  75.0    0 Y11-D43-RSG26
  4.6 SF2  27    7  LAT  58.1   0.3  41.6  68.0  97.1  90.0  19.0  51.0  10.0  59.0  49.2  87.0   68.9  36.9  63.0  75.0    0 Y11-D46-RSG29
  4.6 SF2  27    7  LAT  58.1   0.3  41.6  68.0  97.1  90.0  19.0  51.0  10.0  59.0  49.2  87.0   67.9  36.9  63.0  75.0    0 Y11-D47-RSG30
  4.6 SF2  27    7  LAT  58.2   0.3  41.5  68.0  97.1  90.0  19.0  52.1  10.0  59.0  49.2  87.0   67.9  36.9  63.0  75.0    0 Y11-D59-RSG42
  4.6 SF2  27    7  LAT  58.2   0.3  41.5  68.0  97.1  90.0  19.0  52.1  10.0  59.6  49.2  87.0   67.9  36.9  63.0  75.0    0 Y11-D63-RSG46
