Draft Pos Age YPro Team InPro 2JPro 3PPro InEff 2JEff 3PEff  OReb  DReb  BDom PassR PassE InDef PerDef  InFR PerFR FTEff GInj Updated
 4.13 SG1  27    7  QUE  30.0  22.0  48.0  89.0 102.0  98.0   7.0  53.0  52.0  58.0  71.0  16.0   83.0  53.0  41.0  94.0    0 Y11-D20-RSG3
 4.13 SG1  27    7  QUE  30.0  22.0  48.0  89.0 102.0  98.0   7.0  53.0  54.6  58.0  71.0  16.0   83.0  53.0  42.0  94.0    0 Y11-D24-RSG7
 4.13 SG1  27    7  QUE  30.0  22.0  48.0  89.0 102.0  98.0   7.0  53.0  54.6  58.0  71.0  16.0   83.0  53.0  43.0  94.0    0 Y11-D26-RSG9
 4.13 SG1  27    7  QUE  30.0  22.0  48.0  89.0 102.0  98.0   9.2  53.0  54.6  58.0  71.0  16.0   83.0  53.0  43.0  94.0    0 Y11-D31-RSG14
 4.13 SG1  27    7  QUE  30.0  22.0  48.0  89.0 100.3  98.0   9.2  53.0  54.6  58.0  71.0  16.0   83.0  50.1  43.0  94.0    0 Y11-D36-RSG19
 4.13 SG1  27    7  QUE  30.0  22.0  48.0  89.0 100.3  98.0   9.2  53.0  54.6  60.7  71.0  16.0   83.0  50.1  43.0  94.0    0 Y11-D40-RSG23
 4.13 SG1  27    7  QUE  30.0  22.0  48.0  89.0 100.3  98.0   9.2  53.0  54.6  60.7  71.0  16.0   84.7  50.1  42.0  94.0    0 Y11-D43-RSG26
 4.13 SG1  27    7  QUE  30.0  22.0  48.0  89.0 100.3  98.0   9.2  53.0  54.6  60.7  71.0  16.0   85.7  50.1  42.0  94.0    0 Y11-D45-RSG28
 4.13 SG1  27    7  QUE  30.0  22.0  48.0  89.0 100.3  98.0  10.2  49.8  54.6  60.7  71.0  16.0   85.7  50.1  42.0  92.9    0 Y11-D64-RSG47
