Draft Pos Age YPro Team InPro 2JPro 3PPro InEff 2JEff 3PEff  OReb  DReb  BDom PassR PassE InDef PerDef  InFR PerFR FTEff GInj Updated
  4.4 PG2  27    7  RAY   7.0  30.0  63.0  75.0  93.0  97.0   7.0  22.3  61.0  75.0 105.0   6.0   89.0  33.0  22.0  69.0    0 Y11-D19-RSG2
  4.4 PG2  27    7  RAY   7.0  30.0  63.0  75.0  93.0  97.0   7.0  22.3  61.0  75.0 104.0   6.0   89.0  33.0  22.0  69.0    0 Y11-D28-RSG11
  4.4 PG2  27    7  RAY   7.0  30.0  63.0  74.0  93.0  97.0   7.0  23.3  61.0  74.8 104.0   6.0   86.6  33.0  22.0  69.0    0 Y11-D29-RSG12
  4.4 PG2  27    7  RAY   7.0  30.0  63.0  75.0  93.0  97.0   7.0  23.3  61.0  74.8 104.0   6.0   86.6  33.0  22.0  69.0    0 Y11-D31-RSG14
  4.4 PG2  27    7  RAY   7.1  28.9  64.0  75.0  93.0  97.0   7.0  23.3  61.0  74.8 104.0   6.0   86.6  33.0  22.0  69.0    0 Y11-D34-RSG17
  4.4 PG2  27    7  RAY   7.1  28.9  64.0  75.0  93.0  97.0   7.0  23.3  59.8  74.8 104.0   6.0   87.6  33.0  22.0  69.0    0 Y11-D37-RSG20
  4.4 PG2  27    7  RAY   7.1  28.9  64.0  75.0  93.0  97.0   7.0  23.3  59.8  74.8 104.0   6.0   87.6  33.0  23.0  69.0    0 Y11-D46-RSG29
  4.4 PG2  27    7  RAY   7.1  28.9  64.0  73.5  93.0  97.0   7.0  23.3  59.8  74.8 104.0   6.0   87.6  33.0  23.0  69.0    0 Y11-D52-RSG35
  4.4 PG2  27    7  RAY   7.1  28.9  64.0  73.5  93.0  97.0   7.0  23.3  59.8  74.8 104.0   6.0   87.6  33.0  23.0  70.9    0 Y11-D53-RSG36
  4.4 PG2  27    7  RAY   7.1  28.9  64.0  73.5  93.0  97.0   7.0  23.3  59.8  74.8 104.0   6.0   87.6  33.0  23.0  72.4    0 Y11-D55-RSG38
  4.4 PG2  27    7  RAY   7.0  28.7  64.3  73.5  93.0  97.0   7.0  23.3  59.8  74.8 104.0   2.8   87.6  33.0  23.0  72.4    0 Y11-D61-RSG44
  4.4 PG2  27    7  RAY   7.0  28.7  64.3  73.5  94.7  97.0   7.0  23.3  60.2  74.8 105.1   2.8   87.6  33.0  23.0  72.4    0 Y11-D63-RSG46
  4.4 PG2  27    7  RAY   7.0  28.7  64.3  73.5  94.7  97.0   7.0  23.3  60.2  74.8 105.1   2.8   87.6  29.9  23.0  72.4    0 Y11-D64-RSG47
