Draft Pos Age YPro Team InPro 2JPro 3PPro InEff 2JEff 3PEff  OReb  DReb  BDom PassR PassE InDef PerDef  InFR PerFR FTEff GInj Updated
 5.16  C1  26    6  WIL  50.0  48.0   2.0 105.0  65.0  56.0  40.0  88.0  23.0  32.6  70.0  81.0   33.0  74.0  19.0  70.0    0 Y11-D21-RSG4
 5.16  C1  26    6  WIL  50.0  48.0   2.0 105.0  67.4  56.0  40.0  88.0  23.0  32.6  70.0  81.0   33.0  74.0  19.0  70.0    0 Y11-D27-RSG10
 5.16  C1  26    6  WIL  50.7  47.3   2.0 105.0  67.4  56.0  39.0  88.0  23.0  32.6  70.0  81.0   33.0  74.0  19.0  70.0    0 Y11-D28-RSG11
 5.16  C1  26    6  WIL  50.7  47.3   2.0 105.0  69.5  56.0  39.0  88.0  23.0  32.6  70.0  81.0   33.0  74.0  19.0  70.0    0 Y11-D30-RSG13
 5.16  C1  26    6  WIL  50.7  47.3   2.0 105.0  69.5  56.0  39.0  88.0  23.0  33.3  70.0  81.0   33.0  74.0  19.0  70.0    0 Y11-D32-RSG15
 5.16  C1  26    6  WIL  50.7  47.3   2.0 105.0  69.5  56.0  40.2  88.0  23.0  33.3  70.0  81.0   33.0  74.0  19.0  70.0    0 Y11-D33-RSG16
 5.16  C1  26    6  WIL  50.7  47.3   2.0 105.0  69.5  56.0  40.2  88.0  23.0  33.3  71.0  81.0   33.0  76.2  19.0  70.0    0 Y11-D39-RSG22
 5.16  C1  26    6  WIL  50.7  47.3   2.0 105.0  69.5  56.0  40.2  88.0  23.0  33.6  71.0  81.0   33.0  76.2  19.0  67.3    0 Y11-D44-RSG27
 5.16  C1  26    6  WIL  50.7  47.3   2.0 105.0  69.5  56.0  40.2  88.0  23.0  33.6  71.0  81.0   33.0  76.2  20.0  67.3    0 Y11-D52-RSG35
 5.16  C1  26    6  WIL  51.3  46.7   2.0 105.0  69.5  56.0  40.2  88.0  23.0  33.6  71.0  81.0   33.0  76.2  20.0  67.3    0 Y11-D53-RSG36
