Draft Pos Age YPro Team InPro 2JPro 3PPro InEff 2JEff 3PEff  OReb  DReb  BDom PassR PassE InDef PerDef  InFR PerFR FTEff GInj Updated
  5.3  C1  26    6  BRE  92.7   1.3   6.0 105.0  87.0  69.0  39.0 109.0  18.0  21.0  58.0  95.0   32.0  79.0   8.0  53.0    0 Y11-D18-RSG1
  5.3  C1  26    6  BRE  92.7   1.3   6.0 105.0  87.0  69.0  39.0 110.0  18.0  21.0  58.0  95.0   32.0  79.0   9.0  53.0    0 Y11-D20-RSG3
  5.3  C1  26    6  BRE  92.7   1.3   6.0 105.0  87.0  66.5  39.0 110.0  19.5  21.0  58.0  95.0   32.0  79.0   9.0  53.0    0 Y11-D22-RSG5
  5.3  C1  26    6  BRE  92.7   1.3   6.0 105.0  87.0  66.5  39.0 110.0  19.5  21.0  58.0  95.0   32.0  77.0   9.0  53.0    0 Y11-D24-RSG7
  5.3  C1  26    6  BRE  92.7   1.3   6.0 106.0  87.0  66.5  39.0 110.0  19.5  21.0  58.0  95.0   32.0  77.0   9.0  53.0    0 Y11-D25-RSG8
  5.3  C1  26    6  BRE  92.7   1.3   6.0 107.0  87.0  66.5  39.0 110.0  19.5  21.0  58.0  95.0   32.0  77.0   9.0  53.0    0 Y11-D30-RSG13
  5.3  C1  26    6  BRE  92.7   1.3   6.0 107.0  87.0  66.5  39.0 110.0  19.5  21.0  58.0  95.0   32.0  77.0  10.0  53.0    0 Y11-D36-RSG19
  5.3  C1  26    6  BRE  92.7   1.3   6.0 107.0  87.0  66.5  39.0 110.0  19.5  21.0  58.0  93.0   32.0  77.0  10.0  53.0    0 Y11-D38-RSG21
  5.3  C1  26    6  BRE  92.7   1.3   6.0 107.0  87.0  66.5  39.0 110.0  19.5  21.0  58.0  93.0   32.0  76.0  10.0  53.0    0 Y11-D40-RSG23
  5.3  C1  26    6  BRE  92.7   1.3   6.0 107.0  87.0  66.5  39.0 110.0  19.5  21.0  58.0  93.0   32.0  74.7  10.0  53.0    0 Y11-D46-RSG29
  5.3  C1  26    6  BRE  92.7   1.3   6.0 107.0  87.0  66.5  39.0 110.0  19.5  21.0  58.0  93.0   32.0  74.7  10.0  53.0    0 Y11-D47-RSG30
  5.3  C1  26    6  BRE  92.7   1.3   6.0 107.0  87.0  66.5  39.0 110.0  19.5  21.0  56.7  93.0   32.0  74.7  10.0  53.0    0 Y11-D50-RSG33
  5.3  C1  26    6  BRE  92.7   1.3   6.0 107.0  87.0  66.5  39.0 110.0  19.5  21.0  56.7  93.0   32.0  74.7  10.0  50.0    0 Y11-D53-RSG36
  5.3  C1  26    6  BRE  92.7   1.3   6.0 107.0  85.6  66.5  39.0 110.0  19.5  21.0  56.7  93.0   32.0  74.7  10.0  50.0    0 Y11-D54-RSG37
  5.3  C1  26    6  BRE  92.7   1.3   6.0 107.0  85.6  66.5  39.0 110.0  19.5  21.0  53.9  93.0   32.0  74.7  10.0  50.0    0 Y11-D57-RSG40
  5.3  C1  26    6  BRE  92.7   1.3   6.0 107.0  85.6  66.5  40.0 110.0  19.5  21.0  53.9  93.0   32.0  74.7  10.0  50.0    0 Y11-D60-RSG43
  5.3  C1  26    6  BRE  92.7   1.3   6.0 107.0  85.6  66.5  40.0 110.0  19.5  21.0  55.1  93.0   32.0  74.7  10.0  50.0    0 Y11-D62-RSG45
