Draft Pos Age YPro Team InPro 2JPro 3PPro InEff 2JEff 3PEff  OReb  DReb  BDom PassR PassE InDef PerDef  InFR PerFR FTEff GInj Updated
  5.7 PF1  26    6  QUE  61.0  35.0   4.0  98.0  85.0  68.0  42.0  82.0   3.0   3.0  45.0  57.0   49.0  63.0   4.0  71.0    0 Y11-D22-RSG5
  5.7 PF1  26    6  QUE  61.0  35.0   4.0  99.0  85.0  68.0  42.0  82.0   3.0   3.0  45.0  57.0   49.0  63.0   4.0  71.0    0 Y11-D24-RSG7
  5.7 PF1  26    6  QUE  61.0  35.0   4.0  99.0  85.0  68.0  42.0  82.0   3.0   3.0  45.0  57.0   49.0  63.0   5.8  71.0    0 Y11-D26-RSG9
  5.7 PF1  26    6  QUE  61.0  35.0   4.0  99.0  85.0  68.0  42.0  82.0   3.0   3.0  45.0  57.0   49.0  63.0   4.8  71.0    0 Y11-D33-RSG16
  5.7 PF1  26    6  QUE  61.0  35.0   4.0  99.0  85.0  68.0  42.0  82.0   3.0   3.0  45.0  57.0   49.0  63.0   5.8  71.0    0 Y11-D40-RSG23
  5.7 PF1  26    6  QUE  61.0  35.0   4.0  99.0  85.0  68.0  42.0  82.0   3.0   4.2  45.0  57.0   50.0  63.0   5.8  71.0    0 Y11-D45-RSG28
  5.7 PF1  26    6  QUE  60.9  35.1   4.0  99.0  85.0  68.0  42.0  82.0   3.0   4.2  45.0  57.0   50.0  63.0   5.8  71.0    0 Y11-D52-RSG35
  5.7 PF1  26    6  QUE  60.9  35.1   4.0  99.0  85.0  68.0  42.0  82.0   3.0   4.2  45.0  57.0   50.0  63.0   5.8  71.0    0 Y11-D56-RSG39
  5.7 PF1  26    6  QUE  60.9  35.1   4.0  98.0  85.0  68.0  42.0  82.0   3.0   4.2  45.0  57.0   50.0  63.0   5.8  71.0    0 Y11-D59-RSG42
  5.7 PF1  26    6  QUE  61.7  34.2   4.1  98.0  85.0  68.0  42.0  82.0   3.0   4.2  45.0  57.0   50.0  63.0   5.8  71.0    0 Y11-D64-RSG47
