Draft Pos Age YPro Team InPro 2JPro 3PPro InEff 2JEff 3PEff  OReb  DReb  BDom PassR PassE InDef PerDef  InFR PerFR FTEff GInj Updated
  5.9 PG2  26    6  KEN  17.6  16.6  65.8  55.0 108.0 102.0   9.0  18.0 104.0  60.0  76.0  14.0   91.0  26.0  50.0  85.0    0 Y11-D25-RSG8
  5.9 PG2  26    6  KEN  17.6  16.6  65.8  55.0 109.0 102.0   9.0  18.0 104.0  60.0  76.0  14.0   91.0  26.0  50.0  85.0    0 Y11-D26-RSG9
  5.9 PG2  26    6  KEN  17.6  16.6  65.8  55.0 110.0 102.0   9.0  18.0 104.0  60.0  76.0  14.0   91.0  26.0  50.0  85.0    0 Y11-D27-RSG10
  5.9 PG2  26    6  KEN  17.6  16.6  65.8  55.0 110.0 102.0   9.0  18.0 104.0  60.0  76.0  14.0   91.0  26.0  50.0  82.4    0 Y11-D29-RSG12
  5.9 PG2  26    6  KEN  17.6  16.6  65.8  55.0 110.0 102.0   9.0  18.0 104.0  56.2  76.0  14.0   91.0  26.0  50.0  82.4    0 Y11-D31-RSG14
  5.9 PG2  26    6  KEN  17.6  16.6  65.8  55.0 110.0 102.0  10.0  18.0 104.0  56.2  76.0  14.0   91.0  26.0  50.0  82.4    0 Y11-D33-RSG16
  5.9 PG2  26    6  KEN  17.8  15.8  66.4  53.6 110.0 102.0  10.0  18.0 104.0  56.2  76.0  14.0   91.0  27.0  50.0  82.4    0 Y11-D39-RSG22
  5.9 PG2  26    6  KEN  17.8  15.8  66.4  53.6 110.0 102.0  10.0  18.0 104.0  56.2  76.0  14.0   91.0  27.0  49.0  82.4    0 Y11-D44-RSG27
  5.9 PG2  26    6  KEN  17.8  15.8  66.4  53.6 110.0 102.0  10.0  18.0 104.0  56.2  76.0  14.0   91.0  25.9  49.0  82.4    0 Y11-D50-RSG33
  5.9 PG2  26    6  KEN  17.8  15.8  66.4  53.6 110.0 102.0  10.0  18.0 104.0  56.2  76.0  14.0   93.5  25.9  49.0  82.4    0 Y11-D57-RSG40
  5.9 PG2  26    6  KEN  17.8  15.6  66.6  53.6 110.0 100.9  10.0  18.0 104.0  56.2  76.0  14.0   93.5  25.9  49.0  82.4    0 Y11-D65-RSG48
