Draft Pos Age YPro Team InPro 2JPro 3PPro InEff 2JEff 3PEff  OReb  DReb  BDom PassR PassE InDef PerDef  InFR PerFR FTEff GInj Updated
 5.15 PG2  26    6  QUE  19.0  42.5  38.5  73.0  92.0  94.0  15.0  25.0 115.0  77.0  90.0  15.0   95.0  23.0  52.0  89.0    0 Y11-D21-RSG4
 5.15 PG2  26    6  QUE  19.0  42.5  38.5  73.0  92.0  95.8  13.5  25.0 112.3  77.0  90.0  16.0   95.0  23.0  52.0  89.0    0 Y11-D24-RSG7
 5.15 PG2  26    6  QUE  19.0  42.5  38.5  73.0  92.0  95.8  12.3  25.0 112.3  77.0  90.0  16.0   95.0  23.0  52.0  89.0    0 Y11-D29-RSG12
 5.15 PG2  26    6  QUE  19.0  42.5  38.5  73.0  92.0  95.8  12.3  25.0 112.3  77.0  90.0  16.0   95.0  23.0  52.0  87.7    0 Y11-D32-RSG15
 5.15 PG2  26    6  QUE  19.0  42.5  38.5  73.0  92.0  95.8  12.3  25.0 112.3  79.4  90.0  16.0   96.0  23.0  52.0  87.7    0 Y11-D38-RSG21
 5.15 PG2  26    6  QUE  19.0  42.5  38.5  73.0  92.0  95.8  13.3  25.0 112.3  79.4  90.0  16.0   96.0  23.0  52.0  87.7    0 Y11-D40-RSG23
 5.15 PG2  26    6  QUE  18.7  43.4  37.9  73.0  92.0  94.8  13.3  25.0 112.3  79.4  90.0  16.0   96.0  23.0  52.0  87.7    0 Y11-D43-RSG26
 5.15 PG2  26    6  QUE  18.7  43.4  37.9  74.0  92.0  94.8  13.3  25.0 112.3  79.4  90.0  16.0   96.0  23.0  52.0  87.7    0 Y11-D46-RSG29
 5.15 PG2  26    6  QUE  19.6  42.9  37.5  74.0  92.0  94.8  13.3  25.0 112.3  79.4  90.0  16.0   96.0  23.0  52.0  87.7    0 Y11-D47-RSG30
 5.15 PG2  26    6  QUE  19.6  42.9  37.5  73.0  92.0  94.8  13.3  25.0 112.3  79.4  90.0  16.0   96.0  23.0  52.0  87.7    0 Y11-D48-RSG31
 5.15 PG2  26    6  QUE  19.5  43.3  37.2  73.0  92.0  94.8  13.3  25.0 112.3  79.4  90.0  16.0   96.0  23.0  52.0  87.7    0 Y11-D50-RSG33
 5.15 PG2  26    6  QUE  19.5  43.3  37.2  72.0  92.0  94.8  13.3  25.0 112.3  79.4  90.0  16.0   96.0  23.0  52.0  87.7    0 Y11-D51-RSG34
 5.15 PG2  26    6  QUE  19.5  43.3  37.2  72.0  90.1  94.8  13.3  25.0 112.3  79.4  90.0  16.0   96.0  23.0  52.0  87.7    0 Y11-D55-RSG38
 5.15 PG2  26    6  QUE  19.5  43.3  37.2  72.0  90.1  94.8  13.3  23.3 112.3  79.4  90.0  16.0   96.0  23.0  52.0  87.7    0 Y11-D56-RSG39
 5.15 PG2  26    6  QUE  19.5  43.3  37.2  72.0  90.1  92.5  13.3  23.3 112.3  79.4  90.0  16.0   96.0  25.6  52.0  87.7    0 Y11-D64-RSG47
