Draft Pos Age YPro Team InPro 2JPro 3PPro InEff 2JEff 3PEff  OReb  DReb  BDom PassR PassE InDef PerDef  InFR PerFR FTEff GInj Updated
  6.2 PF2  25    5  RAY  31.0  24.0  45.0  91.0  93.0 105.0  33.0  85.0   9.4  16.0  32.0  63.0   42.0  58.5  22.0  83.0    0 Y11-D19-RSG2
  6.2 PF2  25    5  RAY  31.0  24.0  45.0  91.0  93.0 105.0  33.0  85.0   9.4  16.0  32.0  63.0   40.3  58.5  22.0  83.0    0 Y11-D21-RSG4
  6.2 PF2  25    5  RAY  31.0  24.0  45.0  91.0  93.0 105.0  32.0  85.0   9.4  14.8  32.0  63.0   40.3  58.5  22.0  83.0    0 Y11-D29-RSG12
  6.2 PF2  25    5  RAY  31.6  22.6  45.8  91.0  93.0 105.0  32.0  85.0   9.4  14.8  32.0  63.0   40.3  58.5  22.0  83.0    0 Y11-D31-RSG14
  6.2 PF2  25    5  RAY  31.6  22.6  45.8  91.0  93.0 105.0  32.0  85.0   9.4  14.8  32.0  63.0   40.3  58.5  23.0  83.0    0 Y11-D36-RSG19
  6.2 PF2  25    5  RAY  30.5  23.0  46.5  91.0  94.0 105.0  32.0  85.0   9.4  14.8  32.0  63.0   40.3  58.5  23.0  83.0    0 Y11-D45-RSG28
  6.2 PF2  25    5  RAY  30.5  23.0  46.5  91.0  94.0 105.0  32.0  85.0  10.8  14.8  32.0  63.0   40.3  58.5  23.0  83.0    0 Y11-D50-RSG33
  6.2 PF2  25    5  RAY  30.5  23.0  46.5  91.0  93.0 105.0  32.0  85.0  10.8  14.8  32.0  63.0   40.3  58.5  23.0  83.0    0 Y11-D52-RSG35
  6.2 PF2  25    5  RAY  30.0  24.2  45.8  91.0  93.0 105.0  32.0  85.0  10.8  14.8  32.0  63.0   40.3  58.5  23.0  83.0    0 Y11-D53-RSG36
  6.2 PF2  25    5  RAY  30.0  24.2  45.8  91.0  93.0 105.0  33.0  85.0  10.8  14.8  32.0  63.0   40.3  58.5  23.0  83.0    0 Y11-D56-RSG39
  6.2 PF2  25    5  RAY  30.0  24.2  45.8  91.0  93.0 105.0  33.0  85.0  10.8  14.8  32.0  63.0   42.9  58.5  23.0  83.0    0 Y11-D58-RSG41
  6.2 PF2  25    5  RAY  30.0  24.2  45.8  91.0  93.0 106.0  33.0  85.0   9.2  14.8  32.0  63.0   42.9  58.5  23.0  83.0    0 Y11-D61-RSG44
  6.2 PF2  25    5  RAY  30.0  24.2  45.8  91.0  92.0 106.0  33.0  85.0   9.2  14.8  32.0  63.0   42.9  58.5  23.0  83.0    0 Y11-D62-RSG45
