Draft Pos Age YPro Team InPro 2JPro 3PPro InEff 2JEff 3PEff  OReb  DReb  BDom PassR PassE InDef PerDef  InFR PerFR FTEff GInj Updated
  6.3 PG2  25    5  CRO  22.0  29.0  49.0  73.0  98.0 105.0  13.0  37.0  62.0  50.8  73.0  15.0   81.0  37.0  92.0  83.0    0 Y11-D18-RSG1
  6.3 PG2  25    5  CRO  22.0  29.0  49.0  73.0  98.0 102.3  13.0  37.0  62.0  50.8  73.0  15.0   81.0  37.0  92.0  83.0    0 Y11-D20-RSG3
  6.3 PG2  25    5  CRO  22.0  29.0  49.0  73.0  98.0 102.3  13.0  37.0  62.0  50.8  76.7  15.0   81.0  37.0  92.0  83.0    0 Y11-D21-RSG4
  6.3 PG2  25    5  CRO  22.0  29.0  49.0  73.0  98.0 102.3  13.0  34.9  62.0  52.9  76.7  15.0   81.0  37.0  92.0  83.0    0 Y11-D24-RSG7
  6.3 PG2  25    5  CRO  22.0  29.0  49.0  73.0  98.0 102.3  13.0  34.9  62.0  52.9  76.7  15.0   79.7  37.0  92.0  83.0    0 Y11-D28-RSG11
  6.3 PG2  25    5  CRO  22.2  28.3  49.5  73.0  98.0 102.3  13.0  34.9  62.0  52.9  76.7  15.0   79.7  37.0  92.0  83.0    0 Y11-D30-RSG13
  6.3 PG2  25    5  CRO  22.2  28.3  49.5  73.0  98.0 102.3  13.0  34.9  62.0  52.9  77.7  15.0   79.7  37.0  92.0  83.0    0 Y11-D34-RSG17
  6.3 PG2  25    5  CRO  22.8  26.4  50.8  74.0  98.0 102.3  13.0  34.9  62.0  52.9  77.7  15.0   79.7  37.0  93.0  83.0    0 Y11-D36-RSG19
  6.3 PG2  25    5  CRO  23.0  26.4  50.6  74.0  98.0 102.3  13.0  34.9  62.0  52.3  77.7  15.0   79.7  37.0  93.0  83.0    0 Y11-D40-RSG23
  6.3 PG2  25    5  CRO  23.5  26.9  49.6  74.0  98.0 102.3  13.0  34.9  62.0  52.3  77.7  15.0   79.7  37.0  93.0  83.0    0 Y11-D50-RSG33
  6.3 PG2  25    5  CRO  23.5  26.9  49.6  74.0  98.0 102.3  13.0  34.9  63.4  52.3  77.7  15.0   79.7  37.0  93.0  83.0    0 Y11-D56-RSG39
  6.3 PG2  25    5  CRO  23.5  26.9  49.6  74.0  98.0 102.3  14.0  34.9  62.9  52.3  77.7  13.2   79.7  36.0  93.0  83.0    0 Y11-D58-RSG41
  6.3 PG2  25    5  CRO  23.5  26.9  49.6  74.0  98.0 102.3  14.0  34.9  62.9  52.3  77.7  10.4   79.7  36.0  93.0  83.0    0 Y11-D59-RSG42
  6.3 PG2  25    5  CRO  23.5  26.9  49.6  72.7  98.0 102.3  14.0  34.9  62.9  52.3  77.7  10.4   79.7  36.0  93.0  83.0    0 Y11-D60-RSG43
  6.3 PG2  25    5  CRO  23.4  26.7  49.9  72.7  98.0 102.3  14.0  34.9  62.9  52.3  77.7  10.4   79.7  36.0  93.0  83.0    0 Y11-D62-RSG45
  6.3 PG2  25    5  CRO  23.4  26.7  49.9  72.7  98.0 102.3  13.0  34.9  62.9  52.3  77.7  10.4   79.7  36.0  93.0  83.0    0 Y11-D63-RSG46
  6.3 PG2  25    5  CRO  24.4  26.4  49.2  72.7  98.0 102.3  13.0  33.9  62.9  52.3  77.7  10.4   79.7  36.0  93.0  83.0    0 Y11-D64-RSG47
  6.3 PG2  25    5  CRO  24.4  26.4  49.2  73.7  98.0 102.3  13.0  31.8  62.9  52.3  77.7  10.4   79.7  36.0  93.0  83.0    0 Y11-D66-RSG49
