Draft Pos Age YPro Team InPro 2JPro 3PPro InEff 2JEff 3PEff  OReb  DReb  BDom PassR PassE InDef PerDef  InFR PerFR FTEff GInj Updated
  6.1 PG2  25    5  HAR  16.0  48.0  36.0  62.0 104.0 102.0   2.0  38.9  73.0  63.0  85.0  59.0   96.0  40.0  61.0  96.0    0 Y11-D23-RSG6
  6.1 PG2  25    5  HAR  16.0  48.0  36.0  62.0 104.0 102.0   2.0  38.9  69.3  63.0  86.4  60.0   97.0  40.0  61.0  96.0    0 Y11-D27-RSG10
  6.1 PG2  25    5  HAR  16.0  48.0  36.0  62.0 104.0 102.0   2.0  38.9  69.3  63.0  86.4  60.0   94.1  40.0  61.0  96.0    0 Y11-D30-RSG13
  6.1 PG2  25    5  HAR  16.0  48.0  36.0  62.0 104.0 102.0   2.0  38.9  69.3  66.8  86.4  60.0   94.1  41.0  61.0  96.0    0 Y11-D31-RSG14
  6.1 PG2  25    5  HAR  16.0  48.0  36.0  59.2 104.0 102.0   2.0  38.9  69.3  66.8  86.4  60.0   94.1  41.0  61.0  96.0    0 Y11-D32-RSG15
  6.1 PG2  25    5  HAR  16.0  48.0  36.0  59.2 104.0 102.0   2.0  38.9  69.3  66.8  86.4  61.0   94.1  41.0  61.0  96.0    0 Y11-D37-RSG20
  6.1 PG2  25    5  HAR  16.0  48.0  36.0  59.2 104.0 102.0   2.0  38.9  69.3  66.8  84.0  61.0   94.1  41.0  61.0  96.0    0 Y11-D39-RSG22
  6.1 PG2  25    5  HAR  16.0  48.0  36.0  59.2 104.0 102.0   2.0  38.9  69.3  66.8  81.7  61.0   94.1  41.0  61.0  96.0    0 Y11-D40-RSG23
  6.1 PG2  25    5  HAR  16.0  48.0  36.0  59.2 104.0 102.0   1.0  38.9  69.3  66.8  81.7  61.0   94.1  41.0  61.0  96.0    0 Y11-D47-RSG30
  6.1 PG2  25    5  HAR  16.0  48.0  36.0  59.2 104.0 102.0   1.0  38.9  69.3  66.8  81.7  61.0   94.1  42.0  61.0  96.0    0 Y11-D48-RSG31
  6.1 PG2  25    5  HAR  16.0  48.0  36.0  59.2 102.1 102.0   1.0  38.9  69.3  66.8  81.7  61.0   94.1  42.0  61.0  96.0    0 Y11-D50-RSG33
  6.1 PG2  25    5  HAR  16.6  47.7  35.7  59.2 102.1 102.0   1.0  37.9  69.3  66.8  80.7  61.0   94.1  42.0  61.0  96.0    0 Y11-D55-RSG38
  6.1 PG2  25    5  HAR  16.6  47.7  35.7  59.2 102.1 103.0   1.0  37.9  69.3  66.8  80.7  61.0   94.1  42.0  61.0  96.0    0 Y11-D57-RSG40
  6.1 PG2  25    5  HAR  16.7  47.5  35.8  59.2 102.1 103.0   1.0  37.9  69.3  66.8  80.7  61.0   94.1  42.0  61.0  96.0    0 Y11-D58-RSG41
  6.1 PG2  25    5  HAR  17.2  47.2  35.6  59.2 102.1 103.0   1.0  37.9  69.3  66.8  80.7  61.0   94.1  42.0  61.0  96.0    0 Y11-D59-RSG42
  6.1 PG2  25    5  HAR  17.6  48.4  34.0  59.2 102.1 103.0   1.0  37.9  70.9  66.8  80.7  62.0   94.1  42.0  61.0  96.0    0 Y11-D61-RSG44
  6.1 PG2  25    5  HAR  17.6  48.4  34.0  59.2 102.1 103.0   1.0  38.9  70.9  66.8  81.7  62.0   94.1  42.0  60.0  96.0    0 Y11-D65-RSG48
