Draft Pos Age YPro Team InPro 2JPro 3PPro InEff 2JEff 3PEff  OReb  DReb  BDom PassR PassE InDef PerDef  InFR PerFR FTEff GInj Updated
  7.5  C1  24    4  LAT  69.0  27.0   4.0  97.0  68.0  45.0  35.0  98.0  23.0   3.0  22.0  94.0   17.0  91.0  12.9  60.0    0 Y11-D19-RSG2
  7.5  C1  24    4  LAT  69.0  27.0   4.0  97.0  68.0  45.0  35.0  98.0  23.0   3.0  22.0  94.0   18.5  91.0  12.9  60.0    0 Y11-D22-RSG5
  7.5  C1  24    4  LAT  68.8  27.4   3.8  97.0  68.0  44.0  35.0  98.0  23.0   3.0  22.0  94.0   18.5  91.0  12.9  60.0    0 Y11-D23-RSG6
  7.5  C1  24    4  LAT  68.8  27.4   3.8  97.0  68.0  44.0  35.0  98.0  23.0   3.0  22.0  94.0   18.5  90.0  12.9  60.0    0 Y11-D26-RSG9
  7.5  C1  24    4  LAT  68.8  27.4   3.8  97.0  68.0  44.0  35.0  98.0  24.0   3.0  22.0  94.0   16.5  90.0  12.9  60.0    0 Y11-D27-RSG10
  7.5  C1  24    4  LAT  68.8  27.4   3.8  97.0  68.0  44.0  35.0  96.5  24.0   3.0  22.0  94.0   16.5  90.0  12.9  60.0    0 Y11-D29-RSG12
  7.5  C1  24    4  LAT  68.8  27.4   3.8  97.0  68.0  44.0  35.0  96.5  24.0   3.0  22.0  94.0   16.5  90.0  11.9  60.0    0 Y11-D30-RSG13
  7.5  C1  24    4  LAT  68.8  27.4   3.8  97.0  68.0  44.0  35.0  96.5  22.4   3.0  22.0  94.0   16.5  90.0  11.9  60.0    0 Y11-D35-RSG18
  7.5  C1  24    4  LAT  68.8  27.4   3.8  97.0  68.0  44.0  35.0  93.9  22.4   3.0  22.0  94.0   16.5  90.0  11.9  60.0    0 Y11-D37-RSG20
  7.5  C1  24    4  LAT  68.8  27.4   3.8  97.0  68.0  44.0  35.0  93.9  22.4   3.0  21.0  94.0   16.5  90.0  11.9  60.0    0 Y11-D41-RSG24
  7.5  C1  24    4  LAT  68.8  27.4   3.8  97.0  70.2  44.0  35.0  93.9  22.4   3.0  21.0  94.0   16.5  90.0  12.9  60.0    0 Y11-D43-RSG26
  7.5  C1  24    4  LAT  68.8  27.4   3.8  97.0  70.2  44.0  35.0  93.9  22.4   3.0  21.0  96.3   16.5  90.0  12.9  61.0    0 Y11-D51-RSG34
  7.5  C1  24    4  LAT  68.8  27.4   3.8  97.0  70.2  44.0  35.0  93.9  23.6   3.0  21.0  96.3   16.5  90.0  12.9  61.0    0 Y11-D53-RSG36
  7.5  C1  24    4  LAT  68.8  27.4   3.8  97.0  70.2  44.0  35.0  93.9  23.6   3.0  20.0  96.3   16.5  90.0  12.9  61.0    0 Y11-D54-RSG37
  7.5  C1  24    4  LAT  68.8  27.4   3.8  97.0  70.2  44.0  33.7  93.9  23.6   3.0  20.0  96.3   16.5  90.0  12.9  61.0    0 Y11-D57-RSG40
  7.5  C1  24    4  LAT  68.8  27.4   3.8  97.0  71.2  44.0  33.7  93.9  23.6   3.0  20.0  96.3   16.5  90.0  12.9  61.0    0 Y11-D58-RSG41
  7.5  C1  24    4  LAT  68.8  27.4   3.8  97.0  71.2  44.0  33.7  93.9  23.6   3.0  20.0  96.3   16.5  90.0  12.9  61.0    3 Y11-D59-RSG42
  7.5  C1  24    4  LAT  68.8  27.4   3.8  97.0  71.2  44.0  33.7  93.9  23.6   3.0  20.0  96.3   16.5  90.0  12.9  61.0    1 Y11-D60-RSG43
  7.5  C1  24    4  LAT  68.8  27.4   3.8  97.0  71.2  44.0  33.7  93.9  23.6   3.0  20.0  96.3   16.5  90.0  12.9  61.0    1 Y11-D61-RSG44
  7.5  C1  24    4  LAT  68.8  27.4   3.8  97.0  71.2  44.0  33.7  93.9  23.6   3.0  20.0  96.3   16.5  90.0  12.9  61.0    0 Y11-D62-RSG45
  7.5  C1  24    4  LAT  68.9  27.4   3.7  97.0  71.2  44.0  33.7  93.9  23.6   3.0  20.0  96.3   16.5  90.0  12.9  61.0    0 Y11-D63-RSG46
  7.5  C1  24    4  LAT  68.9  27.4   3.7  97.0  71.2  44.0  33.7  93.9  23.6   3.0  20.0  96.3   15.0  90.0  12.9  61.0    0 Y11-D64-RSG47
