Draft Pos Age YPro Team InPro 2JPro 3PPro InEff 2JEff 3PEff  OReb  DReb  BDom PassR PassE InDef PerDef  InFR PerFR FTEff GInj Updated
  7.8  C1  24    4  QUE  64.0  27.0   9.0 112.0  70.0 102.0  34.0  97.0   3.0  28.0  43.1 108.0   31.0  89.0  14.0  71.0    0 Y11-D20-RSG3
  7.8  C1  24    4  QUE  64.0  27.0   9.0 112.0  70.0 102.0  34.0  97.0   3.1  28.0  43.1 108.0   31.0  89.0  14.0  71.0    0 Y11-D26-RSG9
  7.8  C1  24    4  QUE  63.7  27.2   9.1 112.0  70.0 102.0  34.0  97.0   3.1  28.0  43.1 108.0   31.0  87.9  14.0  71.0    0 Y11-D29-RSG12
  7.8  C1  24    4  QUE  63.8  27.3   8.9 112.0  70.0 102.0  34.0  97.0   3.1  28.0  43.1 108.0   31.0  87.9  14.0  71.0    0 Y11-D32-RSG15
  7.8  C1  24    4  QUE  63.8  27.3   8.9 112.0  70.0 102.0  34.0  97.0   3.1  28.0  43.1 108.0   31.0  87.9  14.0  72.0    0 Y11-D40-RSG23
  7.8  C1  24    4  QUE  63.7  27.2   9.1 112.0  70.0 102.0  34.0  97.0   3.1  28.0  43.1 108.0   31.0  87.9  14.0  72.0    0 Y11-D42-RSG25
  7.8  C1  24    4  QUE  63.7  27.2   9.1 112.0  70.0 102.0  34.0  95.1   3.1  28.0  43.1 108.0   31.0  87.9  14.0  72.0    0 Y11-D45-RSG28
  7.8  C1  24    4  QUE  63.7  27.2   9.1 112.0  70.0 102.0  34.0  95.1   3.1  28.0  45.5 108.0   31.0  87.9  14.0  72.0    0 Y11-D47-RSG30
  7.8  C1  24    4  QUE  63.6  27.1   9.3 109.2  70.0 102.0  34.0  95.1   3.1  28.0  45.5 108.0   31.0  88.9  14.0  71.0    0 Y11-D48-RSG31
  7.8  C1  24    4  QUE  63.6  27.1   9.3 109.2  71.0 102.0  34.0  95.1   3.1  27.8  45.5 108.0   31.0  88.9  14.0  71.0    0 Y11-D56-RSG39
  7.8  C1  24    4  QUE  63.6  27.1   9.3 108.1  71.0 102.0  34.0  95.1   3.7  27.8  45.5 108.0   31.0  88.9  14.0  71.0    0 Y11-D60-RSG43
  7.8  C1  24    4  QUE  63.6  27.1   9.3 108.1  72.4 102.0  34.0  95.1   3.7  27.8  45.5 108.0   31.0  88.9  14.0  71.0    0 Y11-D62-RSG45
  7.8  C1  24    4  QUE  63.5  27.1   9.4 108.1  72.4 102.0  34.0  95.1   3.7  27.8  45.5 108.0   31.0  88.9  14.0  71.0    0 Y11-D63-RSG46
  7.8  C1  24    4  QUE  63.5  27.1   9.4 105.4  72.4 102.0  34.0  95.1   3.7  27.8  45.5 108.0   32.0  88.9  14.0  71.0    0 Y11-D64-RSG47
  7.8  C1  24    4  QUE  63.3  27.0   9.7 105.4  72.4 102.0  34.0  95.1   3.7  27.8  45.5 108.0   32.0  88.9  14.0  71.0    0 Y11-D66-RSG49
