Draft Pos Age YPro Team InPro 2JPro 3PPro InEff 2JEff 3PEff  OReb  DReb  BDom PassR PassE InDef PerDef  InFR PerFR FTEff GInj Updated
  7.7 PF1  24    4  HAR  73.0  18.0   9.0 102.0  90.0  48.3  32.0 100.0  20.0   8.0  38.0  68.0   30.0  81.0  50.0  79.0    0 Y11-D23-RSG6
  7.7 PF1  24    4  HAR  73.0  18.0   9.0 102.0  91.0  48.3  32.0 100.0  20.0   8.0  38.0  68.0   30.0  81.0  50.0  79.0    0 Y11-D26-RSG9
  7.7 PF1  24    4  HAR  73.0  18.0   9.0 102.0  91.0  48.3  33.0 100.0  20.0   8.0  38.0  67.0   30.0  81.0  50.0  79.0    0 Y11-D27-RSG10
  7.7 PF1  24    4  HAR  73.0  18.0   9.0 102.0  91.0  48.3  33.0 100.0  20.0   8.0  35.7  67.0   30.0  81.0  50.0  79.0    0 Y11-D28-RSG11
  7.7 PF1  24    4  HAR  72.5  18.3   9.2 102.0  91.0  48.3  33.0 100.0  20.0   8.0  35.7  67.0   30.0  81.0  50.0  79.0    0 Y11-D29-RSG12
  7.7 PF1  24    4  HAR  72.5  18.3   9.2 102.0  91.0  48.3  33.0 100.0  20.0   8.0  35.7  64.5   30.0  81.0  50.0  79.0    0 Y11-D31-RSG14
  7.7 PF1  24    4  HAR  72.5  18.3   9.2 102.0  91.0  48.3  33.0 100.0  20.0   8.0  35.7  64.5   30.0  81.0  50.0  79.0    3 Y11-D32-RSG15
  7.7 PF1  24    4  HAR  72.5  18.3   9.2 102.0  91.0  48.3  33.0 100.0  20.0   8.0  35.7  64.5   30.0  81.0  50.0  79.0    2 Y11-D33-RSG16
  7.7 PF1  24    4  HAR  72.5  18.3   9.2 101.0  91.0  48.3  33.0 100.0  20.0   8.0  35.7  64.5   30.0  81.0  50.0  79.0    2 Y11-D34-RSG17
  7.7 PF1  24    4  HAR  73.3  17.8   8.9 101.0  91.0  48.3  33.0 100.0  20.0   8.0  35.7  64.5   30.0  81.0  50.0  79.0    0 Y11-D35-RSG18
  7.7 PF1  24    4  HAR  73.3  17.8   8.9 101.0  91.0  48.3  33.0 100.0  20.0   8.0  35.7  64.5   30.0  81.0  50.0  79.0   11 Y11-D38-RSG21
  7.7 PF1  24    4  HAR  73.3  17.8   8.9 101.0  91.0  48.3  33.0 100.0  20.0   8.0  35.7  64.5   30.0  81.0  50.0  79.0    9 Y11-D39-RSG22
  7.7 PF1  24    4  HAR  73.3  17.8   8.9 101.0  91.0  48.3  33.0 100.0  20.0   8.0  35.7  64.5   30.0  81.0  50.0  79.0    9 Y11-D40-RSG23
  7.7 PF1  24    4  HAR  73.3  17.8   8.9 101.0  91.0  48.3  33.0 100.0  20.0   8.0  35.7  64.5   30.0  81.0  50.0  79.0    7 Y11-D41-RSG24
  7.7 PF1  24    4  HAR  73.3  17.8   8.9 101.0  91.0  48.3  33.0 100.0  20.0   8.0  35.7  64.5   30.0  81.0  50.0  79.0    6 Y11-D42-RSG25
  7.7 PF1  24    4  HAR  73.3  17.8   8.9 101.0  91.0  48.3  33.0 100.0  20.0   8.0  35.7  64.5   30.0  81.0  50.0  79.0    5 Y11-D43-RSG26
  7.7 PF1  24    4  HAR  73.3  17.8   8.9 101.0  91.0  48.3  33.0 100.0  20.0   8.0  35.7  64.5   30.0  81.0  50.0  79.0    4 Y11-D44-RSG27
  7.7 PF1  24    4  HAR  73.3  17.8   8.9 101.0  91.0  48.3  33.0 100.0  20.0   8.0  35.7  64.5   30.0  81.0  50.0  79.0    3 Y11-D45-RSG28
  7.7 PF1  24    4  HAR  73.3  17.8   8.9 101.0  91.0  48.3  33.0 100.0  20.0   8.0  35.7  64.5   30.0  81.0  50.0  79.0    3 Y11-D46-RSG29
  7.7 PF1  24    4  HAR  73.3  17.8   8.9 101.0  91.0  48.3  33.0 100.0  19.2   8.0  35.7  64.5   30.0  81.0  50.0  79.0    2 Y11-D47-RSG30
  7.7 PF1  24    4  HAR  73.3  17.8   8.9 101.0  91.0  48.3  33.0 100.0  19.2   8.0  35.7  64.5   30.0  81.0  50.0  79.0    2 Y11-D48-RSG31
  7.7 PF1  24    4  HAR  73.3  17.8   8.9 101.0  91.0  48.3  33.0 100.0  19.2   8.0  35.7  64.5   30.0  81.0  50.0  79.0    1 Y11-D49-RSG32
  7.7 PF1  24    4  HAR  73.3  17.8   8.9 101.0  91.0  48.3  33.0 100.0  19.2   8.0  35.7  64.5   30.0  81.0  50.0  79.0    1 Y11-D50-RSG33
  7.7 PF1  24    4  HAR  73.3  17.8   8.9 101.0  91.0  48.3  33.0 100.0  19.2   8.0  35.7  64.5   30.0  81.0  50.0  79.0    0 Y11-D51-RSG34
  7.7 PF1  24    4  HAR  73.3  17.8   8.9 101.0  91.0  48.3  33.0 100.0  19.2   7.0  35.7  64.5   30.0  81.0  50.0  79.0    0 Y11-D55-RSG38
  7.7 PF1  24    4  HAR  73.3  17.8   8.9 101.0  91.0  48.3  33.0 100.0  19.2   7.0  35.7  64.5   30.0  81.0  51.0  79.0    0 Y11-D57-RSG40
  7.7 PF1  24    4  HAR  73.3  17.8   8.9 101.0  91.0  48.3  33.0 100.0  19.2   7.0  35.7  64.5   30.0  81.0  52.0  79.0    0 Y11-D58-RSG41
  7.7 PF1  24    4  HAR  73.3  17.8   8.9 102.4  91.0  48.3  33.0 100.0  19.2   7.0  35.7  64.5   30.0  81.0  52.0  79.0    0 Y11-D61-RSG44
  7.7 PF1  24    4  HAR  73.3  17.8   8.9 102.4  91.0  48.3  33.0 100.0  20.9   7.0  35.7  62.6   30.0  81.0  52.0  79.0    0 Y11-D63-RSG46
  7.7 PF1  24    4  HAR  73.2  18.2   8.6 102.4  91.0  48.3  33.0 100.0  20.0   8.3  35.7  62.6   30.0  81.0  52.0  79.0    0 Y11-D65-RSG48
