Draft Pos Age YPro Team InPro 2JPro 3PPro InEff 2JEff 3PEff  OReb  DReb  BDom PassR PassE InDef PerDef  InFR PerFR FTEff GInj Updated
  7.9 PF1  24    4  RAY  68.0  24.0   8.0 105.0 100.0  49.0  31.0 101.0  20.0  32.0  57.0  79.0   38.0  59.0  17.0  85.0    0 Y11-D19-RSG2
  7.9 PF1  24    4  RAY  68.4  23.7   7.9 105.0 100.0  50.0  31.0 101.0  20.0  32.0  57.0  79.0   38.0  59.0  17.0  85.0    0 Y11-D21-RSG4
  7.9 PF1  24    4  RAY  68.4  23.7   7.9 102.2 100.0  50.0  31.0 102.0  20.0  32.0  57.0  79.0   38.0  59.0  17.0  85.0    0 Y11-D25-RSG8
  7.9 PF1  24    4  RAY  68.4  23.7   7.9 103.2 100.0  50.0  31.0 102.0  20.0  32.0  57.0  79.0   38.0  59.0  17.0  85.0    0 Y11-D26-RSG9
  7.9 PF1  24    4  RAY  68.4  23.7   7.9 103.2 100.0  50.0  31.0 102.0  20.0  32.0  57.0  79.0   38.0  60.2  17.0  85.0    0 Y11-D32-RSG15
  7.9 PF1  24    4  RAY  68.4  23.7   7.9 103.2 100.0  51.4  31.0 102.0  20.0  32.0  57.0  79.0   38.0  60.2  17.0  85.0    0 Y11-D36-RSG19
  7.9 PF1  24    4  RAY  68.4  23.7   7.9 104.4 100.0  51.4  31.0 102.0  20.0  32.0  54.9  79.0   38.0  60.2  17.0  85.0    0 Y11-D37-RSG20
  7.9 PF1  24    4  RAY  68.4  23.7   7.9 104.4 100.0  51.4  31.0 102.0  20.0  32.0  54.9  79.0   35.7  60.2  17.0  85.0    0 Y11-D38-RSG21
  7.9 PF1  24    4  RAY  68.4  23.7   7.9 104.4 100.0  51.4  31.0 102.0  20.0  32.0  56.7  79.0   35.7  60.2  16.0  85.0    0 Y11-D41-RSG24
  7.9 PF1  24    4  RAY  68.4  23.7   7.9 104.4 100.0  51.4  31.0 102.0  20.0  32.0  56.7  79.0   35.7  60.2  16.0  86.0    0 Y11-D45-RSG28
  7.9 PF1  24    4  RAY  68.4  23.7   7.9 104.4 100.0  51.4  32.3 102.0  20.0  32.0  56.7  79.0   35.7  60.2  16.0  86.0    0 Y11-D52-RSG35
  7.9 PF1  24    4  RAY  68.4  23.7   7.9 104.4 100.0  51.4  32.3 102.0  19.6  32.0  56.7  79.0   35.7  60.2  16.0  86.0    0 Y11-D53-RSG36
  7.9 PF1  24    4  RAY  68.4  23.7   7.9 104.4 100.0  51.4  32.3 102.0  19.6  32.1  56.7  79.0   35.7  60.2  16.0  86.0    0 Y11-D54-RSG37
  7.9 PF1  24    4  RAY  68.4  23.7   7.9 104.4 100.0  52.8  32.3 102.0  19.6  32.1  56.7  79.0   35.7  60.2  16.0  86.0    0 Y11-D56-RSG39
  7.9 PF1  24    4  RAY  68.4  23.7   7.9 104.4 100.0  52.8  32.3 103.0  19.6  32.0  56.7  79.0   35.7  60.2  16.0  86.0    0 Y11-D61-RSG44
  7.9 PF1  24    4  RAY  68.5  23.7   7.8 104.4 100.0  52.8  32.3 103.0  19.6  32.0  56.7  79.0   35.7  60.2  16.0  86.0    0 Y11-D66-RSG49
