Draft Pos Age YPro Team InPro 2JPro 3PPro InEff 2JEff 3PEff  OReb  DReb  BDom PassR PassE InDef PerDef  InFR PerFR FTEff GInj Updated
  7.4 PF1  24    4  BRE  68.8  21.1  10.1 105.0  91.0  54.0  38.0  74.0  20.0  28.9  40.0  70.0   48.0  69.0  17.0  71.0    0 Y11-D18-RSG1
  7.4 PF1  24    4  BRE  68.8  21.1  10.1 104.0  91.0  54.0  38.0  74.0  20.0  27.8  40.0  70.0   48.0  69.0  17.0  71.0    0 Y11-D20-RSG3
  7.4 PF1  24    4  BRE  68.8  21.1  10.1 104.0  91.0  54.0  38.0  74.0  20.0  27.6  40.0  70.0   48.0  69.0  17.0  71.0    0 Y11-D22-RSG5
  7.4 PF1  24    4  BRE  68.8  21.1  10.1 104.0  91.0  54.0  38.0  74.0  20.0  27.6  40.0  70.0   48.0  66.3  17.0  71.0    0 Y11-D24-RSG7
  7.4 PF1  24    4  BRE  68.8  21.1  10.1 104.0  91.0  54.0  38.0  74.0  20.0  29.2  40.0  70.0   48.0  66.3  17.0  71.0    0 Y11-D26-RSG9
  7.4 PF1  24    4  BRE  68.8  21.1  10.1 104.0  91.0  54.0  37.0  74.0  20.0  29.2  40.0  70.0   48.0  66.3  17.0  71.0    0 Y11-D34-RSG17
  7.4 PF1  24    4  BRE  68.8  21.1  10.1 104.0  91.0  54.0  37.0  74.0  20.0  29.2  40.0  70.0   48.0  66.3  17.0  68.8    0 Y11-D38-RSG21
  7.4 PF1  24    4  BRE  68.6  21.2  10.2 104.0  91.0  54.0  37.0  74.0  20.0  29.2  40.0  70.0   48.0  66.3  17.0  68.8    0 Y11-D48-RSG31
  7.4 PF1  24    4  BRE  68.6  21.2  10.2 104.0  91.0  54.0  37.0  75.7  20.0  29.2  40.0  70.0   48.0  66.3  17.0  68.8    0 Y11-D50-RSG33
  7.4 PF1  24    4  BRE  68.9  21.3   9.8 104.0  91.0  54.0  37.0  75.7  20.0  29.2  40.0  71.0   48.0  66.3  16.0  68.8    0 Y11-D51-RSG34
  7.4 PF1  24    4  BRE  68.7  21.5   9.8 104.0  91.0  54.0  38.0  75.7  21.0  29.2  42.1  71.0   48.0  66.3  16.0  69.8    0 Y11-D54-RSG37
  7.4 PF1  24    4  BRE  68.7  21.5   9.8 104.0  91.0  54.0  38.0  75.7  21.0  29.2  42.1  71.0   49.1  66.3  16.0  69.8    0 Y11-D59-RSG42
