Draft Pos Age YPro Team InPro 2JPro 3PPro InEff 2JEff 3PEff  OReb  DReb  BDom PassR PassE InDef PerDef  InFR PerFR FTEff GInj Updated
 7.12 SF1  24    4  KEN  40.7  26.7  32.6  92.0  91.0  87.0  24.0  68.0  23.0  24.0  54.0  52.0   46.0  65.0  26.0  92.0    0 Y11-D23-RSG6
 7.12 SF1  24    4  KEN  40.9  26.9  32.2  92.0  91.0  87.0  24.0  68.0  23.0  24.0  54.0  52.0   46.0  65.0  26.0  92.0    0 Y11-D26-RSG9
 7.12 SF1  24    4  KEN  40.9  26.9  32.2  91.0  91.0  87.0  24.0  68.0  23.0  24.0  54.0  52.0   46.0  65.0  26.0  92.0    0 Y11-D31-RSG14
 7.12 SF1  24    4  KEN  40.9  26.9  32.2  91.0  91.0  87.0  24.0  65.1  23.0  24.0  54.0  52.0   46.0  65.0  26.0  92.0    0 Y11-D32-RSG15
 7.12 SF1  24    4  KEN  40.9  26.9  32.2  91.0  91.0  87.0  24.0  65.1  23.0  24.0  54.0  52.0   45.0  65.0  26.0  92.0    0 Y11-D33-RSG16
 7.12 SF1  24    4  KEN  40.9  26.9  32.2  91.0  91.0  87.0  24.0  65.1  23.0  24.0  52.5  52.0   45.0  65.0  26.0  92.0    0 Y11-D35-RSG18
 7.12 SF1  24    4  KEN  40.5  26.6  32.9  91.0  91.0  88.0  25.0  65.1  23.0  24.0  52.5  52.0   45.0  65.0  26.0  92.0    0 Y11-D39-RSG22
 7.12 SF1  24    4  KEN  40.5  26.6  32.9  91.0  91.0  88.0  25.0  65.1  23.0  22.0  52.5  50.0   45.0  65.0  26.0  92.0    0 Y11-D44-RSG27
 7.12 SF1  24    4  KEN  40.5  26.6  32.9  91.0  91.0  88.0  25.0  65.1  23.0  22.0  52.5  50.0   48.3  65.0  26.0  92.0    0 Y11-D47-RSG30
 7.12 SF1  24    4  KEN  40.5  26.6  32.9  92.4  91.0  88.0  25.0  65.1  23.0  22.0  52.5  50.0   48.3  65.0  26.0  92.0    0 Y11-D49-RSG32
 7.12 SF1  24    4  KEN  40.5  26.6  32.9  92.4  91.0  88.0  25.0  65.1  23.0  22.0  53.5  50.0   48.3  65.0  26.0  92.0    0 Y11-D55-RSG38
 7.12 SF1  24    4  KEN  40.3  27.9  31.8  92.4  90.0  85.6  25.0  65.1  23.0  22.0  53.5  50.0   48.3  65.0  26.0  91.0    0 Y11-D56-RSG39
 7.12 SF1  24    4  KEN  40.3  27.9  31.8  92.4  90.0  86.6  25.0  65.1  25.2  22.0  53.5  50.0   48.3  65.0  26.0  91.0    0 Y11-D57-RSG40
 7.12 SF1  24    4  KEN  40.8  28.2  31.0  92.4  90.0  86.6  25.0  65.1  25.2  22.0  53.5  50.0   48.3  65.0  26.0  91.0    0 Y11-D65-RSG48
