Draft Pos Age YPro Team InPro 2JPro 3PPro InEff 2JEff 3PEff  OReb  DReb  BDom PassR PassE InDef PerDef  InFR PerFR FTEff GInj Updated
  8.4  C1  23    3  BRE  83.0  15.0   2.0 103.0  74.0  41.8  40.0 110.0   5.0  17.0  38.0  92.0   24.0  66.0  11.0  80.0    0 Y11-D19-RSG2
  8.4  C1  23    3  BRE  82.8  15.2   2.0 103.0  74.0  41.8  40.0 110.0   5.0  17.0  38.0  92.0   24.0  66.0  11.0  80.0    0 Y11-D20-RSG3
  8.4  C1  23    3  BRE  82.9  15.2   1.9 103.0  74.0  41.8  40.0 110.0   5.0  17.0  39.4  89.0   24.0  66.0  11.0  80.0    0 Y11-D24-RSG7
  8.4  C1  23    3  BRE  82.9  15.2   1.9 103.0  74.0  41.8  40.0 110.0   5.5  17.0  39.4  89.0   24.0  66.0  11.0  80.0    0 Y11-D34-RSG17
  8.4  C1  23    3  BRE  82.9  15.2   1.9 103.0  74.0  41.8  40.0 110.0   5.5  17.0  39.4  90.8   24.0  66.0  11.0  80.0    0 Y11-D36-RSG19
  8.4  C1  23    3  BRE  82.9  15.2   1.9 104.3  74.0  41.8  40.0 110.0   5.5  17.0  39.4  90.8   24.0  66.0  11.0  80.0   36 Y11-D38-RSG21
  8.4  C1  23    3  BRE  82.4  15.6   2.0 104.3  74.0  41.8  40.0 110.0   5.5  17.0  39.4  90.8   24.0  66.0  11.0  80.0   34 Y11-D39-RSG22
  8.4  C1  23    3  BRE  82.4  15.6   2.0 104.3  74.0  41.8  40.0 110.0   5.5  17.0  39.4  90.8   24.0  66.0  11.0  80.0   32 Y11-D40-RSG23
  8.4  C1  23    3  BRE  82.4  15.6   2.0 104.3  74.0  41.8  40.0 110.0   5.5  17.0  39.4  90.8   24.0  66.0  11.0  80.0   30 Y11-D41-RSG24
  8.4  C1  23    3  BRE  82.4  15.6   2.0 104.3  74.0  41.8  40.0 110.0   5.5  17.0  39.4  90.8   24.0  66.0  11.0  80.0   29 Y11-D42-RSG25
  8.4  C1  23    3  BRE  82.4  15.6   2.0 104.3  74.0  41.8  40.0 110.0   5.5  17.0  39.4  88.9   24.0  66.0  11.0  80.0   27 Y11-D43-RSG26
  8.4  C1  23    3  BRE  82.4  15.6   2.0 104.3  74.0  41.8  40.0 110.0   5.5  17.0  39.4  88.9   24.0  66.0  11.0  80.0   25 Y11-D44-RSG27
  8.4  C1  23    3  BRE  82.4  15.6   2.0 104.3  74.0  41.8  40.0 110.0   5.5  17.0  39.4  88.9   24.0  66.0  11.0  80.0   24 Y11-D45-RSG28
  8.4  C1  23    3  BRE  82.4  15.6   2.0 104.3  74.0  41.8  40.0 110.0   5.5  17.0  39.4  88.9   24.0  66.0   9.6  80.0   23 Y11-D46-RSG29
  8.4  C1  23    3  BRE  82.4  15.6   2.0 104.3  74.0  41.8  40.0 110.0   5.5  17.0  39.4  88.9   24.0  66.0   9.6  80.0   21 Y11-D47-RSG30
  8.4  C1  23    3  BRE  82.4  15.6   2.0 104.3  74.0  41.8  40.0 110.0   5.5  17.0  39.4  88.9   24.0  66.0   9.6  80.0   21 Y11-D48-RSG31
  8.4  C1  23    3  BRE  82.4  15.6   2.0 104.3  74.0  41.8  40.0 110.0   5.5  17.0  39.4  88.9   24.0  66.0   9.6  80.0   21 Y11-D49-RSG32
  8.4  C1  23    3  BRE  82.4  15.6   2.0 104.3  74.0  41.8  40.0 110.0   5.5  17.0  39.4  88.9   24.0  66.0   9.6  80.0   20 Y11-D50-RSG33
  8.4  C1  23    3  BRE  82.4  15.6   2.0 104.3  74.0  41.8  40.0 110.0   5.5  17.0  39.4  88.9   24.0  66.0   8.6  80.0   18 Y11-D51-RSG34
  8.4  C1  23    3  BRE  82.4  15.6   2.0 104.3  74.0  41.8  40.0 110.0   5.5  17.0  39.4  88.9   24.0  66.0   8.6  80.0   17 Y11-D52-RSG35
  8.4  C1  23    3  BRE  82.4  15.6   2.0 104.3  74.0  41.8  40.0 110.0   5.5  17.0  39.4  88.9   24.0  66.0   8.6  80.0   16 Y11-D53-RSG36
  8.4  C1  23    3  BRE  82.4  15.6   2.0 104.3  74.0  41.8  40.0 110.0   5.5  17.0  39.4  88.9   24.0  66.0   8.6  80.0   16 Y11-D54-RSG37
  8.4  C1  23    3  BRE  82.4  15.6   2.0 104.3  74.0  41.8  40.0 110.0   5.5  17.0  39.4  88.9   24.0  66.0   8.6  80.0   14 Y11-D55-RSG38
  8.4  C1  23    3  BRE  82.4  15.6   2.0 104.3  74.0  41.8  40.0 110.0   5.5  17.0  39.4  88.9   24.0  66.0   8.6  80.0   13 Y11-D56-RSG39
  8.4  C1  23    3  BRE  82.4  15.6   2.0 104.3  74.0  41.8  40.0 110.0   5.5  17.0  39.4  88.9   24.0  66.0   8.6  80.0   12 Y11-D57-RSG40
  8.4  C1  23    3  BRE  82.4  15.6   2.0 104.3  74.0  41.8  40.0 110.0   5.5  17.0  39.4  88.9   24.0  66.0   8.6  80.0   12 Y11-D58-RSG41
  8.4  C1  23    3  BRE  82.4  15.6   2.0 104.3  74.0  41.8  40.0 110.0   5.5  17.0  39.4  88.9   24.0  66.0   8.6  80.0   10 Y11-D59-RSG42
  8.4  C1  23    3  BRE  82.4  15.6   2.0 104.3  74.0  41.8  40.0 110.0   5.5  17.0  39.4  88.9   24.0  66.0   8.6  80.0    9 Y11-D60-RSG43
  8.4  C1  23    3  BRE  82.4  15.6   2.0 104.3  74.0  41.8  40.0 110.0   5.5  17.0  39.4  88.9   24.0  66.0   8.6  80.0    8 Y11-D61-RSG44
  8.4  C1  23    3  BRE  82.4  15.6   2.0 104.3  74.0  41.8  40.0 110.0   5.5  17.0  39.4  88.9   24.0  64.3   8.6  80.0    8 Y11-D62-RSG45
  8.4  C1  23    3  BRE  82.4  15.6   2.0 104.3  74.0  41.8  40.0 110.0   5.5  17.0  39.4  88.9   24.0  64.3   8.6  80.0    8 Y11-D63-RSG46
  8.4  C1  23    3  BRE  82.4  15.6   2.0 104.3  73.0  41.8  40.0 110.0   5.5  15.2  39.4  88.9   23.0  64.3   8.6  80.0    6 Y11-D64-RSG47
  8.4  C1  23    3  BRE  82.4  15.6   2.0 104.3  73.0  41.8  40.0 110.0   5.5  15.2  39.4  88.9   23.0  64.3   8.6  80.0    5 Y11-D65-RSG48
  8.4  C1  23    3  BRE  82.4  15.6   2.0 104.3  73.0  41.8  40.0 110.0   5.5  15.2  39.4  88.9   23.0  64.3   8.6  80.0    5 Y11-D66-RSG49
