Draft Pos Age YPro Team InPro 2JPro 3PPro InEff 2JEff 3PEff  OReb  DReb  BDom PassR PassE InDef PerDef  InFR PerFR FTEff GInj Updated
  8.5 SF1  23    3  CRO  24.0  59.0  17.0  88.0  96.0  96.0  28.0  64.0  27.0  36.0  69.0  66.0   51.0  57.0  50.0  72.0    0 Y11-D26-RSG9
  8.5 SF1  23    3  CRO  24.0  59.0  17.0  88.0  96.0  96.0  29.0  64.0  27.0  36.0  69.0  66.0   51.0  57.0  50.0  72.0    0 Y11-D27-RSG10
  8.5 SF1  23    3  CRO  23.8  59.3  16.9  89.0  96.0  96.0  29.0  64.0  27.0  36.0  69.0  66.0   51.0  58.0  50.0  72.0    0 Y11-D34-RSG17
  8.5 SF1  23    3  CRO  24.3  58.5  17.2  89.0  96.0  96.0  29.0  64.0  27.0  36.0  69.0  66.0   51.0  58.0  50.0  72.0    0 Y11-D36-RSG19
  8.5 SF1  23    3  CRO  24.3  58.5  17.2  89.0  97.2  96.0  29.0  64.0  27.0  36.0  69.0  66.0   51.0  58.0  50.0  72.0    0 Y11-D37-RSG20
  8.5 SF1  23    3  CRO  23.8  59.4  16.8  89.0  97.2  96.0  29.0  64.0  27.0  36.0  69.0  66.0   51.0  58.0  50.0  72.0    0 Y11-D40-RSG23
  8.5 SF1  23    3  CRO  23.5  59.6  16.9  89.0  97.2  96.0  29.0  64.0  27.0  36.0  69.0  66.0   51.0  58.0  50.0  72.0    0 Y11-D42-RSG25
  8.5 SF1  23    3  CRO  23.5  59.6  16.9  89.0  97.2  96.0  29.0  64.0  27.0  36.0  69.0  63.6   51.0  58.0  50.0  72.0    0 Y11-D47-RSG30
  8.5 SF1  23    3  CRO  23.4  59.8  16.8  89.0  97.2  96.0  29.0  64.0  27.0  36.0  69.0  63.6   51.0  58.0  50.0  72.0    0 Y11-D48-RSG31
  8.5 SF1  23    3  CRO  23.4  59.8  16.8  89.0  97.2  96.0  30.1  64.0  27.0  36.0  69.0  63.6   51.0  58.0  50.0  72.0    0 Y11-D49-RSG32
  8.5 SF1  23    3  CRO  23.6  60.4  16.0  89.0  97.2  96.0  30.1  64.0  27.0  36.0  69.0  63.6   51.0  58.0  50.0  72.0    0 Y11-D54-RSG37
  8.5 SF1  23    3  CRO  23.4  59.9  16.7  89.0  97.2  96.0  30.1  64.0  27.0  36.0  69.0  63.6   51.0  58.0  50.0  72.0    0 Y11-D59-RSG42
  8.5 SF1  23    3  CRO  23.4  59.9  16.7  89.0  97.2  96.0  30.1  64.0  27.0  36.0  69.0  62.6   51.0  58.0  50.0  72.0    0 Y11-D64-RSG47
  8.5 SF1  23    3  CRO  23.4  59.9  16.7  89.0  97.2  96.0  30.1  64.0  27.0  36.0  69.0  62.6   51.0  55.5  50.0  72.0    0 Y11-D66-RSG49
