Draft Pos Age YPro Team InPro 2JPro 3PPro InEff 2JEff 3PEff  OReb  DReb  BDom PassR PassE InDef PerDef  InFR PerFR FTEff GInj Updated
  8.3 PG1  23    3  HAR  28.3  56.1  15.6  86.0 106.0  94.0  15.0  39.0  82.0  60.0  59.0  18.0   93.0  35.0  47.0  74.0    0 Y11-D18-RSG1
  8.3 PG1  23    3  HAR  27.5  56.7  15.8  86.0 106.0  94.0  15.0  39.0  82.0  60.0  59.0  18.0   93.0  35.0  48.2  74.0    0 Y11-D27-RSG10
  8.3 PG1  23    3  HAR  27.5  56.7  15.8  87.0 106.0  94.0  15.0  39.0  82.0  60.0  59.0  18.0   93.0  35.0  48.2  74.0    0 Y11-D28-RSG11
  8.3 PG1  23    3  HAR  27.5  56.7  15.8  87.0 106.0  92.8  15.0  39.0  82.0  60.0  59.0  18.0   93.0  35.0  48.2  72.0    0 Y11-D33-RSG16
  8.3 PG1  23    3  HAR  26.8  57.8  15.4  87.0 106.0  92.8  15.0  39.0  82.0  60.0  59.0  16.1   93.0  35.0  48.2  72.0    0 Y11-D37-RSG20
  8.3 PG1  23    3  HAR  26.8  57.9  15.3  87.0 106.0  92.8  15.0  39.0  82.0  60.0  59.0  16.1   93.0  35.0  48.2  72.0    0 Y11-D40-RSG23
  8.3 PG1  23    3  HAR  26.8  57.9  15.3  87.0 106.0  92.8  15.0  39.0  82.0  60.0  59.0  17.1   93.0  35.0  48.2  73.0    0 Y11-D42-RSG25
  8.3 PG1  23    3  HAR  25.8  58.7  15.5  87.0 106.0  92.8  15.0  39.0  82.0  60.0  59.0  17.1   93.0  35.0  48.2  73.0    0 Y11-D44-RSG27
  8.3 PG1  23    3  HAR  25.8  58.7  15.5  87.0 106.0  92.8  16.0  39.0  82.0  59.0  59.0  17.1   94.0  33.6  48.2  73.0    0 Y11-D47-RSG30
  8.3 PG1  23    3  HAR  25.8  58.7  15.5  87.0 106.0  92.8  16.0  39.0  82.0  59.0  58.0  17.1   94.0  33.6  48.2  73.0    0 Y11-D48-RSG31
  8.3 PG1  23    3  HAR  25.8  58.7  15.5  86.0 106.0  92.8  16.0  39.0  82.0  59.0  58.0  17.1   94.0  33.6  48.2  73.0    0 Y11-D55-RSG38
  8.3 PG1  23    3  HAR  25.8  58.7  15.5  86.0 106.0  92.8  16.0  39.0  82.0  59.0  58.0  17.1   94.0  34.9  48.2  73.0    0 Y11-D56-RSG39
  8.3 PG1  23    3  HAR  25.8  58.7  15.5  86.0 106.0  92.8  16.0  39.0  81.1  57.7  58.0  17.1   95.0  34.9  48.2  73.0    0 Y11-D63-RSG46
  8.3 PG1  23    3  HAR  25.8  58.7  15.5  86.0 106.0  92.8  16.0  39.0  83.5  57.7  58.0  17.1   95.0  34.9  48.2  73.0    0 Y11-D65-RSG48
