Draft Pos Age YPro Team InPro 2JPro 3PPro InEff 2JEff 3PEff  OReb  DReb  BDom PassR PassE InDef PerDef  InFR PerFR FTEff GInj Updated
 9.16  C1  22    2  LAT  73.0  26.0   1.0  84.0  79.0  30.0  39.0  72.0  15.0  31.6  32.0 111.0   31.0  75.0   7.0  79.0    0 Y11-D21-RSG4
 9.16  C1  22    2  LAT  73.0  26.0   1.0  84.0  79.0  30.0  39.0  72.0  15.0  31.6  32.0 112.0   31.0  75.0   7.0  79.0    0 Y11-D23-RSG6
 9.16  C1  22    2  LAT  73.0  26.0   1.0  84.0  79.0  31.1  39.0  72.0  15.0  30.1  32.0 112.0   31.0  75.0   7.0  79.0    0 Y11-D27-RSG10
 9.16  C1  22    2  LAT  73.3  26.1   0.6  84.0  79.0  30.1  40.0  72.0  15.0  30.1  32.0 112.0   31.0  75.0   7.0  79.0    0 Y11-D29-RSG12
 9.16  C1  22    2  LAT  73.3  26.1   0.6  84.0  79.0  30.1  40.0  72.0  15.0  30.1  32.0 112.0   31.0  76.3   7.0  79.0    0 Y11-D31-RSG14
 9.16  C1  22    2  LAT  73.5  25.9   0.6  84.0  79.0  30.1  39.0  72.0  15.0  30.1  32.0 112.0   31.0  76.3   7.0  79.0    0 Y11-D35-RSG18
 9.16  C1  22    2  LAT  73.4  26.0   0.6  84.0  79.0  30.1  39.0  72.0  15.0  30.1  32.0 112.0   30.0  76.3   7.0  79.0    0 Y11-D43-RSG26
 9.16  C1  22    2  LAT  72.9  26.5   0.6  84.0  79.0  30.1  39.0  72.0  15.0  30.1  32.0 112.0   30.0  76.3   7.0  79.0    0 Y11-D47-RSG30
 9.16  C1  22    2  LAT  73.1  26.3   0.6  84.0  79.0  30.1  39.0  72.0  15.0  30.1  32.0 112.0   30.0  76.3   7.0  79.0    0 Y11-D50-RSG33
 9.16  C1  22    2  LAT  73.1  26.3   0.6  81.3  79.0  30.1  39.0  72.0  15.0  30.1  32.0 112.0   30.0  76.3   7.0  79.0    0 Y11-D51-RSG34
 9.16  C1  22    2  LAT  72.6  26.8   0.6  81.3  80.0  30.1  39.0  72.0  15.0  30.1  32.0 112.0   30.0  76.3   7.0  79.0    0 Y11-D54-RSG37
 9.16  C1  22    2  LAT  72.6  26.8   0.6  81.3  80.0  30.1  39.0  72.0  15.0  30.1  32.0 112.0   31.0  76.3   7.0  80.0    0 Y11-D58-RSG41
 9.16  C1  22    2  LAT  72.6  26.8   0.6  81.3  80.0  30.1  39.0  72.0  15.0  30.1  32.0 110.0   31.0  76.3   7.0  80.0    0 Y11-D62-RSG45
