Draft Pos Age YPro Team InPro 2JPro 3PPro InEff 2JEff 3PEff  OReb  DReb  BDom PassR PassE InDef PerDef  InFR PerFR FTEff GInj Updated
 10.5 PF1  21    1  KEN  56.0  42.0   2.0  99.0  82.0  40.0  21.0  77.5  15.0  16.0  34.0  70.0   29.0  70.0   4.0  65.0    0 Y11-D18-RSG1
 10.5 PF1  21    1  KEN  56.2  42.2   1.6  99.0  82.0  40.0  21.0  77.5  15.0  16.0  34.0  70.0   29.0  70.0   4.0  65.0    0 Y11-D25-RSG8
 10.5 PF1  21    1  KEN  55.5  42.9   1.6  99.0  82.0  40.0  21.0  77.5  15.0  16.0  34.0  70.0   29.0  70.0   4.0  65.0    0 Y11-D29-RSG12
 10.5 PF1  21    1  KEN  55.5  42.9   1.6  99.0  82.0  40.0  21.0  77.5  15.0  16.0  34.0  70.0   29.0  70.0   5.0  65.0    0 Y11-D31-RSG14
 10.5 PF1  21    1  KEN  55.5  42.9   1.6  99.0  83.7  42.8  21.0  77.5  15.0  16.0  34.0  70.0   29.0  70.0   5.0  65.0    0 Y11-D33-RSG16
 10.5 PF1  21    1  KEN  55.5  42.9   1.6  99.0  83.7  42.8  21.0  77.5  15.0  16.0  34.0  70.0   30.6  70.0   5.0  65.0    0 Y11-D35-RSG18
 10.5 PF1  21    1  KEN  55.5  42.9   1.6  99.0  83.7  42.8  21.0  76.2  15.0  16.0  34.0  70.0   30.6  70.0   5.0  65.0    0 Y11-D37-RSG20
 10.5 PF1  21    1  KEN  54.7  43.7   1.6  99.0  83.7  40.5  21.0  76.2  15.0  16.0  34.0  70.0   30.6  70.0   5.0  65.0    0 Y11-D44-RSG27
 10.5 PF1  21    1  KEN  54.7  43.7   1.6  99.0  83.7  40.5  21.0  76.2  15.0  16.1  34.0  70.0   30.6  70.0   5.0  65.0    0 Y11-D48-RSG31
 10.5 PF1  21    1  KEN  54.7  43.7   1.6  99.0  83.7  40.5  21.0  76.2  16.9  16.5  34.0  70.0   30.6  70.0   4.0  65.0    0 Y11-D49-RSG32
 10.5 PF1  21    1  KEN  54.7  43.7   1.6  99.0  83.7  40.5  21.0  76.2  16.9  16.5  34.0  70.0   29.6  70.0   4.0  65.0    0 Y11-D51-RSG34
 10.5 PF1  21    1  KEN  54.7  43.7   1.6  99.0  83.7  40.5  21.0  76.2  16.9  16.5  34.0  70.0   29.6  71.0   4.0  65.0    0 Y11-D53-RSG36
 10.5 PF1  21    1  KEN  54.7  43.7   1.6  99.0  83.7  41.5  21.0  76.2  16.9  16.5  34.0  70.0   29.6  71.0   4.0  65.0    0 Y11-D54-RSG37
 10.5 PF1  21    1  KEN  54.7  43.7   1.6  99.0  83.7  41.5  21.0  76.2  16.2  16.5  34.0  70.0   29.6  71.0   4.0  65.0    0 Y11-D56-RSG39
 10.5 PF1  21    1  KEN  54.6  43.8   1.6  99.0  83.7  41.5  21.0  76.2  16.2  16.5  34.0  71.0   29.6  71.0   4.0  65.0    0 Y11-D57-RSG40
 10.5 PF1  21    1  KEN  54.6  43.8   1.6  99.0  83.7  41.5  22.4  76.2  16.2  16.5  34.0  71.0   29.6  71.0   4.0  65.0    0 Y11-D59-RSG42
 10.5 PF1  21    1  KEN  54.6  43.8   1.6  99.0  83.7  41.5  22.4  76.2  16.2  16.5  34.0  71.0   29.6  71.0   5.0  65.0    0 Y11-D61-RSG44
 10.5 PF1  21    1  KEN  54.6  43.8   1.6  99.0  82.3  41.5  22.4  76.2  16.2  16.5  34.0  71.0   29.6  71.0   5.0  65.0    0 Y11-D65-RSG48
 10.5 PF1  21    1  KEN  54.6  43.8   1.6  99.0  82.3  41.5  22.4  76.2  16.2  16.4  34.0  71.0   29.6  71.0   5.0  65.0    0 Y11-D66-RSG49
