Draft Pos Age YPro Team InPro 2JPro 3PPro InEff 2JEff 3PEff  OReb  DReb  BDom PassR PassE InDef PerDef  InFR PerFR FTEff GInj Updated
 10.8 PG2  21    1  RAY  14.0  37.0  49.0  79.0 105.0 103.0  14.0  23.0  65.0  45.0  92.0  22.0   65.0  17.0  42.0  83.0    0 Y11-D19-RSG2
 10.8 PG2  21    1  RAY  15.3  36.4  48.3  79.0 105.0 103.0  14.0  23.0  65.0  45.0  92.0  20.6   65.0  17.0  42.0  83.0    0 Y11-D21-RSG4
 10.8 PG2  21    1  RAY  14.1  36.9  49.0  79.0 105.0 103.0  14.0  23.0  65.0  45.0  92.0  20.6   68.2  17.0  42.0  83.0    0 Y11-D25-RSG8
 10.8 PG2  21    1  RAY  13.7  35.9  50.4  79.0 103.4 103.0  14.0  23.0  65.0  45.0  92.0  20.6   68.2  17.0  42.0  83.0    0 Y11-D28-RSG11
 10.8 PG2  21    1  RAY  12.7  36.3  51.0  79.0 104.4 103.0  14.0  23.0  65.0  45.0  92.0  20.6   68.2  17.0  42.0  81.2    0 Y11-D29-RSG12
 10.8 PG2  21    1  RAY  12.5  35.4  52.1  79.0 104.4 103.0  15.0  23.0  65.0  45.0  92.0  20.6   68.2  17.0  42.0  81.2    0 Y11-D31-RSG14
 10.8 PG2  21    1  RAY  12.5  35.4  52.1  79.0 104.4 103.0  15.0  23.0  65.0  45.0  92.0  20.6   68.2  17.0  42.0  79.4    0 Y11-D32-RSG15
 10.8 PG2  21    1  RAY  12.5  35.4  52.1  79.0 104.4 103.0  15.0  23.0  65.0  45.0  92.0  20.6   68.2  17.0  42.0  80.4    0 Y11-D37-RSG20
 10.8 PG2  21    1  RAY  11.7  35.7  52.6  79.0 104.4 103.0  15.0  23.0  65.0  45.0  92.0  20.6   68.2  17.0  42.0  80.4    0 Y11-D39-RSG22
 10.8 PG2  21    1  RAY  11.7  35.7  52.6  79.0 104.4 103.0  15.0  23.0  65.0  45.0  92.0  20.6   68.2  17.0  42.0  80.4    0 Y11-D41-RSG24
 10.8 PG2  21    1  RAY  11.7  35.7  52.6  79.0 104.4 103.0  15.0  23.0  65.0  45.0  92.0  21.6   68.2  17.0  42.0  80.4    0 Y11-D45-RSG28
 10.8 PG2  21    1  RAY  11.0  36.0  53.0  79.0 104.4 103.0  15.0  23.0  65.0  45.0  92.0  21.6   68.2  17.0  42.0  80.4    0 Y11-D52-RSG35
 10.8 PG2  21    1  RAY  12.3  35.5  52.2  79.0 104.4 103.0  15.0  23.0  65.0  45.0  92.0  21.6   68.2  17.0  42.0  80.4    0 Y11-D54-RSG37
 10.8 PG2  21    1  RAY  12.3  35.5  52.2  79.0 104.4 103.0  15.0  23.0  65.0  45.0  94.1  21.6   68.2  17.0  42.0  80.4    0 Y11-D59-RSG42
 10.8 PG2  21    1  RAY  12.3  35.5  52.2  79.0 104.4 103.0  15.0  23.0  65.0  45.0  94.1  22.6   68.2  17.0  42.0  81.4    0 Y11-D64-RSG47
 10.8 PG2  21    1  RAY  12.3  35.5  52.2  79.0 104.4 103.0  15.0  20.3  65.0  45.0  94.1  22.6   68.2  17.0  42.0  81.4    0 Y11-D65-RSG48
