Draft Pos Age YPro Team InPro 2JPro 3PPro InEff 2JEff 3PEff  OReb  DReb  BDom PassR PassE InDef PerDef  InFR PerFR FTEff GInj Updated
 11.U  C1  20    0  DRA  79.0  18.4   2.6  78.0  53.3   2.5  23.4  99.9  13.7  17.4  12.4  35.8   15.8  47.2  16.3  61.0    0 Y11-D1-Draft
 11.U  C1  20    0   FA  78.7  18.3   3.0  78.0  53.3   2.5  23.4  99.9  13.7  17.4  12.4  35.8   15.8  47.2  16.3  61.0    0 Y11-D19-RSG2
 11.U  C1  20    0   FA  78.7  18.3   3.0  78.0  53.3   2.5  23.4  99.9  13.7  17.4  12.4  35.8   15.8  47.2  16.3  62.0    0 Y11-D32-RSG15
 11.U  C1  20    0   FA  78.7  18.3   3.0  78.0  55.4   2.5  23.4  99.9  13.7  17.4  12.4  35.8   15.8  47.2  16.3  62.0    0 Y11-D37-RSG20
 11.U  C1  20    0   FA  78.7  18.3   3.0  78.0  55.4   2.5  23.4  99.9  13.7  17.4  12.4  40.4   15.8  47.2  16.3  62.0    0 Y11-D39-RSG22
 11.U  C1  20    0   FA  78.7  18.3   3.0  78.0  55.4   2.5  23.4  99.9  13.7  17.4   9.6  40.4   15.8  47.2  16.3  62.0    0 Y11-D42-RSG25
 11.U  C1  20    0   FA  78.7  18.3   3.0  78.0  55.4   2.5  23.4  99.9  13.7  17.4   9.6  40.4   15.8  47.2  16.3  63.0    0 Y11-D44-RSG27
 11.U  C1  20    0   FA  78.7  18.3   3.0  78.0  55.4   2.5  23.4  99.9  13.7  17.4   9.6  40.4   15.8  47.2  16.3  64.0    0 Y11-D55-RSG38
 11.U  C1  20    0   FA  78.7  18.3   3.0  78.0  55.4   2.5  23.4  99.9  13.7  17.4   9.6  40.4   15.8  51.6  16.3  64.0    0 Y11-D57-RSG40
 11.U  C1  20    0   FA  78.7  18.3   3.0  78.0  55.4   2.5  23.4  99.9  13.7  17.4   9.6  40.4   15.8  51.6  15.0  64.0    0 Y11-D60-RSG43
 11.U  C1  20    0   FA  78.7  18.3   3.0  78.0  58.2   2.5  23.4  99.9  13.7  17.4   9.6  40.4   15.8  51.6  15.0  64.0    0 Y11-D64-RSG47
