Draft Pos Age YPro Team InPro 2JPro 3PPro InEff 2JEff 3PEff  OReb  DReb  BDom PassR PassE InDef PerDef  InFR PerFR FTEff GInj Updated
 11.U  C1  20    0  DRA  78.5  19.1   2.4  97.2  41.2  16.0  30.1  77.0  22.6  24.6  14.3  54.9   12.9  52.2   9.8  53.1    0 Y11-D1-Draft
 11.U  C1  20    0   FA  78.5  19.1   2.4  97.2  41.2  16.0  30.1  78.7  22.6  24.6  14.3  54.9   12.9  52.2   9.8  53.1    0 Y11-D18-RSG1
 11.U  C1  20    0   FA  78.5  19.1   2.4  97.2  41.2  16.0  30.1  78.7  22.6  24.6  14.3  54.9   12.9  52.2   9.8  53.1    0 Y11-D21-RSG4
 11.U  C1  20    0   FA  78.5  19.1   2.4  97.2  41.2  16.0  30.1  75.7  22.6  24.6  14.3  54.9   12.9  52.2   9.8  53.1    0 Y11-D23-RSG6
 11.U  C1  20    0   FA  78.5  19.1   2.4  97.2  41.2  16.0  30.1  75.7  22.6  24.6  19.0  54.9   12.9  52.2   9.8  53.1    0 Y11-D24-RSG7
 11.U  C1  20    0   FA  78.8  19.2   2.0  97.2  41.2  16.0  30.1  75.7  22.6  24.6  19.0  54.9   12.9  52.2   9.8  53.1    0 Y11-D25-RSG8
 11.U  C1  20    0   FA  78.8  19.2   2.0  97.2  41.2  16.0  30.1  75.7  22.6  24.6  19.0  54.9   12.9  52.2   9.8  53.1    0 Y11-D33-RSG16
 11.U  C1  20    0   FA  79.0  19.0   2.0  97.2  41.2  16.0  30.1  75.7  22.6  24.6  19.0  54.9   12.9  52.2   9.8  53.1    0 Y11-D42-RSG25
 11.U  C1  20    0   FA  79.0  19.0   2.0  97.2  41.2  16.0  30.1  75.7  22.6  24.6  19.0  54.9   14.0  52.2   9.8  53.1    0 Y11-D43-RSG26
 11.U  C1  20    0   FA  79.0  19.0   2.0  97.2  41.2  16.0  30.1  75.7  22.6  24.6  19.0  54.9   14.0  53.2   9.8  53.1    0 Y11-D48-RSG31
 11.U  C1  20    0   FA  79.0  19.0   2.0  97.2  41.2  16.0  30.1  74.7  22.6  24.6  19.0  54.9   14.0  53.2   9.8  53.1    0 Y11-D49-RSG32
 11.U  C1  20    0   FA  79.0  19.0   2.0  97.2  41.2  16.0  30.1  74.7  22.6  24.3  17.8  54.9   14.0  53.2   9.8  53.1    0 Y11-D51-RSG34
 11.U  C1  20    0   FA  79.0  19.0   2.0  97.2  41.2  16.0  30.1  74.7  22.6  24.3  17.8  54.9   14.0  53.2   9.8  50.6    0 Y11-D61-RSG44
 11.U  C1  20    0   FA  79.0  19.0   2.0  97.2  41.2  16.0  30.1  74.7  22.6  24.3  16.8  54.9   14.0  53.2   9.8  50.6    0 Y11-D65-RSG48
