Draft Pos Age YPro Team InPro 2JPro 3PPro InEff 2JEff 3PEff  OReb  DReb  BDom PassR PassE InDef PerDef  InFR PerFR FTEff GInj Updated
 11.U  C1  19    0  DRA  83.1  16.1   0.8  85.9  55.1  47.6  36.2  73.9   7.3  31.6  34.9  95.0   19.7  57.0  11.2  66.5    0 Y11-D1-Draft
 11.4  C1  19    0  RAY  83.1  16.1   0.8  85.9  55.1  47.6  36.2  72.9   7.3  31.6  34.9  95.0   19.7  57.0  11.2  66.5    0 Y11-D21-RSG4
 11.4  C1  19    0  RAY  83.1  16.1   0.8  85.9  55.1  47.6  36.2  72.9   7.3  31.6  32.7  95.0   19.7  57.0  11.2  66.5    0 Y11-D23-RSG6
 11.4  C1  19    0  RAY  83.1  16.1   0.8  85.9  55.1  47.6  36.2  72.9   7.3  31.6  32.7  95.0   19.7  60.3  11.2  66.5    0 Y11-D28-RSG11
 11.4  C1  19    0  RAY  83.7  15.5   0.8  85.9  55.1  47.6  36.2  72.9   7.3  32.1  32.7  95.0   19.7  60.3  11.2  66.5    0 Y11-D29-RSG12
 11.4  C1  19    0  RAY  83.7  15.5   0.8  84.9  55.1  47.6  36.2  72.9   7.3  32.1  32.7  95.0   19.7  60.3  11.2  66.5    0 Y11-D31-RSG14
 11.4  C1  19    0  RAY  83.7  15.5   0.8  84.9  55.1  47.6  36.2  72.9   7.3  32.1  34.6  95.0   19.7  59.3  11.2  66.5    0 Y11-D41-RSG24
 11.4  C1  19    0  RAY  83.7  15.5   0.8  84.9  55.1  47.6  36.2  72.9   6.9  32.1  34.6  95.0   19.7  59.3  11.2  66.5    0 Y11-D43-RSG26
 11.4  C1  19    0  RAY  83.7  15.5   0.8  84.9  55.1  47.6  36.2  72.9   6.9  32.1  34.6  95.0   19.7  59.3  11.2  67.5    0 Y11-D45-RSG28
 11.4  C1  19    0  RAY  83.7  15.5   0.8  84.9  55.1  47.6  36.2  74.7   6.9  33.6  34.6  95.0   19.7  59.3  12.2  67.5    0 Y11-D52-RSG35
 11.4  C1  19    0  RAY  83.7  15.5   0.8  84.9  55.1  47.6  36.2  74.7   6.9  32.4  39.0  95.0   19.7  62.2  12.2  65.7    0 Y11-D53-RSG36
 11.4  C1  19    0  RAY  83.7  15.5   0.8  84.9  55.1  47.6  36.2  76.5   6.9  32.4  41.6  95.0   19.7  62.2  12.2  65.7    0 Y11-D54-RSG37
 11.4  C1  19    0  RAY  83.7  15.5   0.8  84.9  55.1  47.6  36.2  76.5   6.9  32.0  41.6  95.0   19.7  62.2  12.2  65.7    0 Y11-D55-RSG38
 11.4  C1  19    0  RAY  83.7  15.5   0.8  84.9  55.1  47.6  36.2  75.5   6.9  32.8  41.6  95.0   19.7  62.2  12.2  65.7    0 Y11-D58-RSG41
 11.4  C1  19    0  RAY  83.7  15.5   0.8  84.9  55.1  47.6  36.2  75.5   7.3  32.8  41.6  95.0   19.7  62.2  12.2  65.7    0 Y11-D61-RSG44
