Draft Pos Age YPro Team InPro 2JPro 3PPro InEff 2JEff 3PEff  OReb  DReb  BDom PassR PassE InDef PerDef  InFR PerFR FTEff GInj Updated
 11.U  C1  22    0  DRA  73.0  24.2   2.8  98.5  46.6   5.2  30.4  97.2  21.1  34.5  10.5  86.7   27.1  60.3   7.3  63.3    0 Y11-D1-Draft
 11.U  C1  22    0   FA  73.0  24.2   2.8  98.5  46.6   5.2  30.4  97.2  21.1  32.5  10.5  86.7   27.1  60.3   7.3  63.3    0 Y11-D22-RSG5
 11.U  C1  22    0   FA  73.8  23.5   2.7  98.5  46.6   5.2  30.4  97.2  21.1  32.5  10.5  86.7   27.1  60.3   7.3  63.3    0 Y11-D25-RSG8
 11.U  C1  22    0   FA  73.8  23.5   2.7  98.5  46.6   5.2  28.6  97.2  21.1  32.5  10.5  86.7   27.1  60.3   7.3  63.3    0 Y11-D31-RSG14
 11.U  C1  22    0   FA  73.8  23.5   2.7  98.5  46.6   5.2  28.6  97.2  21.1  32.5  10.5  86.7   27.1  60.3   7.3  62.1    0 Y11-D33-RSG16
 11.U  C1  22    0   FA  73.8  23.5   2.7  98.5  46.6   5.2  28.6  94.4  21.1  32.5  10.5  86.7   27.1  60.3   7.3  62.1    0 Y11-D36-RSG19
 11.U  C1  22    0   FA  73.8  23.5   2.7  98.5  46.6   5.2  28.6  94.4  21.1  32.5  10.5  88.3   27.1  60.3   7.3  61.1    0 Y11-D39-RSG22
 11.U  C1  22    0   FA  73.8  23.5   2.7  98.5  46.6   5.2  28.6  94.4  21.1  32.9  10.5  88.3   27.1  60.3   7.3  61.1    0 Y11-D47-RSG30
 11.U  C1  22    0   FA  73.8  23.5   2.7  98.5  46.6   5.2  28.6  94.4  21.1  32.9   7.7  88.3   27.1  60.3   7.3  61.1    0 Y11-D50-RSG33
 11.U  C1  22    0   FA  73.8  23.5   2.7  99.5  46.6   5.2  28.6  94.4  21.1  32.9   7.7  88.3   27.1  60.3   7.3  61.1    0 Y11-D51-RSG34
 11.U  C1  22    0   FA  73.6  23.4   3.0  99.5  46.6   5.2  28.6  94.4  21.1  32.9   7.7  88.3   27.1  60.3   7.3  61.1    0 Y11-D55-RSG38
 11.U  C1  22    0   FA  73.6  23.4   3.0  99.5  46.6   5.2  28.6  94.4  21.1  32.9   7.7  88.3   27.1  59.3   7.3  61.1    0 Y11-D64-RSG47
 11.U  C1  22    0   FA  73.0  23.9   3.1  99.5  46.6   5.2  28.6  94.4  20.8  32.9   7.7  88.3   27.1  59.3   7.3  61.1    0 Y11-D66-RSG49
