Draft Pos Age YPro Team InPro 2JPro 3PPro InEff 2JEff 3PEff  OReb  DReb  BDom PassR PassE InDef PerDef  InFR PerFR FTEff GInj Updated
 11.U PF1  21    0  DRA  74.0  23.3   2.7  83.0  64.6  48.0  13.8  39.0  13.1  14.3  43.5  58.6   31.8  53.8  19.3  67.8    0 Y11-D1-Draft
 11.U PF1  21    0   FA  74.0  23.3   2.7  83.0  64.6  48.0  13.8  39.0  13.1  14.3  43.5  57.6   31.8  53.8  19.3  67.8    0 Y11-D22-RSG5
 11.U PF1  21    0   FA  74.0  23.3   2.7  83.0  64.6  48.0  13.8  39.0  13.1  14.3  43.5  57.6   31.8  56.2  19.3  67.8    0 Y11-D24-RSG7
 11.U PF1  21    0   FA  74.0  23.3   2.7  85.6  64.6  48.0  13.8  39.0  13.1  14.3  43.5  57.6   31.8  56.2  19.3  67.8    0 Y11-D32-RSG15
 11.U PF1  21    0   FA  74.0  23.3   2.7  85.6  64.6  48.0  13.8  39.0  13.1  14.3  40.8  57.6   31.8  56.2  19.3  67.8    0 Y11-D45-RSG28
 11.U PF1  21    0   FA  73.4  23.9   2.7  85.6  64.6  48.0  13.8  39.0  13.1  14.3  40.8  57.6   31.8  56.2  19.3  67.8    0 Y11-D48-RSG31
 11.U PF1  21    0   FA  73.4  23.9   2.7  85.6  64.6  48.0  13.8  39.0  13.1  14.3  40.8  57.6   31.8  56.2  19.3  68.8    0 Y11-D50-RSG33
 11.U PF1  21    0   FA  73.4  23.9   2.7  85.6  64.6  48.0  13.8  39.0  14.7  14.3  40.8  57.6   31.8  56.2  19.3  68.8    0 Y11-D52-RSG35
 11.U PF1  21    0   FA  73.4  23.9   2.7  85.6  64.6  48.0  12.4  39.0  14.7  14.3  40.8  57.6   31.8  56.2  19.3  68.8    0 Y11-D56-RSG39
 11.U PF1  21    0   FA  73.4  23.9   2.7  85.6  64.6  48.0  12.4  39.0  14.7  14.3  40.8  57.6   31.8  57.2  19.3  68.8    0 Y11-D60-RSG43
