Draft Pos Age YPro Team InPro 2JPro 3PPro InEff 2JEff 3PEff  OReb  DReb  BDom PassR PassE InDef PerDef  InFR PerFR FTEff GInj Updated
 11.U PF1  21    0  DRA  67.3  30.9   1.8  87.7  89.9  12.8  24.8  96.5  14.1  20.7  16.4  44.3   11.0  43.1  10.5  71.3    0 Y11-D1-Draft
 11.U PF1  21    0   FA  67.3  30.9   1.8  87.7  90.9  12.8  24.8  96.5  14.1  20.7  16.4  44.3   11.0  43.1  10.5  71.3    0 Y11-D23-RSG6
 11.U PF1  21    0   FA  67.3  30.9   1.8  87.7  90.9  12.8  24.8  96.5  14.1  20.7  16.4  44.3   11.0  44.2  10.5  71.3    0 Y11-D32-RSG15
 11.U PF1  21    0   FA  67.3  30.9   1.8  87.7  90.9  12.8  24.8  96.5  14.1  20.7  16.4  44.3    8.8  44.2  10.5  71.3    0 Y11-D34-RSG17
 11.U PF1  21    0   FA  67.3  30.9   1.8  87.7  90.9  12.8  24.8  96.5  14.1  20.7  16.4  44.3    8.8  44.2  10.5  71.3    0 Y11-D41-RSG24
 11.U PF1  21    0   FA  67.3  30.9   1.8  87.7  90.9  12.8  24.8  96.5  14.1  20.7  16.4  44.3    8.8  44.2  10.5  71.3    0 Y11-D48-RSG31
 11.U PF1  21    0   FA  67.2  31.0   1.8  87.7  90.9  12.8  24.8  96.5  14.1  20.7  16.4  44.3    8.8  44.2  10.5  71.3    0 Y11-D50-RSG33
 11.U PF1  21    0   FA  67.2  31.0   1.8  87.7  90.9  12.8  24.8  96.5  14.1  20.7  16.4  44.3    8.8  47.7  10.5  71.3    0 Y11-D55-RSG38
 11.U PF1  21    0   FA  67.2  31.0   1.8  87.7  90.9  12.8  24.8  96.5  14.1  18.9  16.4  44.3    8.8  47.7  10.5  71.3    0 Y11-D57-RSG40
 11.U PF1  21    0   FA  67.2  31.0   1.8  87.7  90.9  12.8  24.8  96.5  14.1  18.9  16.4  44.3    8.8  47.7  10.5  70.3    0 Y11-D63-RSG46
 11.U PF1  21    0   FA  67.2  31.0   1.8  87.7  90.9  12.8  24.8  96.5  14.1  18.9  20.9  44.3    8.8  47.7  10.5  70.3    0 Y11-D66-RSG49
