Draft Pos Age YPro Team InPro 2JPro 3PPro InEff 2JEff 3PEff  OReb  DReb  BDom PassR PassE InDef PerDef  InFR PerFR FTEff GInj Updated
 11.U PF1  20    0  DRA  68.6  28.7   2.7  72.8  79.7   9.5  28.3  47.8  14.3  12.4  32.8  76.8   23.3  41.5  24.1  66.3    0 Y11-D1-Draft
 11.U PF1  20    0   FA  68.6  28.7   2.7  72.8  79.7   9.5  28.3  47.8  14.3  12.4  32.8  76.8   23.3  41.5  25.1  66.3    0 Y11-D22-RSG5
 11.U PF1  20    0   FA  68.6  28.7   2.7  72.8  79.7   9.5  28.3  47.8  14.3  12.4  32.8  76.8   23.3  39.0  25.1  66.3    0 Y11-D33-RSG16
 11.U PF1  20    0   FA  68.6  28.7   2.7  72.8  79.7   9.5  28.3  47.8  14.3  12.4  32.8  76.8   22.3  39.0  25.1  66.3    0 Y11-D38-RSG21
 11.U PF1  20    0   FA  68.6  28.7   2.7  72.8  79.7  10.5  28.3  47.8  14.3  12.4  32.8  76.8   22.3  39.0  25.1  66.3    0 Y11-D43-RSG26
 11.U PF1  20    0   FA  68.6  28.7   2.7  72.8  79.7  10.5  28.3  47.8  14.3  12.4  32.8  76.8   22.3  39.0  25.1  65.3    0 Y11-D47-RSG30
 11.U PF1  20    0   FA  68.6  28.7   2.7  72.8  79.7  10.5  28.3  47.8  14.3  12.6  33.8  76.8   22.3  39.0  25.1  65.3    0 Y11-D48-RSG31
 11.U PF1  20    0   FA  68.6  28.7   2.7  72.8  79.7  10.5  28.3  47.8  14.5  12.6  33.8  76.8   22.3  39.0  25.1  65.3    0 Y11-D51-RSG34
 11.U PF1  20    0   FA  68.6  28.7   2.7  72.8  79.7  10.5  28.3  47.8  14.5  12.6  33.8  76.8   23.3  39.0  25.1  65.3    0 Y11-D52-RSG35
 11.U PF1  20    0   FA  68.6  28.7   2.7  71.8  79.7  10.5  28.3  47.8  14.5  12.6  33.8  76.8   23.3  39.0  25.1  65.3    0 Y11-D54-RSG37
 11.U PF1  20    0   FA  68.6  28.7   2.7  71.8  79.7  10.5  28.3  44.9  14.5  12.6  33.8  76.8   23.3  39.0  25.1  65.3    0 Y11-D60-RSG43
