Draft Pos Age YPro Team InPro 2JPro 3PPro InEff 2JEff 3PEff  OReb  DReb  BDom PassR PassE InDef PerDef  InFR PerFR FTEff GInj Updated
 11.U PF2  21    0  DRA  33.3  41.2  25.5  64.6  90.7  69.7  12.0  68.2  10.4  30.9  40.8  60.6   39.3  27.7  22.5  76.8    0 Y11-D1-Draft
 11.U PF2  21    0   FA  33.3  41.2  25.5  64.6  90.7  69.7  12.0  68.2   9.0  30.9  40.8  60.6   39.3  27.7  22.5  76.8    0 Y11-D18-RSG1
 11.U PF2  21    0   FA  33.3  41.2  25.5  64.6  90.7  69.7  12.0  68.2   9.0  30.9  40.8  60.6   39.3  27.7  22.5  77.8    0 Y11-D26-RSG9
 11.U PF2  21    0   FA  33.0  41.4  25.6  64.6  90.7  69.7  12.0  68.2   9.0  30.9  40.8  60.6   39.3  27.7  22.5  77.8    0 Y11-D27-RSG10
 11.U PF2  21    0   FA  33.0  41.4  25.6  64.6  90.7  69.7  12.0  68.2   9.0  30.9  40.8  60.6   36.5  27.7  22.5  77.8    0 Y11-D28-RSG11
 11.U PF2  21    0   FA  33.0  41.4  25.6  64.6  91.8  69.7  12.0  68.2   9.0  30.9  40.8  60.6   36.5  27.7  22.5  77.8    0 Y11-D32-RSG15
 11.U PF2  21    0   FA  33.0  41.4  25.6  64.6  91.8  70.7  12.0  68.2   9.0  30.9  40.8  60.6   36.5  27.7  22.5  77.8    0 Y11-D52-RSG35
 11.U PF2  21    0   FA  33.4  40.7  25.9  64.6  90.5  70.7  12.0  68.2   9.0  30.9  40.8  60.6   36.5  27.7  22.5  77.8    0 Y11-D56-RSG39
 11.U PF2  21    0   FA  33.4  40.7  25.9  64.6  90.5  70.7  12.0  68.2   9.0  30.9  40.8  60.6   35.5  27.7  22.5  77.8    0 Y11-D65-RSG48
