Draft Pos Age YPro Team InPro 2JPro 3PPro InEff 2JEff 3PEff  OReb  DReb  BDom PassR PassE InDef PerDef  InFR PerFR FTEff GInj Updated
 11.U PF2  19    0  DRA  38.8  36.1  25.1  69.3  88.3  79.8   8.9  74.1   5.8  26.3  21.5  33.1   45.4  36.1  36.7  62.2    0 Y11-D1-Draft
 11.U PF2  19    0   FA  38.8  36.1  25.1  69.3  88.3  79.8   8.9  74.1   5.8  26.3  21.5  31.8   45.4  36.1  36.7  62.2    0 Y11-D23-RSG6
 11.U PF2  19    0   FA  38.8  36.1  25.1  69.3  88.3  79.8   8.9  74.1   5.8  26.3  21.5  31.8   44.4  36.1  36.7  62.2    0 Y11-D32-RSG15
 11.U PF2  19    0   FA  38.8  36.1  25.1  69.3  88.3  79.8   8.9  74.1   5.8  27.3  21.5  31.8   44.4  36.1  36.7  62.2    0 Y11-D37-RSG20
 11.U PF2  19    0   FA  38.8  36.1  25.1  69.3  88.3  79.8   7.7  74.1   5.8  27.3  21.5  31.8   44.4  36.1  36.7  62.2    0 Y11-D40-RSG23
 11.U PF2  19    0   FA  38.8  36.1  25.1  71.2  88.3  79.8   7.7  74.1   5.8  27.3  21.5  31.8   44.4  36.1  36.7  62.2    0 Y11-D41-RSG24
 11.U PF2  19    0   FA  38.8  36.1  25.1  71.2  88.3  79.8   7.7  74.1   5.8  27.3  21.5  31.8   44.4  36.1  36.7  63.2    0 Y11-D45-RSG28
 11.U PF2  19    0   FA  38.8  36.1  25.1  71.2  88.3  79.8   7.7  74.1   4.9  27.3  21.5  31.8   44.4  36.1  36.7  63.2    0 Y11-D50-RSG33
 11.U PF2  19    0   FA  38.8  36.1  25.1  71.2  88.3  79.8   7.7  74.1   4.9  27.3  21.5  31.8   44.4  36.1  36.7  63.2    0 Y11-D57-RSG40
 11.U PF2  19    0   FA  38.8  36.1  25.1  71.2  88.3  79.8   7.7  74.1   4.9  27.3  21.5  37.2   44.4  36.1  36.7  63.2    0 Y11-D59-RSG42
