Draft Pos Age YPro Team InPro 2JPro 3PPro InEff 2JEff 3PEff  OReb  DReb  BDom PassR PassE InDef PerDef  InFR PerFR FTEff GInj Updated
 11.U SF1  22    0  DRA  52.9  21.9  25.2  88.7  74.8  85.0  18.9  57.0  17.3  46.5  32.8  81.4   40.7  40.1  21.5  81.0    0 Y11-D1-Draft
 11.U SF1  22    0   FA  53.3  22.0  24.7  88.7  74.8  85.0  18.9  57.0  17.3  47.0  32.8  81.4   40.7  40.1  21.5  81.0    0 Y11-D21-RSG4
 11.U SF1  22    0   FA  53.3  22.0  24.7  88.7  74.8  85.0  17.9  57.0  17.3  47.0  31.8  81.4   40.7  40.1  21.5  81.0    0 Y11-D22-RSG5
 11.U SF1  22    0   FA  53.3  22.0  24.7  88.7  74.8  85.0  19.3  57.0  17.3  47.0  31.8  81.4   40.7  40.1  21.5  81.0    0 Y11-D34-RSG17
 11.U SF1  22    0   FA  53.3  22.0  24.7  88.7  74.8  85.0  19.3  57.0  17.3  47.0  31.8  82.4   40.7  40.1  21.5  81.0    0 Y11-D42-RSG25
 11.U SF1  22    0   FA  53.3  22.0  24.7  88.7  74.8  85.0  20.3  57.0  17.3  47.0  34.8  82.4   40.7  40.1  21.5  81.0    0 Y11-D52-RSG35
 11.U SF1  22    0   FA  53.8  21.8  24.4  88.7  74.8  85.0  20.3  57.0  17.3  47.0  34.8  82.4   40.7  40.1  21.5  81.0    0 Y11-D53-RSG36
 11.U SF1  22    0   FA  53.8  21.8  24.4  88.7  74.8  85.0  20.3  57.0  17.3  47.0  34.8  82.4   40.7  40.1  21.5  80.0    0 Y11-D56-RSG39
 11.U SF1  22    0   FA  53.8  21.8  24.4  88.7  74.8  85.0  20.3  55.3  17.3  44.8  34.8  82.4   40.7  40.1  21.5  80.0    0 Y11-D57-RSG40
 11.U SF1  22    0   FA  53.8  21.8  24.4  88.7  74.8  85.0  20.3  55.3  17.3  44.8  34.8  83.4   40.7  40.1  21.5  80.0    0 Y11-D66-RSG49
