Draft Pos Age YPro Team InPro 2JPro 3PPro InEff 2JEff 3PEff  OReb  DReb  BDom PassR PassE InDef PerDef  InFR PerFR FTEff GInj Updated
 11.U SF1  20    0  DRA  46.6  35.5  17.9  65.6  65.5  75.1  22.8  59.6  23.2  38.7  47.3  52.8   49.6  47.5  39.7  73.8    0 Y11-D1-Draft
 11.U SF1  20    0   FA  46.6  35.5  17.9  65.6  65.5  75.1  22.8  59.6  23.2  38.7  49.2  52.8   49.6  47.5  39.7  73.8    0 Y11-D28-RSG11
 11.U SF1  20    0   FA  46.6  35.5  17.9  65.6  65.5  75.1  21.8  59.6  23.2  38.7  49.2  53.8   49.6  47.5  39.7  73.8    0 Y11-D30-RSG13
 11.U SF1  20    0   FA  46.6  35.5  17.9  65.6  63.5  75.1  21.8  59.6  23.2  38.7  49.2  53.8   49.6  47.5  39.7  73.8    0 Y11-D31-RSG14
 11.U SF1  20    0   FA  46.6  35.5  17.9  64.4  63.5  75.1  21.8  59.6  23.2  38.7  49.2  53.8   49.6  47.5  39.7  73.8    0 Y11-D34-RSG17
 11.U SF1  20    0   FA  46.6  35.5  17.9  64.4  63.5  75.1  21.8  59.6  23.2  38.7  49.2  53.8   49.6  47.5  38.3  73.8    0 Y11-D38-RSG21
 11.U SF1  20    0   FA  46.6  35.5  17.9  64.4  63.5  75.1  21.8  59.6  23.2  38.7  49.2  53.8   49.6  46.5  38.3  73.8    0 Y11-D48-RSG31
 11.U SF1  20    0   FA  46.6  35.5  17.9  64.4  63.5  75.1  21.8  59.6  23.2  36.8  49.2  53.8   49.6  46.5  38.3  73.8    0 Y11-D55-RSG38
 11.U SF1  20    0   FA  46.6  35.5  17.9  64.4  63.5  75.1  21.8  59.6  23.2  36.8  49.2  50.9   49.6  46.5  38.3  73.8    0 Y11-D59-RSG42
 11.U SF1  20    0   FA  46.4  35.8  17.8  64.4  63.5  75.1  21.8  59.6  23.2  36.8  49.2  50.9   49.6  46.5  38.3  73.8    0 Y11-D60-RSG43
