Draft Pos Age YPro Team InPro 2JPro 3PPro InEff 2JEff 3PEff  OReb  DReb  BDom PassR PassE InDef PerDef  InFR PerFR FTEff GInj Updated
 11.U SF1  18    0  DRA  47.3  29.2  23.5  75.7  66.1  50.9  18.0  52.8  17.0  37.1  50.8  59.1   43.8  49.0  37.3  69.8    0 Y11-D1-Draft
 11.U SF1  18    0   FA  47.3  29.2  23.5  75.7  66.1  50.9  18.0  52.8  17.0  37.1  50.8  59.1   43.8  49.0  37.3  69.8    0 Y11-D24-RSG7
 11.U SF1  18    0   FA  47.3  29.2  23.5  75.7  66.1  50.9  18.0  52.8  17.0  37.1  50.8  59.1   43.8  49.0  38.3  69.8    0 Y11-D37-RSG20
 11.U SF1  18    0   FA  47.3  29.2  23.5  75.7  66.1  50.9  18.0  52.8  17.0  37.1  50.8  59.1   45.6  49.0  38.3  69.8    0 Y11-D52-RSG35
 11.U SF1  18    0   FA  47.3  29.2  23.5  75.7  66.1  50.9  18.0  52.8  17.0  37.1  50.8  59.1   45.6  49.0  38.3  69.8    9 Y11-D55-RSG38
 11.U SF1  18    0   FA  47.3  29.2  23.5  75.7  66.1  50.9  18.0  52.8  17.0  37.1  52.6  59.1   45.6  49.0  38.3  69.8    8 Y11-D56-RSG39
 11.U SF1  18    0   FA  47.3  29.2  23.5  75.7  66.1  50.9  18.0  52.8  17.0  37.1  52.6  59.1   45.6  49.0  38.3  69.8    6 Y11-D57-RSG40
 11.U SF1  18    0   FA  47.3  29.2  23.5  75.7  66.1  50.9  18.0  52.8  17.0  37.1  52.6  59.1   45.6  49.0  38.3  69.8    6 Y11-D58-RSG41
 11.U SF1  18    0   FA  47.3  29.2  23.5  75.7  66.1  50.9  18.0  52.8  17.0  37.1  52.6  59.1   45.6  49.0  38.3  69.8    4 Y11-D59-RSG42
 11.U SF1  18    0   FA  47.3  29.2  23.5  75.7  66.1  50.9  18.0  52.8  17.0  37.1  52.6  59.1   45.6  49.0  38.3  69.8    3 Y11-D60-RSG43
 11.U SF1  18    0   FA  47.3  29.2  23.5  75.7  66.1  50.9  18.0  52.8  17.0  37.1  52.6  59.1   45.6  49.0  38.3  69.8    1 Y11-D61-RSG44
 11.U SF1  18    0   FA  47.3  29.2  23.5  75.7  66.1  50.9  18.0  52.8  17.0  37.1  52.6  59.1   45.6  49.0  38.3  69.8    1 Y11-D62-RSG45
 11.U SF1  18    0   FA  47.3  29.2  23.5  75.7  66.1  50.9  18.0  52.8  17.0  37.1  52.6  59.1   45.6  49.0  38.3  69.8    0 Y11-D63-RSG46
 11.U SF1  18    0   FA  47.3  29.2  23.5  75.7  66.1  50.9  18.0  52.8  17.0  37.1  52.6  59.1   44.6  49.0  38.3  69.8    0 Y11-D66-RSG49
