Draft Pos Age YPro Team InPro 2JPro 3PPro InEff 2JEff 3PEff  OReb  DReb  BDom PassR PassE InDef PerDef  InFR PerFR FTEff GInj Updated
 11.U SF2  21    0  DRA  15.4  39.1  45.5  87.9  90.8  82.8  12.5  49.6  16.2  37.9  37.4  32.6   37.1  33.8  49.4  71.9    0 Y11-D1-Draft
 11.6 SF2  21    0  HAR  15.4  39.1  45.5  86.9  90.8  82.8  12.5  49.6  16.2  37.9  37.4  32.6   37.1  33.8  49.4  71.9    0 Y11-D18-RSG1
 11.6 SF2  21    0  HAR  15.4  39.1  45.5  86.9  90.8  82.8  12.5  49.6  16.2  37.9  37.4  32.6   38.5  33.8  49.4  71.9    0 Y11-D19-RSG2
 11.6 SF2  21    0  HAR  15.4  39.1  45.5  86.9  90.8  82.8  12.5  49.6  15.1  37.9  37.4  32.6   38.5  33.8  49.4  71.9    0 Y11-D22-RSG5
 11.6 SF2  21    0  HAR  15.4  39.1  45.5  87.9  90.8  82.8  12.5  49.6  15.1  37.9  37.4  32.6   38.5  33.8  49.4  71.9    0 Y11-D23-RSG6
 11.6 SF2  21    0  HAR  15.4  39.1  45.5  87.9  93.0  82.8  12.5  49.6  15.1  37.9  37.4  31.6   38.5  33.8  49.4  71.9    0 Y11-D27-RSG10
 11.6 SF2  21    0  HAR  15.4  39.1  45.5  87.9  93.0  82.8  12.5  50.6  15.1  37.9  37.4  31.6   38.5  33.8  49.4  71.9    0 Y11-D31-RSG14
 11.6 SF2  21    0  HAR  15.4  39.1  45.5  87.9  93.0  82.8  12.5  52.8  15.1  37.9  37.4  31.6   38.5  33.8  49.4  71.9    0 Y11-D32-RSG15
 11.6 SF2  21    0  HAR  15.4  39.1  45.5  87.9  93.0  82.8  12.5  52.8  15.1  37.9  38.4  31.6   38.5  33.8  49.4  71.9    0 Y11-D33-RSG16
 11.6 SF2  21    0  HAR  15.6  39.6  44.8  87.9  93.0  82.8  13.5  52.8  15.1  37.9  38.4  31.6   38.5  33.8  49.4  71.9    0 Y11-D35-RSG18
 11.6 SF2  21    0  HAR  15.6  39.6  44.8  87.9  93.0  82.8  13.5  52.8  15.1  37.9  38.4  31.6   38.5  33.8  49.4  70.9    0 Y11-D36-RSG19
 11.6 SF2  21    0  HAR  15.6  39.6  44.8  87.9  95.2  82.8  13.5  52.8  15.1  37.9  38.4  31.6   38.5  33.8  49.4  70.9    0 Y11-D40-RSG23
 11.6 SF2  21    0  HAR  15.6  39.6  44.8  87.9  95.2  82.8  13.5  52.8  15.1  37.9  38.4  30.5   38.5  33.8  49.4  70.9    0 Y11-D43-RSG26
 11.6 SF2  21    0  HAR  15.6  39.6  44.8  85.0  95.2  82.8  13.5  52.8  15.1  37.9  38.4  30.5   38.5  33.8  49.4  70.9    0 Y11-D46-RSG29
 11.6 SF2  21    0  HAR  15.6  39.6  44.8  85.0  95.2  82.8  14.5  52.8  15.1  37.9  38.4  30.5   38.5  33.8  49.4  70.9    0 Y11-D47-RSG30
 11.6 SF2  21    0  HAR  15.6  39.6  44.8  85.0  95.2  82.8  14.5  52.8  14.7  37.6  38.4  30.5   38.5  33.8  47.6  72.0    0 Y11-D48-RSG31
 11.6 SF2  21    0  HAR  15.6  39.6  44.8  85.0  95.2  84.9  14.5  52.8  14.7  37.6  38.4  30.5   38.5  33.8  47.6  72.0    0 Y11-D51-RSG34
 11.6 SF2  21    0  HAR  15.6  39.6  44.8  85.0  95.2  84.9  14.5  52.8  14.7  37.6  38.4  30.5   40.9  33.8  47.6  72.0    0 Y11-D52-RSG35
 11.6 SF2  21    0  HAR  15.6  39.6  44.8  86.0  95.2  84.9  14.5  52.8  14.7  37.6  38.4  30.5   40.9  33.8  50.1  72.0    0 Y11-D55-RSG38
 11.6 SF2  21    0  HAR  15.6  39.7  44.7  86.0  95.2  84.9  14.5  52.8  14.7  37.6  38.4  30.5   40.9  33.8  50.1  72.0    0 Y11-D59-RSG42
 11.6 SF2  21    0  HAR  15.6  39.7  44.7  86.0  95.2  84.9  14.5  53.8  14.8  37.6  38.4  30.5   40.9  32.4  50.1  72.0    0 Y11-D61-RSG44
 11.6 SF2  21    0  HAR  15.6  39.7  44.7  86.0  95.2  84.9  15.7  53.8  14.8  37.6  38.4  30.5   40.9  32.4  50.1  72.0    0 Y11-D63-RSG46
