Draft Pos Age YPro Team InPro 2JPro 3PPro InEff 2JEff 3PEff  OReb  DReb  BDom PassR PassE InDef PerDef  InFR PerFR FTEff GInj Updated
 11.U SF2  21    0  DRA  25.9  33.3  40.8  65.7  88.1  62.2  19.5  58.2  18.0  45.8  10.1  31.1   78.9  30.5  57.1  79.8    0 Y11-D1-Draft
 11.U SF2  21    0   FA  26.0  33.4  40.6  65.7  88.1  62.2  19.5  58.2  18.0  45.8  10.1  31.1   78.9  30.5  57.1  79.8    0 Y11-D18-RSG1
 11.U SF2  21    0   FA  26.1  33.4  40.5  65.7  88.1  62.2  19.5  58.2  18.0  45.8  10.1  31.1   78.9  30.5  57.1  79.8    0 Y11-D23-RSG6
 11.U SF2  21    0   FA  26.6  34.2  39.2  65.7  88.1  62.2  19.5  58.2  18.0  45.8  10.1  31.1   78.9  30.5  57.1  79.8    0 Y11-D27-RSG10
 11.U SF2  21    0   FA  26.6  34.2  39.2  65.7  88.1  62.2  19.5  58.2  18.0  45.8  10.1  31.1   78.9  30.5  57.1  79.8  120 Y11-D35-RSG18
 11.U SF2  21    0   FA  26.6  34.2  39.2  65.7  88.1  62.2  19.5  58.2  18.0  45.8  10.1  31.1   78.9  30.5  57.1  79.8  119 Y11-D36-RSG19
 11.U SF2  21    0   FA  26.6  34.2  39.2  65.7  88.1  62.2  19.5  58.2  18.0  45.8  10.1  31.1   78.9  30.5  57.1  79.8  118 Y11-D37-RSG20
 11.U SF2  21    0   FA  26.6  34.2  39.2  65.7  88.1  62.2  19.5  58.2  18.0  45.8  10.1  31.1   78.9  30.5  57.1  79.8  118 Y11-D38-RSG21
 11.U SF2  21    0   FA  26.6  34.2  39.2  65.7  88.1  62.2  19.5  58.2  18.0  45.8  10.1  31.1   78.9  30.5  57.1  79.8  118 Y11-D39-RSG22
 11.U SF2  21    0   FA  26.6  34.2  39.2  65.7  88.1  62.2  19.5  58.2  18.0  45.8  10.1  31.1   78.9  30.5  57.1  79.8  117 Y11-D40-RSG23
 11.U SF2  21    0   FA  26.6  34.2  39.2  65.7  88.1  62.2  19.5  58.2  18.0  45.8  10.1  31.1   78.9  30.5  57.1  79.8  117 Y11-D41-RSG24
 11.U SF2  21    0   FA  26.6  34.2  39.2  65.7  88.1  62.2  19.5  58.2  18.0  45.8  10.1  31.1   78.9  30.5  57.1  79.8  117 Y11-D42-RSG25
 11.U SF2  21    0   FA  26.6  34.2  39.2  65.7  88.1  62.2  19.5  58.2  18.0  45.8  10.1  31.1   78.9  30.5  57.1  79.8  116 Y11-D43-RSG26
 11.U SF2  21    0   FA  26.6  34.2  39.2  65.7  88.1  62.2  19.5  58.2  18.0  45.8  10.1  31.1   78.9  30.5  57.1  79.8  114 Y11-D44-RSG27
 11.U SF2  21    0   FA  26.6  34.2  39.2  65.7  88.1  62.2  19.5  58.2  18.0  45.8  10.1  31.1   78.9  30.5  57.1  79.8  113 Y11-D45-RSG28
 11.U SF2  21    0   FA  26.6  34.2  39.2  65.7  88.1  62.2  19.5  56.0  18.0  45.8  10.1  31.1   78.9  30.5  57.1  79.8  112 Y11-D46-RSG29
 11.U SF2  21    0   FA  26.6  34.2  39.2  65.7  88.1  62.2  19.5  56.0  18.0  45.8  10.1  31.1   78.9  30.5  57.1  79.8  110 Y11-D47-RSG30
 11.U SF2  21    0   FA  26.6  34.2  39.2  65.7  88.1  62.2  19.5  56.0  18.0  45.8  10.1  31.1   78.9  30.5  57.1  79.8  110 Y11-D48-RSG31
 11.U SF2  21    0   FA  26.6  34.2  39.2  65.7  88.1  62.2  19.5  56.0  18.0  45.8  10.1  30.1   78.9  30.5  57.1  79.8  109 Y11-D49-RSG32
 11.U SF2  21    0   FA  26.6  34.2  39.2  65.7  88.1  62.2  19.5  56.0  18.0  45.8  10.1  30.1   78.9  30.5  57.1  79.8  108 Y11-D50-RSG33
 11.U SF2  21    0   FA  26.6  34.2  39.2  65.7  88.1  62.2  19.5  56.0  18.0  45.8  10.1  30.1   78.9  30.5  57.1  79.8  108 Y11-D51-RSG34
 11.U SF2  21    0   FA  26.6  34.2  39.2  65.7  88.1  62.2  19.5  56.0  18.0  45.8  10.1  30.1   78.9  30.5  57.1  79.8  106 Y11-D52-RSG35
 11.U SF2  21    0   FA  26.6  34.2  39.2  65.7  88.1  62.2  19.5  56.0  18.0  45.8  10.1  30.1   78.9  30.5  57.1  79.8  104 Y11-D53-RSG36
 11.U SF2  21    0   FA  26.6  34.2  39.2  65.7  88.1  62.2  19.5  56.0  18.0  45.8  10.1  30.1   78.9  30.5  57.1  79.8  102 Y11-D54-RSG37
 11.U SF2  21    0   FA  26.6  34.2  39.2  65.7  88.1  62.2  19.5  56.0  18.0  45.8  10.1  30.1   78.9  30.5  57.1  79.8  101 Y11-D55-RSG38
 11.U SF2  21    0   FA  26.6  34.2  39.2  65.7  88.1  62.2  19.5  56.0  18.0  45.8  10.1  30.1   78.9  30.5  57.1  79.8  101 Y11-D56-RSG39
 11.U SF2  21    0   FA  26.6  34.2  39.2  65.7  88.1  62.2  19.5  56.0  18.0  45.8  10.1  30.1   78.9  30.5  57.1  79.8  100 Y11-D57-RSG40
 11.U SF2  21    0   FA  26.6  34.2  39.2  65.7  88.1  62.2  19.5  56.0  18.0  45.8  10.1  30.1   78.9  30.5  57.1  79.8   98 Y11-D58-RSG41
 11.U SF2  21    0   FA  26.6  34.2  39.2  65.7  88.1  62.2  19.5  56.0  18.0  45.8  10.1  30.1   78.9  30.5  57.1  79.8   97 Y11-D59-RSG42
 11.U SF2  21    0   FA  26.6  34.2  39.2  65.7  88.1  62.2  19.5  56.0  18.0  45.8  10.1  30.1   78.9  30.5  57.1  79.8   96 Y11-D60-RSG43
 11.U SF2  21    0   FA  26.6  34.2  39.2  65.7  88.1  62.2  19.5  56.0  18.0  45.8  10.1  30.1   78.9  30.5  57.1  79.8   94 Y11-D61-RSG44
 11.U SF2  21    0   FA  26.6  34.2  39.2  65.7  88.1  62.2  19.5  56.0  18.0  45.8  10.1  30.1   78.9  30.5  57.1  79.8   92 Y11-D62-RSG45
 11.U SF2  21    0   FA  26.6  34.2  39.2  65.7  88.1  62.2  19.5  56.0  18.0  45.8  10.1  30.1   78.9  30.5  57.1  79.8   90 Y11-D63-RSG46
 11.U SF2  21    0   FA  26.6  34.2  39.2  65.7  88.1  62.2  19.5  56.0  18.0  45.8  10.1  30.1   78.9  30.5  57.1  79.8   88 Y11-D64-RSG47
 11.U SF2  21    0   FA  26.6  34.2  39.2  65.7  88.1  62.2  19.5  56.0  18.0  45.8  10.1  30.1   78.9  30.5  57.1  79.8   86 Y11-D65-RSG48
 11.U SF2  21    0   FA  26.6  34.2  39.2  65.7  88.1  62.2  19.5  56.0  18.0  45.8  10.1  30.1   78.9  30.5  57.1  79.8   85 Y11-D66-RSG49
