Draft Pos Age YPro Team InPro 2JPro 3PPro InEff 2JEff 3PEff  OReb  DReb  BDom PassR PassE InDef PerDef  InFR PerFR FTEff GInj Updated
 11.U SF2  18    0  DRA  34.3  22.5  43.2  80.5  97.3  75.9  13.9  59.4  18.8  36.2  43.9  35.6   63.2  31.4  51.0  72.7    0 Y11-D1-Draft
 11.9 SF2  18    0  CRO  34.3  22.5  43.2  80.5  97.3  75.9  13.9  59.4  18.8  35.0  43.9  35.6   63.2  31.4  51.0  72.7    0 Y11-D18-RSG1
 11.9 SF2  18    0  CRO  34.3  22.5  43.2  80.5  97.3  75.9  13.9  59.4  18.8  35.0  43.9  35.6   63.2  30.4  51.0  72.7    0 Y11-D19-RSG2
 11.9 SF2  18    0  CRO  34.6  22.4  43.0  80.5  97.3  75.9  13.9  59.4  18.8  35.0  43.9  35.6   63.2  30.4  51.0  72.7    0 Y11-D21-RSG4
 11.9 SF2  18    0  CRO  34.6  22.4  43.0  80.5  97.3  75.9  13.9  59.4  18.8  32.6  43.9  35.6   63.2  29.4  51.0  72.7    0 Y11-D22-RSG5
 11.9 SF2  18    0  CRO  34.6  22.4  43.0  80.5  97.3  75.9  13.9  59.4  18.8  32.6  43.9  36.9   63.2  29.4  51.0  72.7    0 Y11-D23-RSG6
 11.9 SF2  18    0  CRO  34.6  22.4  43.0  80.5  97.3  75.9  13.9  57.0  18.8  32.6  43.9  36.9   63.2  29.4  51.0  72.7    0 Y11-D25-RSG8
 11.9 SF2  18    0  CRO  34.6  22.4  43.0  80.5  97.3  79.2  13.9  57.0  18.8  32.6  43.9  36.9   63.2  29.4  51.0  72.7    0 Y11-D26-RSG9
 11.9 SF2  18    0  CRO  34.6  22.4  43.0  80.5  97.3  79.2  13.9  55.5  18.8  32.6  43.9  36.9   63.2  29.4  51.0  72.7    0 Y11-D28-RSG11
 11.9 SF2  18    0  CRO  35.2  21.1  43.7  80.5  97.3  77.2  13.9  55.5  18.8  32.6  43.9  36.9   63.2  29.4  51.0  72.7    0 Y11-D36-RSG19
 11.9 SF2  18    0  CRO  35.2  21.1  43.7  80.5  97.3  78.5  13.9  55.5  18.8  32.6  43.9  36.9   63.2  29.4  51.0  72.7    0 Y11-D40-RSG23
 11.9 SF2  18    0  CRO  35.2  21.1  43.7  81.5  97.3  78.5  13.9  55.5  18.8  32.6  43.9  36.9   63.2  29.4  51.0  72.7    0 Y11-D44-RSG27
 11.9 SF2  18    0  CRO  35.2  21.1  43.7  78.7  97.3  78.5  13.9  55.5  18.8  32.6  43.9  36.9   63.2  29.4  51.0  72.7    0 Y11-D45-RSG28
 11.9 SF2  18    0  CRO  35.2  21.1  43.7  78.7  97.3  78.5  13.9  55.5  18.8  32.6  43.9  36.9   64.2  29.4  51.0  72.7    0 Y11-D48-RSG31
 11.9 SF2  18    0  CRO  35.2  20.5  44.3  78.7  97.3  78.5  14.9  55.5  18.8  34.0  43.9  36.9   64.2  31.0  51.0  72.7    0 Y11-D50-RSG33
 11.9 SF2  18    0  CRO  35.2  20.5  44.3  78.7  97.3  78.5  14.9  55.5  18.8  33.9  43.9  36.9   64.2  31.0  51.0  72.7    0 Y11-D52-RSG35
 11.9 SF2  18    0  CRO  35.2  20.5  44.3  78.7  94.5  78.5  14.9  55.5  18.8  33.9  43.9  36.9   64.2  31.0  51.0  72.7    0 Y11-D55-RSG38
 11.9 SF2  18    0  CRO  35.2  20.5  44.3  78.7  94.5  78.5  15.9  55.5  18.8  33.9  43.9  36.9   64.2  31.0  51.0  72.7    0 Y11-D56-RSG39
 11.9 SF2  18    0  CRO  35.2  20.5  44.3  75.9  94.5  78.5  16.9  55.5  16.8  33.9  43.9  36.9   64.2  31.0  51.0  72.7    0 Y11-D58-RSG41
 11.9 SF2  18    0  CRO  35.5  20.4  44.1  75.9  94.5  78.5  16.9  55.5  16.8  33.9  43.9  36.9   64.2  31.0  51.0  72.7    0 Y11-D60-RSG43
 11.9 SF2  18    0  CRO  35.5  20.4  44.1  75.9  94.5  78.5  16.9  55.5  16.8  33.9  43.9  36.9   67.3  31.0  51.0  72.7    0 Y11-D66-RSG49
