Draft Pos Age YPro Team InPro 2JPro 3PPro InEff 2JEff 3PEff  OReb  DReb  BDom PassR PassE InDef PerDef  InFR PerFR FTEff GInj Updated
 11.U SG1  20    0  DRA  35.1  41.7  23.2  68.5  73.1  61.6  16.0  44.9  49.0  38.7  31.0  11.7   81.4  41.9  44.1  82.5    0 Y11-D1-Draft
 11.U SG1  20    0   FA  34.6  41.1  24.3  68.5  73.1  61.6  16.0  44.9  49.0  38.7  31.0  11.7   81.4  41.9  44.1  82.5    0 Y11-D19-RSG2
 11.U SG1  20    0   FA  34.6  41.1  24.3  68.5  73.1  61.6  15.0  44.9  49.0  38.7  31.0  11.7   81.4  41.9  44.1  82.5    0 Y11-D21-RSG4
 11.U SG1  20    0   FA  34.6  41.1  24.3  68.5  73.1  61.6  15.0  44.9  49.0  36.4  31.0  11.7   81.4  41.9  44.1  82.5    0 Y11-D32-RSG15
 11.U SG1  20    0   FA  34.6  41.1  24.3  68.5  73.1  62.6  15.0  44.9  49.0  36.4  31.0  11.7   81.4  41.9  44.1  82.5    0 Y11-D33-RSG16
 11.U SG1  20    0   FA  35.4  40.6  24.0  68.5  73.1  62.6  15.0  44.9  49.0  36.4  31.0  11.7   81.4  41.9  44.1  82.5    0 Y11-D41-RSG24
 11.U SG1  20    0   FA  35.4  40.6  24.0  68.5  73.1  62.6  15.0  44.9  49.0  36.4  31.0  17.0   81.4  41.9  44.1  82.5    0 Y11-D44-RSG27
 11.U SG1  20    0   FA  35.4  40.6  24.0  68.5  74.3  62.6  15.0  44.9  49.0  36.4  31.0  17.0   81.4  41.9  44.1  82.5    0 Y11-D47-RSG30
 11.U SG1  20    0   FA  35.4  40.6  24.0  68.5  74.3  62.6  13.2  44.9  49.0  36.4  31.0  17.0   81.4  41.9  44.1  82.5    0 Y11-D50-RSG33
 11.U SG1  20    0   FA  35.4  40.6  24.0  68.5  74.3  62.6  13.2  44.9  49.0  36.4  31.0  17.0   81.4  41.9  42.5  82.5    0 Y11-D51-RSG34
 11.U SG1  20    0   FA  35.4  40.6  24.0  68.5  74.3  62.6  14.2  44.9  49.0  36.4  31.0  17.0   81.4  41.9  42.5  82.5    0 Y11-D55-RSG38
 11.U SG1  20    0   FA  35.4  40.6  24.0  68.5  74.3  62.6  14.2  44.9  49.0  36.4  31.0  17.0   81.4  41.9  41.5  82.5    0 Y11-D57-RSG40
 11.U SG1  20    0   FA  35.4  40.6  24.0  68.5  74.3  63.6  14.2  44.9  49.0  36.4  31.0  17.0   81.4  41.9  41.5  82.5    0 Y11-D59-RSG42
 11.U SG1  20    0   FA  35.4  40.6  24.0  68.5  74.3  63.6  14.2  44.9  49.0  36.4  32.8  17.0   81.4  41.9  41.5  82.5    0 Y11-D61-RSG44
 11.U SG1  20    0   FA  35.4  40.6  24.0  68.5  74.3  63.6  14.2  44.9  48.6  36.4  32.8  17.0   81.4  41.9  41.5  82.5    0 Y11-D66-RSG49
