Draft Pos Age YPro Team InPro 2JPro 3PPro InEff 2JEff 3PEff  OReb  DReb  BDom PassR PassE InDef PerDef  InFR PerFR FTEff GInj Updated
 11.U SG1  20    0  DRA  36.7  44.4  18.9  86.1  92.8  75.3  16.1  59.9  41.8  52.7  67.9  19.9   50.4  48.3  32.0  84.5    0 Y11-D1-Draft
11.13 SG1  20    0  BRE  36.7  44.4  18.9  86.1  92.8  75.3  16.1  59.9  43.0  52.7  67.9  19.9   50.4  48.3  32.0  84.5    0 Y11-D19-RSG2
11.13 SG1  20    0  BRE  36.7  44.4  18.9  86.1  92.8  75.3  16.1  59.9  43.0  52.7  69.5  19.9   50.4  48.3  32.0  84.5    0 Y11-D20-RSG3
11.13 SG1  20    0  BRE  36.7  44.4  18.9  86.1  92.8  74.3  16.1  59.9  43.0  52.7  69.5  19.9   50.4  48.3  32.0  84.5    0 Y11-D21-RSG4
11.13 SG1  20    0  BRE  36.7  44.4  18.9  86.1  91.7  74.3  16.1  59.9  43.0  52.7  69.5  19.9   50.4  48.3  32.0  84.5    0 Y11-D22-RSG5
11.13 SG1  20    0  BRE  36.4  44.1  19.5  86.1  90.3  74.3  16.1  59.9  43.0  52.7  69.5  19.9   50.4  48.3  32.0  84.5    0 Y11-D24-RSG7
11.13 SG1  20    0  BRE  36.4  44.1  19.5  86.1  90.3  71.8  16.1  59.9  43.0  52.7  69.5  19.9   50.4  48.3  32.0  84.5    0 Y11-D29-RSG12
11.13 SG1  20    0  BRE  36.4  44.1  19.5  86.1  90.3  71.8  16.1  59.9  43.0  52.7  69.5  19.9   50.4  46.2  32.0  84.5    0 Y11-D30-RSG13
11.13 SG1  20    0  BRE  36.4  44.1  19.5  86.1  91.3  71.8  16.1  59.9  43.0  52.7  69.5  19.9   50.4  46.2  32.0  84.5    0 Y11-D34-RSG17
11.13 SG1  20    0  BRE  36.4  44.1  19.5  86.1  91.3  71.8  16.1  59.9  43.0  52.7  69.5  19.9   53.9  46.2  32.0  84.5    0 Y11-D36-RSG19
11.13 SG1  20    0  BRE  36.4  44.1  19.5  86.1  91.3  71.8  16.1  59.9  40.1  52.7  69.5  21.1   53.9  46.2  32.0  84.5    0 Y11-D38-RSG21
11.13 SG1  20    0  BRE  36.4  44.1  19.5  86.1  91.3  71.8  16.1  59.9  40.1  52.7  69.5  21.1   52.9  46.2  32.0  84.5    0 Y11-D40-RSG23
11.13 SG1  20    0  BRE  36.4  44.1  19.5  86.1  91.3  72.8  16.1  59.9  40.1  52.7  69.5  21.1   52.9  46.2  32.0  84.5    0 Y11-D48-RSG31
11.13 SG1  20    0  BRE  36.4  44.1  19.5  86.1  91.3  72.8  17.1  59.9  40.1  52.7  69.5  21.1   52.9  46.2  32.0  84.5    0 Y11-D51-RSG34
11.13 SG1  20    0  BRE  36.4  44.1  19.5  86.1  91.3  72.8  17.1  59.9  40.1  52.7  69.5  22.3   52.9  46.2  32.0  84.5    0 Y11-D52-RSG35
11.13 SG1  20    0  BRE  35.2  44.9  19.9  86.1  91.3  72.8  17.1  60.9  40.1  52.7  69.5  22.3   52.9  46.2  33.0  84.5    0 Y11-D54-RSG37
11.13 SG1  20    0  BRE  35.2  44.9  19.9  87.1  91.3  72.8  17.1  60.9  40.1  52.7  69.5  22.3   52.9  46.2  33.0  84.5    0 Y11-D57-RSG40
11.13 SG1  20    0  BRE  35.2  44.9  19.9  87.1  91.3  72.8  17.1  60.9  40.1  52.7  69.5  22.3   52.9  45.1  33.0  84.5    0 Y11-D62-RSG45
11.13 SG1  20    0  BRE  35.2  44.9  19.9  87.1  91.3  72.8  17.1  60.9  40.1  52.7  69.5  22.3   52.9  45.1  33.0  85.5    0 Y11-D65-RSG48
