Draft Pos Age YPro Team InPro 2JPro 3PPro InEff 2JEff 3PEff  OReb  DReb  BDom PassR PassE InDef PerDef  InFR PerFR FTEff GInj Updated
 11.U PG1  21    0  DRA  26.6  41.1  32.3  59.5  80.3  64.8   5.7  22.8  76.6  71.2  52.1  34.8   70.8  27.0  52.6  77.1    0 Y11-D1-Draft
 11.U PG1  21    0   FA  26.6  41.1  32.3  59.5  80.3  64.8   5.7  22.8  76.6  71.2  52.1  35.8   70.8  27.0  52.6  77.1    0 Y11-D23-RSG6
 11.U PG1  21    0   FA  26.6  41.1  32.3  59.5  80.3  64.8   5.7  22.8  76.6  71.2  52.1  35.8   69.7  27.0  52.6  77.1    0 Y11-D24-RSG7
 11.U PG1  21    0   FA  26.6  41.1  32.3  59.5  80.3  64.8   5.7  22.8  76.6  71.2  49.3  35.8   69.7  27.0  52.6  77.1    0 Y11-D26-RSG9
 11.U PG1  21    0   FA  26.6  41.1  32.3  59.5  80.3  64.8   5.7  22.8  76.6  71.2  49.3  35.8   69.7  27.0  52.6  77.1    4 Y11-D33-RSG16
 11.U PG1  21    0   FA  26.6  41.1  32.3  59.5  80.3  64.8   5.7  22.8  76.6  71.2  49.3  35.8   69.7  27.0  52.6  77.1    2 Y11-D34-RSG17
 11.U PG1  21    0   FA  26.6  41.1  32.3  59.5  80.3  64.8   5.7  22.8  76.6  71.2  49.3  35.8   69.7  27.0  52.6  77.1    1 Y11-D35-RSG18
 11.U PG1  21    0   FA  26.5  41.3  32.2  59.5  80.3  64.8   5.7  22.8  76.6  71.2  49.3  35.8   69.7  27.0  52.6  77.1    1 Y11-D36-RSG19
 11.U PG1  21    0   FA  26.5  41.3  32.2  59.5  80.3  64.8   5.7  22.8  76.6  71.2  49.3  35.8   69.7  27.0  52.6  77.1    0 Y11-D37-RSG20
 11.U PG1  21    0   FA  26.5  41.3  32.2  59.5  80.3  64.8   5.7  22.8  76.6  71.2  49.3  33.9   69.7  27.0  52.6  77.1    0 Y11-D40-RSG23
 11.U PG1  21    0   FA  25.9  41.6  32.5  59.5  80.3  64.8   5.7  22.8  76.6  71.2  49.3  33.9   69.7  27.0  52.6  77.1    0 Y11-D47-RSG30
 11.U PG1  21    0   FA  25.6  41.2  33.2  59.5  80.3  64.8   5.7  22.8  76.6  71.2  49.3  33.9   69.7  27.0  52.6  77.1    0 Y11-D50-RSG33
 11.U PG1  21    0   FA  26.7  40.6  32.7  59.5  80.3  64.8   5.7  22.8  76.6  71.2  49.3  33.9   69.7  27.0  52.6  77.1    0 Y11-D52-RSG35
 11.U PG1  21    0   FA  26.7  40.6  32.7  59.5  80.3  64.8   5.7  22.8  76.6  71.2  49.3  32.9   69.7  27.0  52.6  77.1    0 Y11-D54-RSG37
 11.U PG1  21    0   FA  26.7  40.6  32.7  59.5  80.3  64.8   5.7  21.8  76.6  71.2  49.3  32.9   69.7  27.0  52.6  77.1    0 Y11-D58-RSG41
 11.U PG1  21    0   FA  25.8  41.1  33.1  59.5  80.3  64.8   5.7  21.8  76.6  71.2  49.3  32.9   69.7  27.0  52.6  77.1    0 Y11-D62-RSG45
 11.U PG1  21    0   FA  26.3  40.0  33.7  59.5  80.3  64.8   5.7  21.8  76.6  71.2  49.3  32.9   69.7  27.0  52.6  77.1    0 Y11-D64-RSG47
 11.U PG1  21    0   FA  26.3  40.0  33.7  58.2  80.3  64.8   5.7  21.8  76.6  71.2  49.3  32.9   69.7  27.0  52.6  77.1    0 Y11-D66-RSG49
