Draft Pos Age YPro Team InPro 2JPro 3PPro InEff 2JEff 3PEff  OReb  DReb  BDom PassR PassE InDef PerDef  InFR PerFR FTEff GInj Updated
 11.U PG2  20    0  DRA  31.2  24.7  44.1  43.5  60.8  70.6   5.1  18.7  84.2  73.2  42.8  39.3   72.3  17.2  37.9  79.8    0 Y11-D1-Draft
 11.U PG2  20    0   FA  31.2  24.7  44.1  46.6  60.8  70.6   5.1  18.7  84.2  73.2  42.8  39.3   72.3  17.2  37.9  79.8    0 Y11-D26-RSG9
 11.U PG2  20    0   FA  31.2  24.7  44.1  46.6  60.8  70.6   5.1  18.7  84.2  73.2  42.8  39.3   72.3  17.2  36.9  79.8    0 Y11-D32-RSG15
 11.U PG2  20    0   FA  31.2  24.7  44.1  46.6  60.8  70.6   5.1  18.7  84.2  73.2  42.8  39.3   73.3  17.2  36.9  79.8    0 Y11-D35-RSG18
 11.U PG2  20    0   FA  31.8  24.5  43.7  46.6  60.8  70.6   5.1  18.7  84.2  73.2  42.8  39.3   73.3  17.2  36.9  79.8    0 Y11-D38-RSG21
 11.U PG2  20    0   FA  31.8  24.5  43.7  46.6  60.8  70.6   5.1  17.7  84.2  73.2  42.8  39.3   73.3  17.2  36.9  79.8    0 Y11-D42-RSG25
 11.U PG2  20    0   FA  31.8  24.5  43.7  46.6  60.8  70.6   5.1  17.7  83.1  73.2  42.8  39.3   73.3  17.2  36.9  79.8    0 Y11-D46-RSG29
 11.U PG2  20    0   FA  31.8  24.5  43.7  46.6  60.8  70.6   5.1  17.7  83.1  73.2  47.1  39.3   73.3  17.2  36.9  79.8    0 Y11-D47-RSG30
 11.U PG2  20    0   FA  31.8  24.5  43.7  46.6  60.8  70.6   5.1  17.7  83.1  71.7  47.1  39.3   73.3  17.2  36.9  79.8    0 Y11-D50-RSG33
 11.U PG2  20    0   FA  31.8  24.5  43.7  46.6  60.8  70.6   5.1  17.7  83.1  71.7  47.1  39.3   73.3  17.2  36.9  77.7    0 Y11-D51-RSG34
 11.U PG2  20    0   FA  31.8  24.5  43.7  46.6  62.0  70.6   5.1  17.7  83.1  71.7  47.1  39.3   73.3  17.2  36.9  77.7    0 Y11-D52-RSG35
 11.U PG2  20    0   FA  31.8  24.5  43.7  46.6  62.0  70.6   5.1  17.7  83.1  71.7  47.1  39.3   73.3  17.2  36.9  78.7    0 Y11-D55-RSG38
 11.U PG2  20    0   FA  31.8  24.5  43.7  46.6  62.0  70.6   5.1  17.7  83.1  71.7  47.1  39.3   73.3  17.2  36.9  78.7    6 Y11-D56-RSG39
 11.U PG2  20    0   FA  31.8  24.5  43.7  46.6  62.0  70.6   5.1  17.7  83.1  71.7  47.1  39.3   73.3  17.2  36.9  78.7    6 Y11-D57-RSG40
 11.U PG2  20    0   FA  31.8  24.5  43.7  46.6  62.0  70.6   5.1  17.7  83.1  71.7  47.1  39.3   73.3  17.2  36.9  78.7   14 Y11-D58-RSG41
 11.U PG2  20    0   FA  31.8  24.5  43.7  46.6  62.0  70.6   5.1  17.7  83.1  71.7  47.1  39.3   73.3  17.2  36.9  78.7   14 Y11-D59-RSG42
 11.U PG2  20    0   FA  31.8  24.5  43.7  46.6  62.0  70.6   5.1  17.7  83.1  71.7  47.1  39.3   73.3  17.2  36.9  78.7   14 Y11-D60-RSG43
 11.U PG2  20    0   FA  31.8  24.5  43.7  46.6  62.0  70.6   5.1  17.7  83.1  71.7  47.1  39.3   73.3  17.2  36.9  78.7   12 Y11-D61-RSG44
 11.U PG2  20    0   FA  31.8  24.5  43.7  46.6  62.0  70.6   5.1  17.7  83.1  71.7  47.1  39.3   73.3  17.2  36.9  78.7   11 Y11-D62-RSG45
 11.U PG2  20    0   FA  31.8  24.5  43.7  46.6  62.0  70.6   5.1  17.7  83.1  71.7  47.1  39.3   73.3  17.2  36.9  78.7   10 Y11-D63-RSG46
 11.U PG2  20    0   FA  31.8  24.5  43.7  46.6  62.0  70.6   5.1  17.7  83.1  71.7  47.1  39.3   73.3  17.2  36.9  78.7    9 Y11-D64-RSG47
 11.U PG2  20    0   FA  31.8  24.5  43.7  46.6  59.4  70.6   5.1  17.7  83.1  71.7  47.1  39.3   73.3  17.2  36.9  78.7    8 Y11-D65-RSG48
 11.U PG2  20    0   FA  31.8  24.5  43.7  46.6  59.4  70.6   5.1  17.7  85.1  71.7  47.1  39.3   73.3  17.2  36.9  78.7    7 Y11-D66-RSG49
