Draft Pos Age YPro Team InPro 2JPro 3PPro InEff 2JEff 3PEff  OReb  DReb  BDom PassR PassE InDef PerDef  InFR PerFR FTEff GInj Updated
  5.1  C1  26    6  RAY  63.8  34.2   2.0  97.0  66.0  31.0  36.0  78.0   5.0   8.0  37.0  90.0   12.0  83.0   8.0  86.0    0 Y11-D20-RSG3
  5.1  C1  26    6  RAY  63.8  34.2   2.0  97.0  66.0  31.0  36.0  78.0   5.0   6.2  37.0  90.0   10.4  83.0   8.0  86.0    0 Y11-D21-RSG4
  5.1  C1  26    6  RAY  63.8  34.2   2.0  97.0  66.0  31.0  36.0  78.0   5.0   6.2  38.0  90.0   10.4  83.0   8.0  86.0    0 Y11-D29-RSG12
  5.1  C1  26    6  RAY  63.5  34.0   2.5  97.0  66.0  31.0  36.0  78.0   5.0   6.2  38.0  90.0   10.4  83.0   8.0  86.0    0 Y11-D30-RSG13
  5.1  C1  26    6  RAY  63.5  34.0   2.5  99.3  66.0  31.0  36.0  78.0   6.9   6.2  38.0  90.0   10.4  83.0   8.0  86.0    0 Y11-D31-RSG14
  5.1  C1  26    6  RAY  63.5  34.0   2.5  99.3  66.0  31.0  36.0  78.0   6.9   6.2  38.0  90.0   10.4  84.0   8.0  86.0    0 Y11-D35-RSG18
  5.1  C1  26    6  RAY  63.1  34.4   2.5  99.3  63.2  31.0  37.0  78.0   6.9   6.2  38.0  90.0   10.4  84.0   8.0  86.0    0 Y11-D37-RSG20
  5.1  C1  26    6  RAY  63.1  34.4   2.5  99.3  63.2  31.0  37.0  78.0   6.1   6.2  38.0  90.0   10.4  84.0   8.0  86.0    0 Y11-D39-RSG22
  5.1  C1  26    6  RAY  63.5  34.0   2.5  99.3  63.2  31.0  37.0  78.0   6.1   6.2  38.0  90.0   10.4  84.0   8.0  86.0    0 Y11-D40-RSG23
  5.1  C1  26    6  RAY  63.5  34.0   2.5  99.3  63.2  31.0  37.0  78.0   6.1   6.2  38.0  90.0    9.0  84.0   8.0  86.0    0 Y11-D41-RSG24
  5.1  C1  26    6  RAY  63.5  34.0   2.5  99.3  63.2  31.0  36.0  78.0   6.1   6.2  38.0  90.0    9.0  84.0   8.0  86.0    0 Y11-D44-RSG27
