Draft Pos Age YPro Team InPro 2JPro 3PPro InEff 2JEff 3PEff  OReb  DReb  BDom PassR PassE InDef PerDef  InFR PerFR FTEff GInj Updated
 5.17 SF1  26    6  LAT  46.3  33.2  20.5  95.0  72.0  89.0  33.0  77.0  41.0  23.0  58.0  66.0   70.0  59.0  42.0  78.0    0 Y11-D20-RSG3
 5.17 SF1  26    6  LAT  46.3  33.2  20.5  95.0  72.0  89.0  33.0  75.3  41.0  23.0  58.0  66.0   70.0  59.0  42.0  78.0    0 Y11-D23-RSG6
 5.17 SF1  26    6  LAT  45.3  34.6  20.1  95.0  72.0  89.0  32.0  75.3  41.0  23.0  58.0  66.0   70.0  59.0  42.0  78.0    0 Y11-D24-RSG7
 5.17 SF1  26    6  LAT  45.3  34.6  20.1  95.0  72.0  89.0  30.2  75.3  41.0  23.0  58.0  66.0   70.0  59.0  42.0  78.0    0 Y11-D29-RSG12
 5.17 SF1  26    6  LAT  45.3  34.6  20.1  95.0  72.0  89.0  30.2  75.3  41.0  24.1  58.0  66.0   70.0  59.0  42.0  78.0    0 Y11-D31-RSG14
 5.17 SF1  26    6  LAT  46.0  33.6  20.4  95.0  72.0  89.0  30.2  75.3  41.0  24.1  58.0  66.0   70.0  59.0  42.0  78.0    0 Y11-D33-RSG16
 5.17 SF1  26    6  LAT  44.6  34.5  20.9  95.0  72.0  89.0  30.2  76.6  41.0  24.1  58.0  66.0   71.0  59.0  42.0  78.0    0 Y11-D34-RSG17
 5.17 SF1  26    6  LAT  44.2  34.7  21.1  94.0  72.0  89.0  30.2  76.6  41.0  22.7  58.0  66.0   71.0  59.0  42.0  78.0    0 Y11-D35-RSG18
 5.17 SF1  26    6  LAT  43.3  36.0  20.7  92.7  72.0  89.0  30.2  76.6  41.0  22.7  58.0  66.0   71.0  59.0  42.0  78.0    0 Y11-D41-RSG24
 5.17 SF1  26    6  LAT  43.3  36.0  20.7  92.7  72.0  89.0  30.2  76.6  41.0  22.7  58.0  65.0   71.0  59.0  42.0  78.0    0 Y11-D43-RSG26
