Draft Pos Age YPro Team InPro 2JPro 3PPro InEff 2JEff 3PEff  OReb  DReb  BDom PassR PassE InDef PerDef  InFR PerFR FTEff GInj Updated
  5.8 SG1  26    6  LAT  42.0  37.0  21.0  87.0  98.0 107.0  20.7  60.0  75.0  40.0  68.0  31.0   79.0  57.0  48.0  71.0    0 Y11-D19-RSG2
  5.8 SG1  26    6  LAT  42.0  37.0  21.0  84.1  98.0 107.0  20.7  60.0  75.0  40.0  68.0  31.0   80.2  57.0  48.0  71.0    0 Y11-D21-RSG4
  5.8 SG1  26    6  LAT  42.0  37.0  21.0  85.1  98.0 107.0  20.7  60.0  75.0  40.0  68.0  31.0   80.2  57.0  48.0  71.0    0 Y11-D22-RSG5
  5.8 SG1  26    6  LAT  42.0  37.0  21.0  85.1  98.0 107.0  20.7  60.0  75.0  40.0  66.8  31.0   80.2  57.0  48.0  71.0    0 Y11-D23-RSG6
  5.8 SG1  26    6  LAT  43.2  35.2  21.6  85.1  98.0 107.0  20.7  61.0  75.0  40.0  67.8  31.0   80.2  57.0  48.0  71.0    0 Y11-D27-RSG10
  5.8 SG1  26    6  LAT  43.2  35.2  21.6  85.1  98.0 107.0  20.7  62.0  75.0  40.0  67.8  31.0   80.2  57.0  48.0  71.0    0 Y11-D29-RSG12
  5.8 SG1  26    6  LAT  43.2  35.2  21.6  85.1  98.0 107.0  20.7  62.0  75.0  41.2  67.8  31.0   81.8  57.0  48.0  71.0    0 Y11-D35-RSG18
  5.8 SG1  26    6  LAT  42.5  34.7  22.8  85.1  98.0 107.0  20.7  62.0  75.0  41.2  67.8  31.0   81.8  57.0  48.0  71.0    0 Y11-D38-RSG21
  5.8 SG1  26    6  LAT  42.5  34.7  22.8  85.1  98.0 107.0  20.7  62.0  75.0  41.2  68.8  31.0   81.8  57.0  48.0  71.0    0 Y11-D42-RSG25
