Draft Pos Age YPro Team InPro 2JPro 3PPro InEff 2JEff 3PEff  OReb  DReb  BDom PassR PassE InDef PerDef  InFR PerFR FTEff GInj Updated
  6.3 PG2  25    5  CRO  22.0  29.0  49.0  73.0  98.0 105.0  13.0  37.0  62.0  50.8  73.0  15.0   81.0  37.0  92.0  83.0    0 Y11-D18-RSG1
  6.3 PG2  25    5  CRO  22.0  29.0  49.0  73.0  98.0 102.3  13.0  37.0  62.0  50.8  73.0  15.0   81.0  37.0  92.0  83.0    0 Y11-D20-RSG3
  6.3 PG2  25    5  CRO  22.0  29.0  49.0  73.0  98.0 102.3  13.0  37.0  62.0  50.8  76.7  15.0   81.0  37.0  92.0  83.0    0 Y11-D21-RSG4
  6.3 PG2  25    5  CRO  22.0  29.0  49.0  73.0  98.0 102.3  13.0  34.9  62.0  52.9  76.7  15.0   81.0  37.0  92.0  83.0    0 Y11-D24-RSG7
  6.3 PG2  25    5  CRO  22.0  29.0  49.0  73.0  98.0 102.3  13.0  34.9  62.0  52.9  76.7  15.0   79.7  37.0  92.0  83.0    0 Y11-D28-RSG11
  6.3 PG2  25    5  CRO  22.2  28.3  49.5  73.0  98.0 102.3  13.0  34.9  62.0  52.9  76.7  15.0   79.7  37.0  92.0  83.0    0 Y11-D30-RSG13
  6.3 PG2  25    5  CRO  22.2  28.3  49.5  73.0  98.0 102.3  13.0  34.9  62.0  52.9  77.7  15.0   79.7  37.0  92.0  83.0    0 Y11-D34-RSG17
  6.3 PG2  25    5  CRO  22.8  26.4  50.8  74.0  98.0 102.3  13.0  34.9  62.0  52.9  77.7  15.0   79.7  37.0  93.0  83.0    0 Y11-D36-RSG19
  6.3 PG2  25    5  CRO  23.0  26.4  50.6  74.0  98.0 102.3  13.0  34.9  62.0  52.3  77.7  15.0   79.7  37.0  93.0  83.0    0 Y11-D40-RSG23
