Draft Pos Age YPro Team InPro 2JPro 3PPro InEff 2JEff 3PEff  OReb  DReb  BDom PassR PassE InDef PerDef  InFR PerFR FTEff GInj Updated
  6.1 PG2  25    5  WIL  33.0  30.0  37.0  75.0  94.0 108.0  20.0  40.0  90.0  63.0  81.0   9.0   87.0  43.0  53.0  76.0    0 Y11-D18-RSG1
  6.1 PG2  25    5  WIL  33.0  30.0  37.0  75.0  94.0 108.0  19.0  40.0  90.0  63.0  81.0   9.0   87.0  43.0  53.0  76.0    0 Y11-D20-RSG3
  6.1 PG2  25    5  WIL  33.0  30.0  37.0  75.0  94.0 108.0  19.0  40.0  90.0  63.0  81.0  10.0   87.0  43.0  53.0  76.0    0 Y11-D23-RSG6
  6.1 PG2  25    5  WIL  33.0  30.0  37.0  75.0  94.0 108.0  19.0  40.0  90.0  63.0  81.0  10.0   87.0  43.0  53.0  77.6    0 Y11-D26-RSG9
  6.1 PG2  25    5  WIL  33.0  30.0  37.0  75.0  94.0 108.0  19.0  40.0  90.0  63.0  81.0  10.0   87.0  44.0  53.0  77.6    0 Y11-D29-RSG12
  6.1 PG2  25    5  WIL  33.9  30.8  35.3  75.0  94.0 108.0  19.0  40.0  90.0  63.0  81.0  10.0   87.0  44.0  53.0  77.6    0 Y11-D30-RSG13
  6.1 PG2  25    5  WIL  34.2  30.1  35.7  75.0  94.0 109.0  19.0  40.0  90.0  63.0  81.0  10.0   87.0  44.0  53.0  77.6    0 Y11-D32-RSG15
  6.1 PG2  25    5  WIL  34.2  30.1  35.7  75.0  94.0 109.0  20.0  40.0  90.0  63.0  81.0  10.0   87.0  44.0  53.0  77.6    0 Y11-D33-RSG16
  6.1 PG2  25    5  WIL  34.8  30.6  34.6  75.0  94.0 106.6  20.0  40.0  90.0  63.0  81.0  10.0   87.0  44.0  53.0  77.6    0 Y11-D36-RSG19
  6.1 PG2  25    5  WIL  34.8  30.6  34.6  75.0  94.0 107.6  20.0  40.0  90.0  63.0  81.0  10.0   87.0  44.0  53.0  77.6    0 Y11-D37-RSG20
