Draft Pos Age YPro Team InPro 2JPro 3PPro InEff 2JEff 3PEff  OReb  DReb  BDom PassR PassE InDef PerDef  InFR PerFR FTEff GInj Updated
  7.2  C1  24    4  KEN  52.7  40.2   7.1 108.0  79.0  50.0  50.0 113.0  57.0  27.0  54.0 109.0   26.0  58.0   9.0  68.0    0 Y11-D22-RSG5
  7.2  C1  24    4  KEN  52.7  40.2   7.1 108.0  79.0  50.0  50.0 113.0  57.0  27.0  54.0 109.0   26.0  58.0   7.9  68.0    0 Y11-D25-RSG8
  7.2  C1  24    4  KEN  52.7  40.2   7.1 108.0  80.0  50.0  50.0 113.0  57.0  27.0  54.0 109.0   26.0  58.0   7.9  68.0    0 Y11-D29-RSG12
  7.2  C1  24    4  KEN  52.7  40.2   7.1 108.0  80.0  50.0  50.0 113.0  57.0  27.0  54.0 109.0   26.0  58.0   8.9  68.0    0 Y11-D33-RSG16
  7.2  C1  24    4  KEN  52.7  40.2   7.1 107.0  80.0  50.0  50.0 113.0  57.0  27.0  54.0 109.0   26.0  58.0   8.9  68.0    0 Y11-D35-RSG18
  7.2  C1  24    4  KEN  52.7  40.2   7.1 107.0  80.0  50.0  50.0 113.0  57.0  27.0  54.0 109.0   26.0  58.0   8.9  68.0   15 Y11-D36-RSG19
  7.2  C1  24    4  KEN  52.7  40.2   7.1 108.3  80.0  50.0  50.0 113.0  57.0  27.0  54.0 109.0   26.0  58.0   8.9  68.0   14 Y11-D37-RSG20
  7.2  C1  24    4  KEN  52.7  40.2   7.1 108.3  80.0  50.0  50.0 113.0  57.0  27.0  54.0 109.0   26.0  58.0   8.9  68.0   13 Y11-D38-RSG21
  7.2  C1  24    4  KEN  52.7  40.2   7.1 108.3  80.0  50.0  50.0 113.0  57.0  27.0  54.0 109.0   26.0  58.0   8.9  68.0   12 Y11-D39-RSG22
  7.2  C1  24    4  KEN  52.7  40.2   7.1 108.3  80.0  50.0  50.0 113.0  57.0  27.0  54.0 109.0   26.0  58.0   8.9  68.0   10 Y11-D40-RSG23
  7.2  C1  24    4  KEN  52.7  40.2   7.1 108.3  80.0  50.0  50.0 113.0  57.0  27.0  54.0 109.0   26.0  58.0   7.9  68.0    9 Y11-D41-RSG24
  7.2  C1  24    4  KEN  52.7  40.2   7.1 108.3  80.0  50.0  50.0 113.0  57.0  27.0  54.0 109.0   26.0  58.0   7.9  68.0    8 Y11-D42-RSG25
  7.2  C1  24    4  KEN  52.7  40.2   7.1 108.3  80.0  50.0  50.0 113.0  57.0  27.0  54.0 109.0   26.0  58.0   7.9  68.0    7 Y11-D43-RSG26
  7.2  C1  24    4  KEN  52.7  40.2   7.1 108.3  80.0  50.0  50.0 113.0  57.0  27.0  54.0 109.0   23.4  58.0   7.9  68.0    6 Y11-D44-RSG27
