Draft Pos Age YPro Team InPro 2JPro 3PPro InEff 2JEff 3PEff  OReb  DReb  BDom PassR PassE InDef PerDef  InFR PerFR FTEff GInj Updated
  7.3 SF1  24    4  HAR  34.0  28.0  38.0  98.0  93.4 100.0  33.0  74.0   9.0  39.0  57.0  66.0   56.0  54.0  38.0  73.0    0 Y11-D20-RSG3
  7.3 SF1  24    4  HAR  34.0  28.0  38.0  98.0  93.4 100.0  33.0  74.0   9.0  39.0  57.0  66.0   56.0  54.0  37.0  73.0    0 Y11-D22-RSG5
  7.3 SF1  24    4  HAR  34.0  28.0  38.0  98.0  93.4 100.0  32.0  74.0   9.0  39.0  57.0  66.0   55.0  54.0  37.0  73.0    0 Y11-D23-RSG6
  7.3 SF1  24    4  HAR  35.6  27.3  37.1  99.0  93.4 100.0  32.0  74.0   9.0  39.0  57.0  68.3   55.0  54.0  37.0  73.0    0 Y11-D27-RSG10
  7.3 SF1  24    4  HAR  35.6  27.3  37.1  99.0  93.4 100.0  33.0  74.0   9.0  39.0  57.0  68.3   55.0  54.0  37.0  73.0    0 Y11-D29-RSG12
  7.3 SF1  24    4  HAR  35.6  27.3  37.1  99.0  93.4 100.0  33.0  74.0   7.2  39.0  57.0  68.3   55.0  54.0  37.0  73.0    0 Y11-D31-RSG14
  7.3 SF1  24    4  HAR  35.6  27.3  37.1  99.0  93.4 100.0  33.0  74.0   7.2  39.0  55.8  68.3   55.0  54.0  37.0  73.0    0 Y11-D33-RSG16
  7.3 SF1  24    4  HAR  35.6  27.3  37.1  99.0  93.4 100.0  33.0  75.0   7.2  39.0  55.8  68.3   55.0  54.0  37.0  73.0    0 Y11-D35-RSG18
  7.3 SF1  24    4  HAR  36.3  25.8  37.9  99.0  94.9 100.0  33.0  75.0   7.2  39.0  55.8  68.3   55.0  54.0  37.0  73.0    0 Y11-D37-RSG20
  7.3 SF1  24    4  HAR  36.3  25.8  37.9  99.0  94.9 100.0  34.0  75.0   7.2  39.0  55.8  68.3   55.0  54.0  37.0  73.0    0 Y11-D39-RSG22
  7.3 SF1  24    4  HAR  36.3  25.8  37.9  99.0  94.9 100.0  34.0  76.0   7.2  39.0  55.8  68.3   55.0  54.0  37.0  73.0    0 Y11-D44-RSG27
