Draft Pos Age YPro Team InPro 2JPro 3PPro InEff 2JEff 3PEff  OReb  DReb  BDom PassR PassE InDef PerDef  InFR PerFR FTEff GInj Updated
  8.1  C1  23    3  HAR  82.9  16.0   1.1 112.0  70.0  52.0  37.0  77.0   4.0  28.0  37.0  83.0   30.0  75.0   7.0  64.0    0 Y11-D21-RSG4
  8.1  C1  23    3  HAR  82.9  16.0   1.1 112.0  71.0  52.0  37.0  77.0   4.0  28.0  37.0  83.0   30.0  75.0   7.0  64.0    0 Y11-D23-RSG6
  8.1  C1  23    3  HAR  82.9  16.0   1.1 112.0  71.0  52.0  37.0  77.0   4.0  28.0  37.0  84.0   30.0  75.0   7.0  64.0    0 Y11-D24-RSG7
  8.1  C1  23    3  HAR  83.2  16.1   0.7 112.0  71.0  52.0  37.0  77.0   4.0  28.0  37.0  84.0   30.0  75.0   7.0  64.0    0 Y11-D27-RSG10
  8.1  C1  23    3  HAR  83.4  15.9   0.7 112.0  71.0  52.0  35.7  77.0   5.9  28.0  37.0  84.0   30.0  75.0   7.0  64.0    0 Y11-D31-RSG14
  8.1  C1  23    3  HAR  83.4  15.9   0.7 112.0  71.0  52.0  35.7  77.0   7.9  28.0  37.0  84.0   30.0  75.0   7.0  64.0    0 Y11-D33-RSG16
  8.1  C1  23    3  HAR  83.4  15.9   0.7 112.0  71.0  54.0  35.7  77.0   7.9  28.0  37.0  84.0   30.0  75.0   7.0  64.0    0 Y11-D35-RSG18
  8.1  C1  23    3  HAR  83.4  15.9   0.7 112.0  71.0  54.0  35.7  77.0   7.9  28.0  37.0  84.0   31.0  76.0   7.0  64.0    0 Y11-D37-RSG20
  8.1  C1  23    3  HAR  83.4  15.9   0.7 112.0  71.0  54.0  35.7  77.0   7.9  26.2  37.0  84.0   31.0  76.0   8.0  64.0    0 Y11-D39-RSG22
  8.1  C1  23    3  HAR  83.4  15.9   0.7 112.0  71.0  54.0  35.7  77.0   7.9  26.2  37.0  84.0   31.0  76.0   9.0  64.0    0 Y11-D42-RSG25
