Draft Pos Age YPro Team InPro 2JPro 3PPro InEff 2JEff 3PEff  OReb  DReb  BDom PassR PassE InDef PerDef  InFR PerFR FTEff GInj Updated
  8.9 PF1  23    3  WIL  69.9  29.9   0.2  94.0  82.0  35.0  26.0  71.0  24.0  27.0  45.0  78.0   51.0  63.0   6.0  80.0    7 Y11-D18-RSG1
  8.9 PF1  23    3  WIL  69.9  29.9   0.2  94.0  82.0  35.0  26.0  71.0  24.0  27.0  45.0  78.0   51.0  63.0   6.0  80.0    6 Y11-D19-RSG2
  8.9 PF1  23    3  WIL  69.9  29.9   0.2  94.0  82.0  35.0  26.0  71.0  24.0  27.0  45.0  78.0   51.0  63.0   6.0  80.0    4 Y11-D20-RSG3
  8.9 PF1  23    3  WIL  69.9  29.9   0.2  94.0  82.0  35.0  26.0  71.0  24.0  27.0  45.0  78.0   51.0  63.0   6.0  80.0    3 Y11-D21-RSG4
  8.9 PF1  23    3  WIL  69.9  29.9   0.2  94.0  82.0  35.0  26.0  71.0  24.0  27.0  45.0  78.0   51.0  63.0   6.0  80.0    2 Y11-D22-RSG5
  8.9 PF1  23    3  WIL  69.9  29.9   0.2  92.1  82.0  35.0  26.0  71.0  24.0  27.0  45.0  78.0   51.0  63.0   6.0  80.0    2 Y11-D23-RSG6
  8.9 PF1  23    3  WIL  69.9  29.9   0.2  92.1  82.0  35.0  26.0  71.0  24.0  27.0  45.0  78.0   51.0  63.0   6.0  80.0    0 Y11-D24-RSG7
  8.9 PF1  23    3  WIL  69.9  29.9   0.2  92.1  82.0  35.0  26.0  71.0  24.0  29.0  45.0  78.0   51.0  63.0   6.0  80.0    0 Y11-D26-RSG9
  8.9 PF1  23    3  WIL  69.9  29.9   0.2  92.1  82.0  35.0  26.0  71.0  24.0  29.0  45.0  78.0   51.0  63.0   6.0  80.0    4 Y11-D28-RSG11
  8.9 PF1  23    3  WIL  69.9  29.9   0.2  92.1  82.0  35.0  26.0  71.0  24.0  29.0  45.0  78.0   51.0  63.0   6.0  80.0    3 Y11-D29-RSG12
  8.9 PF1  23    3  WIL  69.9  29.9   0.2  92.1  82.0  35.0  26.0  71.0  24.0  29.0  45.0  78.0   49.9  63.0   6.0  80.0    1 Y11-D30-RSG13
  8.9 PF1  23    3  WIL  69.9  29.9   0.2  92.1  82.0  35.0  26.0  71.0  24.0  29.0  45.0  78.0   49.9  63.0   6.0  80.0    0 Y11-D31-RSG14
  8.9 PF1  23    3  WIL  69.9  29.9   0.2  92.1  82.0  35.0  26.0  71.0  24.0  29.0  45.0  78.0   49.9  65.0   6.0  80.0    0 Y11-D39-RSG22
  8.9 PF1  23    3  WIL  69.7  30.1   0.2  92.1  83.0  35.0  26.0  71.0  24.0  29.0  45.0  76.8   49.9  65.0   6.0  80.0    0 Y11-D44-RSG27
