Draft Pos Age YPro Team InPro 2JPro 3PPro InEff 2JEff 3PEff  OReb  DReb  BDom PassR PassE InDef PerDef  InFR PerFR FTEff GInj Updated
  8.7 SF2  23    3  WIL  26.0  29.0  45.0  77.0 114.0  98.0  18.0  43.0  21.0  42.0  59.0  37.0   78.0  47.0  64.0  85.0    2 Y11-D18-RSG1
  8.7 SF2  23    3  WIL  26.0  29.0  45.0  77.0 114.0  98.0  18.0  43.0  21.0  42.0  59.0  37.0   78.0  47.0  64.0  85.0    1 Y11-D19-RSG2
  8.7 SF2  23    3  WIL  26.0  29.0  45.0  77.0 114.0  98.0  18.0  43.0  21.0  42.0  59.0  37.0   78.0  47.0  64.0  85.0    1 Y11-D20-RSG3
  8.7 SF2  23    3  WIL  26.0  29.0  45.0  77.0 114.0  98.0  18.0  43.0  21.0  42.0  59.0  37.0   78.0  47.0  64.0  85.0    0 Y11-D21-RSG4
  8.7 SF2  23    3  WIL  26.0  29.0  45.0  76.0 114.0  98.0  18.0  43.0  21.0  42.0  59.0  37.0   78.0  47.0  64.0  85.0    0 Y11-D28-RSG11
  8.7 SF2  23    3  WIL  26.0  29.0  45.0  77.0 114.0  99.0  18.0  43.0  21.0  42.0  59.0  37.0   78.0  47.0  64.0  85.0    0 Y11-D31-RSG14
  8.7 SF2  23    3  WIL  26.0  29.0  45.0  77.0 114.0  99.0  18.0  43.0  21.0  42.0  59.0  37.0   78.0  47.0  64.0  83.1    0 Y11-D35-RSG18
  8.7 SF2  23    3  WIL  26.0  29.0  45.0  77.0 114.0  99.0  18.0  43.0  21.0  42.0  57.6  37.0   77.0  47.0  64.0  83.1    0 Y11-D36-RSG19
  8.7 SF2  23    3  WIL  26.0  29.0  45.0  77.0 114.0  96.4  18.0  43.0  21.0  42.0  57.6  37.0   77.0  47.0  64.0  83.1    0 Y11-D40-RSG23
  8.7 SF2  23    3  WIL  26.0  29.0  45.0  77.0 114.0  96.4  18.0  43.0  21.0  42.0  57.6  36.0   77.0  47.0  64.0  83.1    0 Y11-D43-RSG26
  8.7 SF2  23    3  WIL  26.0  29.0  45.0  77.0 114.0  96.4  17.0  43.0  21.0  42.0  57.6  36.0   77.0  47.0  64.0  83.1    0 Y11-D44-RSG27
