Draft Pos Age YPro Team InPro 2JPro 3PPro InEff 2JEff 3PEff  OReb  DReb  BDom PassR PassE InDef PerDef  InFR PerFR FTEff GInj Updated
  8.6 SG1  23    3  HAR  20.0  37.0  43.0  72.0 108.0  94.0  16.0  47.0  53.0  52.0  61.0  58.0   70.0  49.0  53.0  76.0    0 Y11-D21-RSG4
  8.6 SG1  23    3  HAR  20.0  37.0  43.0  72.0 109.0  94.0  16.0  47.0  53.0  52.0  61.0  58.0   70.0  49.0  53.0  76.0    0 Y11-D23-RSG6
  8.6 SG1  23    3  HAR  20.0  37.0  43.0  71.0 109.0  94.0  16.0  47.0  53.0  52.0  61.0  58.0   70.0  49.0  53.0  76.0    0 Y11-D25-RSG8
  8.6 SG1  23    3  HAR  20.0  37.0  43.0  71.0 109.0  94.0  16.0  47.0  55.6  52.0  61.0  56.2   70.0  49.0  53.0  77.0    0 Y11-D31-RSG14
  8.6 SG1  23    3  HAR  20.0  37.0  43.0  71.0 110.0  94.0  16.0  47.0  55.6  52.0  61.0  56.2   70.0  49.0  53.0  77.0    0 Y11-D32-RSG15
  8.6 SG1  23    3  HAR  20.0  37.0  43.0  71.0 110.0  94.0  16.0  47.0  53.3  52.0  61.0  56.2   70.0  49.0  53.0  77.0    0 Y11-D33-RSG16
  8.6 SG1  23    3  HAR  19.9  36.8  43.3  71.0 110.0  94.0  16.0  47.0  53.3  52.0  61.0  56.2   70.0  49.0  53.0  77.0    0 Y11-D34-RSG17
  8.6 SG1  23    3  HAR  19.9  36.8  43.3  71.0 110.0  94.0  17.0  47.0  53.3  52.0  61.0  56.2   70.0  49.0  53.0  77.0    0 Y11-D37-RSG20
  8.6 SG1  23    3  HAR  19.9  36.8  43.3  71.0 110.0  94.0  17.0  47.0  51.7  52.0  61.0  56.2   70.0  49.0  53.0  77.0    0 Y11-D38-RSG21
  8.6 SG1  23    3  HAR  19.2  37.1  43.7  71.0 110.0  94.0  17.0  47.0  50.5  52.0  61.0  56.2   70.0  49.0  53.0  78.0    0 Y11-D42-RSG25
