Draft Pos Age YPro Team InPro 2JPro 3PPro InEff 2JEff 3PEff  OReb  DReb  BDom PassR PassE InDef PerDef  InFR PerFR FTEff GInj Updated
 8.11 PG1  23    3  BRE  32.0  29.0  39.0  99.0  96.7  81.0  20.0  29.0  88.0  53.0  57.0  19.0  108.0  48.0  40.0  92.0    0 Y11-D20-RSG3
 8.11 PG1  23    3  BRE  32.0  29.0  39.0  97.8  96.7  81.0  21.0  29.0  88.0  53.0  57.0  19.0  108.0  48.0  40.0  93.0    0 Y11-D22-RSG5
 8.11 PG1  23    3  BRE  32.4  28.2  39.4  97.8  96.7  81.0  21.0  30.7  88.0  53.0  57.0  19.0  108.0  49.0  40.0  93.0    0 Y11-D24-RSG7
 8.11 PG1  23    3  BRE  31.3  28.7  40.0  97.8  96.7  81.0  21.0  30.7  88.0  53.0  57.0  19.0  108.0  49.0  40.0  93.0    0 Y11-D29-RSG12
 8.11 PG1  23    3  BRE  31.3  28.7  40.0  97.8  96.7  81.0  21.0  29.7  88.0  53.0  57.0  19.0  108.0  49.0  40.0  93.0    0 Y11-D31-RSG14
 8.11 PG1  23    3  BRE  31.3  28.7  40.0  97.8  96.7  81.0  21.0  29.7  88.0  53.0  57.0  19.0  108.0  49.0  41.2  93.0    0 Y11-D34-RSG17
 8.11 PG1  23    3  BRE  31.1  28.5  40.4  97.8  96.7  81.0  21.0  29.7  88.0  53.0  57.0  19.0  108.0  49.0  41.2  93.0    0 Y11-D36-RSG19
 8.11 PG1  23    3  BRE  29.8  29.0  41.2  97.8  96.7  81.0  21.0  29.7  89.3  53.0  57.0  19.0  108.0  49.0  41.2  93.0    0 Y11-D38-RSG21
 8.11 PG1  23    3  BRE  29.8  29.0  41.2  97.8  96.7  81.0  21.0  29.7  89.3  53.0  57.0  20.3  108.0  49.0  41.2  93.0    0 Y11-D40-RSG23
 8.11 PG1  23    3  BRE  29.8  29.0  41.2  97.8  96.7  81.0  21.0  27.9  89.3  53.0  57.0  20.3  108.0  49.0  41.2  93.0    0 Y11-D41-RSG24
