Draft Pos Age YPro Team InPro 2JPro 3PPro InEff 2JEff 3PEff  OReb  DReb  BDom PassR PassE InDef PerDef  InFR PerFR FTEff GInj Updated
  9.1  C1  22    2  CRO  63.0  34.0   3.0 102.0  73.0  56.0  32.0 105.0  21.0  32.0  57.0 104.0   23.0  90.0   6.0  75.0    0 Y11-D18-RSG1
  9.1  C1  22    2  CRO  63.3  33.7   3.0 102.0  73.0  56.0  32.0 105.0  21.0  33.1  57.0 104.0   23.0  90.0   6.0  76.0    0 Y11-D22-RSG5
  9.1  C1  22    2  CRO  64.0  33.0   3.0 102.0  73.0  56.0  32.0 105.0  21.0  33.1  57.0 104.0   23.0  90.0   6.0  76.0    0 Y11-D26-RSG9
  9.1  C1  22    2  CRO  64.9  32.4   2.7 102.0  73.0  56.0  32.0 105.0  21.0  33.1  57.0 104.0   23.0  90.0   6.0  76.0    0 Y11-D28-RSG11
  9.1  C1  22    2  CRO  64.0  33.3   2.7 102.0  73.0  56.0  32.0 105.0  21.0  33.1  57.0 104.0   23.0  90.0   6.0  76.0    0 Y11-D37-RSG20
  9.1  C1  22    2  CRO  64.0  33.3   2.7 102.0  73.0  56.0  32.0 105.0  21.0  33.1  57.0 104.0   23.0  91.0   6.0  76.0    0 Y11-D38-RSG21
  9.1  C1  22    2  CRO  64.3  33.4   2.3 102.0  73.0  56.0  32.0 106.0  21.0  33.1  57.0 104.0   23.0  91.0   6.0  76.0    0 Y11-D40-RSG23
  9.1  C1  22    2  CRO  64.3  33.4   2.3 102.0  73.0  56.0  32.0 106.0  21.0  33.1  57.0 104.0   23.0  91.0   6.0  75.0    0 Y11-D41-RSG24
  9.1  C1  22    2  CRO  64.3  33.4   2.3 102.0  73.0  56.0  31.0 106.0  21.0  33.1  57.0 104.0   23.0  91.0   6.0  75.0    0 Y11-D42-RSG25
