Draft Pos Age YPro Team InPro 2JPro 3PPro InEff 2JEff 3PEff  OReb  DReb  BDom PassR PassE InDef PerDef  InFR PerFR FTEff GInj Updated
 9.11 PF1  22    2  WIL  94.0   4.0   2.0  95.0  72.0  42.0  34.0  88.0  19.1  17.0  44.0  78.0   45.0  60.0  14.0  71.0    0 Y11-D20-RSG3
 9.11 PF1  22    2  WIL  94.0   4.0   2.0  95.0  72.0  42.0  34.0  88.0  19.1  17.0  44.0  78.0   46.0  60.0  14.0  71.0    0 Y11-D22-RSG5
 9.11 PF1  22    2  WIL  94.0   4.0   2.0  95.0  72.0  42.0  32.1  88.0  19.1  17.0  44.0  78.0   46.0  60.0  14.0  71.0    0 Y11-D24-RSG7
 9.11 PF1  22    2  WIL  94.8   3.2   2.0  95.0  72.0  42.0  32.1  88.0  19.1  17.0  44.0  78.0   46.0  60.0  14.0  71.0    0 Y11-D25-RSG8
 9.11 PF1  22    2  WIL  94.8   3.2   2.0  96.3  72.0  42.0  32.1  86.7  19.1  17.0  44.0  78.0   46.0  60.0  14.0  71.0    0 Y11-D28-RSG11
 9.11 PF1  22    2  WIL  94.8   3.2   2.0  96.3  72.0  42.0  32.1  86.7  19.0  17.5  44.0  78.0   46.0  60.0  14.0  71.0    0 Y11-D30-RSG13
 9.11 PF1  22    2  WIL  94.8   3.2   2.0  96.3  72.0  42.0  32.1  86.7  19.0  17.5  44.0  78.0   46.0  60.0  15.4  71.0    0 Y11-D31-RSG14
 9.11 PF1  22    2  WIL  94.8   3.2   2.0  96.3  73.6  42.0  32.1  86.7  19.0  17.5  44.0  78.0   46.0  60.0  15.4  71.0    0 Y11-D32-RSG15
 9.11 PF1  22    2  WIL  95.2   3.2   1.6  96.3  73.6  42.0  32.1  86.7  19.0  17.5  44.0  78.0   46.0  60.0  15.4  71.0    0 Y11-D42-RSG25
 9.11 PF1  22    2  WIL  95.2   3.2   1.6  96.3  73.6  42.0  32.1  86.7  19.0  17.5  44.0  76.9   46.0  60.0  15.4  71.0    0 Y11-D44-RSG27
