Draft Pos Age YPro Team InPro 2JPro 3PPro InEff 2JEff 3PEff  OReb  DReb  BDom PassR PassE InDef PerDef  InFR PerFR FTEff GInj Updated
  9.5 SF1  22    2  BRE  46.0  12.0  42.0  99.0  95.0  93.0  30.0  84.0  15.0  33.0  46.0  72.0   58.0  62.0  46.0  89.0    0 Y11-D22-RSG5
  9.5 SF1  22    2  BRE  45.9  12.0  42.1 100.0  95.0  93.0  30.0  84.0  17.2  33.0  46.0  73.0   58.0  62.0  46.0  89.0    0 Y11-D24-RSG7
  9.5 SF1  22    2  BRE  45.9  12.0  42.1 100.0  95.0  93.0  30.0  84.0  17.2  33.0  46.0  73.0   58.0  62.0  44.1  89.0    0 Y11-D25-RSG8
  9.5 SF1  22    2  BRE  46.1  12.1  41.8 100.0  95.0  93.0  30.0  84.0  17.2  33.0  46.0  73.0   58.0  62.0  42.6  89.0    0 Y11-D28-RSG11
  9.5 SF1  22    2  BRE  46.1  12.1  41.8 100.0  95.0  93.0  30.0  84.0  17.2  33.0  46.0  73.0   60.0  62.0  42.6  89.0    0 Y11-D34-RSG17
  9.5 SF1  22    2  BRE  46.1  12.1  41.8 100.0  95.0  93.0  31.0  84.0  17.2  33.0  46.0  73.0   60.0  62.0  42.6  89.0    0 Y11-D36-RSG19
  9.5 SF1  22    2  BRE  46.1  12.1  41.8 100.0  95.0  91.3  31.0  84.0  17.2  33.0  46.0  73.0   60.0  62.0  42.6  89.0    0 Y11-D37-RSG20
  9.5 SF1  22    2  BRE  46.1  12.1  41.8 100.0  95.0  92.3  31.0  84.0  17.2  33.0  46.0  73.0   60.0  62.0  42.6  89.0    0 Y11-D38-RSG21
  9.5 SF1  22    2  BRE  46.1  12.1  41.8 101.0  95.0  92.3  31.0  84.0  17.2  33.0  46.0  73.0   60.0  62.0  42.6  89.0    0 Y11-D39-RSG22
  9.5 SF1  22    2  BRE  45.7  12.9  41.4 101.0  95.0  92.3  31.0  84.0  17.2  33.0  46.0  73.0   60.0  62.0  42.6  89.0    0 Y11-D40-RSG23
  9.5 SF1  22    2  BRE  45.7  12.9  41.4 101.0  95.0  92.3  31.0  84.0  17.2  33.0  46.0  73.0   59.0  62.0  42.6  89.0    0 Y11-D43-RSG26
