Draft Pos Age YPro Team InPro 2JPro 3PPro InEff 2JEff 3PEff  OReb  DReb  BDom PassR PassE InDef PerDef  InFR PerFR FTEff GInj Updated
  9.9 SF1  22    2  CRO  56.9  25.2  17.9  85.0 107.0  88.0  22.0  77.0   6.0  21.0  61.0  65.2   44.0  50.0  31.0  79.0    0 Y11-D22-RSG5
  9.9 SF1  22    2  CRO  56.9  25.2  17.9  85.0 107.0  88.0  22.0  77.0   6.0  21.0  61.0  65.2   46.2  50.0  31.0  79.0    0 Y11-D26-RSG9
  9.9 SF1  22    2  CRO  56.9  25.2  17.9  85.0 107.0  88.0  22.0  77.0   3.9  21.0  61.0  65.2   46.2  50.0  31.0  79.0    0 Y11-D27-RSG10
  9.9 SF1  22    2  CRO  56.9  25.2  17.9  83.6 107.0  88.0  22.0  77.0   3.9  21.0  61.0  65.2   46.2  50.0  31.0  79.0   99 Y11-D28-RSG11
  9.9 SF1  22    2  CRO  56.9  25.2  17.9  83.6 107.0  88.0  22.0  77.0   3.9  21.0  61.0  65.2   46.2  50.0  31.0  79.0   99 Y11-D29-RSG12
  9.9 SF1  22    2  CRO  56.9  25.2  17.9  83.6 105.5  88.0  22.0  77.0   3.9  21.0  61.0  65.2   46.2  50.0  31.0  79.0   98 Y11-D30-RSG13
  9.9 SF1  22    2  CRO  56.9  25.2  17.9  83.6 105.5  88.0  22.0  77.0   3.9  21.0  61.0  65.2   46.2  50.0  31.0  79.0   98 Y11-D31-RSG14
  9.9 SF1  22    2  CRO  56.9  25.2  17.9  83.6 105.5  88.0  20.5  77.0   3.9  21.0  61.0  65.2   46.2  50.0  31.0  79.0   97 Y11-D32-RSG15
  9.9 SF1  22    2  CRO  56.9  25.2  17.9  83.6 105.5  88.0  20.5  77.0   3.9  21.0  61.0  65.2   46.2  50.0  31.0  79.0   97 Y11-D33-RSG16
  9.9 SF1  22    2  CRO  56.9  25.2  17.9  83.6 105.5  88.0  20.5  77.0   3.9  21.0  61.0  65.2   46.2  50.0  31.0  79.0   96 Y11-D34-RSG17
  9.9 SF1  22    2  CRO  56.9  25.2  17.9  83.6 105.5  88.0  20.5  76.0   3.9  21.0  61.0  65.2   46.2  50.0  31.0  79.0   94 Y11-D35-RSG18
  9.9 SF1  22    2  CRO  56.9  25.2  17.9  83.6 105.5  88.0  20.5  76.0   3.9  21.0  61.0  65.2   45.2  50.0  31.0  79.0   92 Y11-D36-RSG19
  9.9 SF1  22    2  CRO  56.9  25.2  17.9  83.6 105.5  88.0  20.5  76.0   3.9  19.9  61.0  65.2   45.2  50.0  31.0  79.0   91 Y11-D37-RSG20
  9.9 SF1  22    2  CRO  56.9  25.2  17.9  83.6 105.5  88.0  20.5  76.0   3.9  19.9  61.0  65.2   45.2  50.0  31.0  79.0   90 Y11-D38-RSG21
  9.9 SF1  22    2  CRO  56.9  25.2  17.9  83.6 105.5  88.0  20.5  76.0   3.9  19.9  61.0  65.2   45.2  50.0  31.0  79.0   89 Y11-D39-RSG22
  9.9 SF1  22    2  CRO  56.9  25.2  17.9  83.6 105.5  88.0  20.5  76.0   3.9  19.9  61.0  65.2   45.2  50.0  31.0  79.0   88 Y11-D40-RSG23
  9.9 SF1  22    2  CRO  56.9  25.2  17.9  83.6 105.5  88.0  20.5  76.0   3.9  19.9  61.0  65.2   45.2  50.0  31.0  78.0   87 Y11-D41-RSG24
  9.9 SF1  22    2  CRO  56.9  25.2  17.9  83.6 105.5  88.0  20.5  76.0   3.9  19.9  61.0  65.2   45.2  50.0  31.0  78.0   87 Y11-D42-RSG25
  9.9 SF1  22    2  CRO  56.9  25.2  17.9  83.6 105.5  88.0  20.5  76.0   3.9  19.9  61.0  65.2   45.2  50.0  31.0  78.0   86 Y11-D43-RSG26
  9.9 SF1  22    2  CRO  56.9  25.2  17.9  83.6 105.5  88.0  20.5  76.0   3.9  19.9  61.0  65.2   45.2  50.0  31.0  78.0   85 Y11-D44-RSG27
