Draft Pos Age YPro Team InPro 2JPro 3PPro InEff 2JEff 3PEff  OReb  DReb  BDom PassR PassE InDef PerDef  InFR PerFR FTEff GInj Updated
  9.2 SF1  22    2  QUE  50.0  40.0  10.0  97.0  96.0  99.0  20.0  83.0  19.0  30.0  42.0  79.0   64.0  46.0  34.0  79.0    0 Y11-D19-RSG2
  9.2 SF1  22    2  QUE  50.0  40.0  10.0  97.0  96.0  99.0  20.0  83.0  19.0  30.0  42.0  80.0   64.0  46.0  34.0  79.0    0 Y11-D23-RSG6
  9.2 SF1  22    2  QUE  49.7  40.4   9.9  97.0  96.0  99.0  20.0  83.0  19.0  30.0  42.0  80.0   64.0  46.0  34.0  79.0    0 Y11-D24-RSG7
  9.2 SF1  22    2  QUE  49.7  40.4   9.9  97.0  96.0  99.0  20.0  83.0  19.0  30.0  42.0  77.5   64.0  46.0  34.0  79.0    0 Y11-D25-RSG8
  9.2 SF1  22    2  QUE  50.4  41.0   8.6  97.0  96.0  99.0  20.0  83.0  19.0  30.0  42.0  77.5   64.0  46.0  34.0  79.0    0 Y11-D26-RSG9
  9.2 SF1  22    2  QUE  51.3  39.9   8.8  97.0  96.0  99.0  20.0  81.7  19.0  30.0  42.0  77.5   64.0  46.0  34.0  79.0    0 Y11-D32-RSG15
  9.2 SF1  22    2  QUE  51.3  39.9   8.8  97.0  96.0  99.0  20.0  81.7  19.0  30.0  45.7  77.5   64.0  46.0  34.0  79.0    0 Y11-D34-RSG17
  9.2 SF1  22    2  QUE  51.3  39.9   8.8  97.0  96.0  99.0  20.0  82.7  19.0  30.0  45.7  77.5   64.0  46.0  34.0  79.0   11 Y11-D40-RSG23
  9.2 SF1  22    2  QUE  51.3  39.9   8.8  97.0  96.0  99.0  20.0  82.7  19.0  30.0  45.7  77.5   64.0  46.0  34.0  79.0    9 Y11-D41-RSG24
  9.2 SF1  22    2  QUE  51.3  39.9   8.8  97.0  96.0  99.0  20.0  82.7  19.0  30.0  45.7  77.5   64.0  46.0  34.0  79.0    9 Y11-D42-RSG25
  9.2 SF1  22    2  QUE  51.3  39.9   8.8  97.0  96.0  99.0  20.0  82.7  19.0  30.0  45.7  77.5   64.0  46.0  34.0  79.0    8 Y11-D43-RSG26
  9.2 SF1  22    2  QUE  51.3  39.9   8.8  97.0  96.0  99.0  20.0  82.7  19.0  30.0  45.7  77.5   64.0  46.0  34.0  79.0    7 Y11-D44-RSG27
