Draft Pos Age YPro Team InPro 2JPro 3PPro InEff 2JEff 3PEff  OReb  DReb  BDom PassR PassE InDef PerDef  InFR PerFR FTEff GInj Updated
 9.14 SF2  22    2  CRO  19.0  38.0  43.0  71.0  97.0  96.0  19.0  61.0  74.0  57.2  65.0  57.0   80.0  37.0  51.0  84.0    0 Y11-D18-RSG1
 9.14 SF2  22    2  CRO  19.0  38.0  43.0  71.0  97.0  96.0  19.0  61.0  75.5  57.2  65.0  57.0   80.0  37.0  51.0  84.0    0 Y11-D22-RSG5
 9.14 SF2  22    2  CRO  18.9  38.3  42.8  71.0  97.0  96.0  19.0  61.0  75.5  57.2  65.0  57.0   80.0  37.0  51.0  84.0    0 Y11-D26-RSG9
 9.14 SF2  22    2  CRO  18.9  38.3  42.8  71.0  97.0  95.0  19.0  61.0  75.5  57.2  65.0  57.0   80.0  37.0  51.0  84.0    0 Y11-D29-RSG12
 9.14 SF2  22    2  CRO  18.9  38.3  42.8  71.0  97.0  94.0  19.0  61.0  75.5  57.2  65.0  57.0   80.0  37.0  51.0  84.0    0 Y11-D31-RSG14
 9.14 SF2  22    2  CRO  17.6  38.9  43.5  71.0  97.0  94.0  18.0  61.0  75.5  57.2  65.0  57.0   80.0  37.0  53.0  85.0    0 Y11-D34-RSG17
 9.14 SF2  22    2  CRO  17.3  39.9  42.8  71.0  97.0  94.0  18.0  61.0  75.5  57.2  65.0  57.0   80.0  37.0  53.0  85.0    0 Y11-D35-RSG18
 9.14 SF2  22    2  CRO  17.3  39.9  42.8  71.0  97.0  92.8  18.0  61.0  75.5  57.2  65.0  57.0   80.0  37.0  53.0  85.0    0 Y11-D36-RSG19
 9.14 SF2  22    2  CRO  17.3  39.9  42.8  71.0  97.0  92.8  18.0  61.0  75.5  54.8  65.0  57.0   80.0  37.0  53.0  85.0    0 Y11-D40-RSG23
 9.14 SF2  22    2  CRO  17.1  40.5  42.4  71.0  97.0  92.8  18.0  62.2  75.5  54.8  65.0  57.0   80.0  37.0  53.0  85.0    0 Y11-D43-RSG26
 9.14 SF2  22    2  CRO  17.1  40.5  42.4  71.0  97.0  92.8  18.0  62.2  73.4  54.8  65.0  57.0   80.0  37.0  53.0  85.0    0 Y11-D44-RSG27
