Draft Pos Age YPro Team InPro 2JPro 3PPro InEff 2JEff 3PEff  OReb  DReb  BDom PassR PassE InDef PerDef  InFR PerFR FTEff GInj Updated
  9.1 SG2  22    2  QUE  21.0  21.0  58.0  55.0  67.0 102.0  16.0  26.0  25.0  43.0  70.0  64.0   96.0  43.0  49.0  90.0  133 Y11-D18-RSG1
  9.1 SG2  22    2  QUE  21.0  21.0  58.0  55.0  67.0 102.0  16.0  26.0  25.0  43.0  70.0  64.0   96.0  43.0  49.0  90.0  132 Y11-D19-RSG2
  9.1 SG2  22    2  QUE  21.3  19.8  58.9  55.0  67.0 102.0  16.0  26.0  25.0  43.0  70.0  64.0   96.0  43.0  49.0  90.0  132 Y11-D20-RSG3
  9.1 SG2  22    2  QUE  21.3  19.8  58.9  55.0  67.0 102.0  16.0  26.0  25.0  45.9  70.0  64.0   96.0  43.0  49.0  90.0  132 Y11-D21-RSG4
  9.1 SG2  22    2  QUE  21.3  19.8  58.9  55.0  67.0 102.0  16.0  26.0  25.0  45.9  70.0  64.0   96.0  43.0  49.0  90.0  132 Y11-D22-RSG5
  9.1 SG2  22    2  QUE  21.3  19.8  58.9  55.0  67.0 102.0  16.0  26.0  25.0  45.9  70.0  64.0   96.0  43.0  49.0  90.0  131 Y11-D23-RSG6
  9.1 SG2  22    2  QUE  21.3  19.8  58.9  55.0  67.0 103.1  16.0  26.0  25.0  45.9  70.0  64.0   96.0  42.0  49.0  90.0  130 Y11-D24-RSG7
  9.1 SG2  22    2  QUE  21.3  19.8  58.9  55.0  67.0 103.1  16.0  26.0  25.0  45.9  70.0  64.0   96.0  42.0  49.0  90.0  127 Y11-D25-RSG8
  9.1 SG2  22    2  QUE  21.3  19.8  58.9  55.0  67.0 103.1  16.0  26.0  25.0  45.9  70.0  64.0   96.0  42.0  49.0  90.0  126 Y11-D26-RSG9
  9.1 SG2  22    2  QUE  21.3  19.8  58.9  55.0  67.0 103.1  16.0  26.0  26.8  45.9  70.0  64.0   96.0  42.0  49.0  90.0  125 Y11-D27-RSG10
  9.1 SG2  22    2  QUE  21.3  19.8  58.9  55.0  67.0 103.1  16.0  26.0  26.8  45.9  70.0  64.0   96.0  42.0  49.0  90.0  125 Y11-D28-RSG11
  9.1 SG2  22    2  QUE  21.3  19.8  58.9  55.0  67.0 103.1  16.0  26.0  26.8  45.9  70.0  64.0   96.0  42.0  49.0  90.0  124 Y11-D29-RSG12
  9.1 SG2  22    2  QUE  21.3  19.8  58.9  55.0  67.0 103.1  16.0  26.0  26.8  45.9  70.0  64.0   96.0  42.0  49.0  90.0  123 Y11-D30-RSG13
  9.1 SG2  22    2  QUE  21.3  19.8  58.9  55.0  67.0 103.1  16.0  26.0  26.8  45.9  70.0  64.0   96.0  42.0  49.0  90.0  122 Y11-D31-RSG14
  9.1 SG2  22    2  QUE  20.7  19.3  60.0  55.0  67.0 103.1  16.0  26.0  26.8  45.9  70.0  64.0   96.0  42.0  49.0  90.0  120 Y11-D32-RSG15
  9.1 SG2  22    2  QUE  20.7  19.3  60.0  55.0  67.0 103.1  16.0  26.0  26.8  45.9  70.0  64.0   96.0  42.0  49.0  90.0  120 Y11-D33-RSG16
  9.1 SG2  22    2  QUE  20.7  19.3  60.0  55.0  67.0 103.1  16.0  26.0  26.8  45.9  70.0  64.0   96.0  42.0  49.0  90.0  119 Y11-D34-RSG17
  9.1 SG2  22    2  QUE  20.7  19.3  60.0  55.0  67.0 103.1  16.0  26.0  26.8  45.9  70.0  64.0   96.0  42.0  49.0  90.0  118 Y11-D35-RSG18
  9.1 SG2  22    2  QUE  20.7  19.3  60.0  55.0  67.0 103.1  16.0  26.0  26.8  45.9  70.0  64.0   96.0  42.0  49.0  90.0  116 Y11-D36-RSG19
  9.1 SG2  22    2  QUE  20.7  19.3  60.0  55.0  67.0 103.1  16.0  26.0  26.8  45.9  70.0  64.0   96.0  42.0  49.0  90.0  115 Y11-D37-RSG20
  9.1 SG2  22    2  QUE  20.7  19.3  60.0  55.0  67.0 103.1  16.0  26.0  26.8  45.9  70.0  64.0   96.0  42.0  49.0  90.0  114 Y11-D38-RSG21
  9.1 SG2  22    2  QUE  20.7  19.3  60.0  55.0  67.0 103.1  16.0  26.0  26.8  45.9  70.0  64.0   96.0  42.0  49.0  90.0  114 Y11-D39-RSG22
  9.1 SG2  22    2  QUE  20.7  19.3  60.0  55.0  67.0 103.1  16.0  26.0  26.8  45.9  70.0  64.0   96.0  42.0  49.0  90.0  114 Y11-D40-RSG23
  9.1 SG2  22    2  QUE  20.7  19.3  60.0  55.0  67.0 103.1  16.0  26.0  26.8  45.9  70.0  64.0   96.0  42.0  49.0  90.0  112 Y11-D41-RSG24
  9.1 SG2  22    2  QUE  20.7  19.3  60.0  55.0  67.0 103.1  16.0  26.0  26.8  45.9  70.0  64.0   96.0  42.0  49.0  90.0  110 Y11-D42-RSG25
  9.1 SG2  22    2  QUE  20.7  19.3  60.0  55.0  67.0 103.1  16.0  26.0  26.8  45.9  70.0  64.0   96.0  42.0  49.0  88.6  110 Y11-D43-RSG26
  9.1 SG2  22    2  QUE  20.7  19.3  60.0  55.0  67.0 103.1  16.0  26.0  26.8  45.9  70.0  64.0   96.0  42.0  49.0  88.6  109 Y11-D44-RSG27
