Draft Pos Age YPro Team InPro 2JPro 3PPro InEff 2JEff 3PEff  OReb  DReb  BDom PassR PassE InDef PerDef  InFR PerFR FTEff GInj Updated
 10.3  C1  21    1  LAT  66.0  32.0   2.0 103.0  70.0  20.0  42.1  89.0  19.0  26.0  16.0  79.0   12.0  78.0  96.0  79.0    0 Y11-D21-RSG4
 10.3  C1  21    1  LAT  65.8  31.9   2.3 103.0  70.0  20.0  42.1  89.0  19.0  26.0  16.0  79.0   12.0  78.0  96.0  79.0    0 Y11-D24-RSG7
 10.3  C1  21    1  LAT  65.8  31.9   2.3 103.0  70.0  20.0  42.1  89.0  19.0  26.0  16.0  79.0   13.0  78.0  96.0  79.0    0 Y11-D27-RSG10
 10.3  C1  21    1  LAT  65.8  31.9   2.3 103.0  70.0  20.0  42.1  89.0  19.0  26.0  16.0  79.0   13.0  78.0  96.0  78.0    0 Y11-D29-RSG12
 10.3  C1  21    1  LAT  65.8  31.9   2.3 103.0  70.0  20.0  42.1  89.0  19.0  26.0  16.0  79.0   13.0  78.0  96.0  79.0    0 Y11-D30-RSG13
 10.3  C1  21    1  LAT  65.8  31.9   2.3 103.0  70.0  20.0  42.1  89.0  19.0  26.0  16.0  79.0   13.0  78.0  96.0  78.0    0 Y11-D35-RSG18
 10.3  C1  21    1  LAT  66.0  31.7   2.3 103.0  70.0  20.0  42.1  89.0  19.0  26.0  16.0  79.0   13.0  78.0  96.0  78.0    0 Y11-D37-RSG20
 10.3  C1  21    1  LAT  66.0  31.7   2.3 103.0  70.0  20.0  42.1  89.0  19.0  26.0  16.0  80.0   13.0  78.0  96.0  78.0    0 Y11-D38-RSG21
 10.3  C1  21    1  LAT  66.0  31.7   2.3 103.0  70.0  20.0  42.1  89.0  19.0  26.0  16.0  80.0   12.0  78.0  96.0  78.0    0 Y11-D39-RSG22
 10.3  C1  21    1  LAT  66.0  31.7   2.3 103.0  70.0  20.0  41.1  89.0  19.0  26.0  16.0  80.0   12.0  78.0  96.0  78.0    0 Y11-D42-RSG25
 10.3  C1  21    1  LAT  65.1  32.6   2.3 103.0  70.0  20.0  41.1  92.1  19.0  26.0  16.0  80.0   12.0  78.0  96.0  78.0    0 Y11-D43-RSG26
