Draft Pos Age YPro Team InPro 2JPro 3PPro InEff 2JEff 3PEff  OReb  DReb  BDom PassR PassE InDef PerDef  InFR PerFR FTEff GInj Updated
 10.1  C1  21    1  RAY  72.0  20.0   8.0 104.0  60.0   9.0  30.0  81.0  18.0  31.0  47.0  83.0   13.0   8.0   1.0  56.0    0 Y11-D19-RSG2
 10.1  C1  21    1  RAY  72.0  20.0   8.0 104.0  60.0   9.0  29.0  81.0  18.0  30.7  48.0  83.0   13.0   8.0   1.0  56.0    0 Y11-D21-RSG4
 10.1  C1  21    1  RAY  72.4  19.7   7.9 104.0  60.0   9.0  29.0  81.0  18.0  30.7  48.0  83.0   13.0   8.0   1.0  56.0    0 Y11-D25-RSG8
 10.1  C1  21    1  RAY  72.3  19.7   8.0 104.0  60.0   9.0  29.0  81.0  18.0  30.7  49.0  83.0   13.0   8.0   1.0  56.0   29 Y11-D29-RSG12
 10.1  C1  21    1  RAY  72.3  19.7   8.0 104.0  60.0   9.0  29.0  81.0  18.0  30.7  49.0  83.0   13.0   8.0   1.0  56.0   28 Y11-D30-RSG13
 10.1  C1  21    1  RAY  72.3  19.7   8.0 104.0  60.0   9.0  29.0  81.0  18.0  30.7  49.0  83.0   13.0   8.0   1.0  56.0   26 Y11-D31-RSG14
 10.1  C1  21    1  RAY  72.3  19.7   8.0 104.0  60.0   9.0  29.0  81.0  18.0  30.7  49.0  83.0   13.0   8.0   1.0  56.0   26 Y11-D32-RSG15
 10.1  C1  21    1  RAY  72.3  19.7   8.0 104.0  60.0   9.0  29.0  81.0  18.0  30.7  49.0  83.0   13.0   8.0   1.0  56.0   25 Y11-D33-RSG16
 10.1  C1  21    1  RAY  72.3  19.7   8.0 104.0  60.0   9.0  29.0  81.0  18.0  30.7  49.0  83.0   13.0   8.0   1.0  56.0   25 Y11-D34-RSG17
 10.1  C1  21    1  RAY  72.3  19.7   8.0 104.0  60.0   9.0  29.0  81.0  18.0  30.7  49.0  83.0   13.0   8.0   1.0  56.0   24 Y11-D35-RSG18
 10.1  C1  21    1  RAY  72.3  19.7   8.0 104.0  60.0   9.0  29.0  81.0  18.0  30.7  49.0  83.0   13.0   8.0   1.0  56.0   23 Y11-D36-RSG19
 10.1  C1  21    1  RAY  72.3  19.7   8.0 104.0  60.0   9.0  29.0  81.0  18.4  30.7  49.0  83.0   13.0   8.0   1.0  54.2   22 Y11-D37-RSG20
 10.1  C1  21    1  RAY  72.3  19.7   8.0 104.0  60.0   7.1  29.0  81.0  18.4  30.7  49.0  83.0   13.0   8.0   1.0  54.2   22 Y11-D38-RSG21
 10.1  C1  21    1  RAY  72.3  19.7   8.0 104.0  60.0   7.1  29.0  81.0  18.4  30.7  49.0  83.0   13.0   8.0   1.0  54.2   21 Y11-D39-RSG22
 10.1  C1  21    1  RAY  72.3  19.7   8.0 104.0  60.0   7.1  29.0  81.0  18.4  30.7  49.0  83.0   13.0   8.0   1.0  54.2   21 Y11-D40-RSG23
 10.1  C1  21    1  RAY  72.3  19.7   8.0 104.0  60.0   7.1  29.0  81.0  18.4  30.7  49.0  83.0   13.0   8.0   1.0  54.2   19 Y11-D41-RSG24
 10.1  C1  21    1  RAY  72.3  19.7   8.0 104.0  60.0   7.1  29.0  81.0  18.4  30.7  49.0  83.0   13.0   8.0   1.0  54.2   19 Y11-D42-RSG25
 10.1  C1  21    1  RAY  72.3  19.7   8.0 104.0  60.0   7.1  29.0  81.0  18.4  30.7  49.0  83.0   13.0   8.0   1.0  54.2   18 Y11-D43-RSG26
 10.1  C1  21    1  RAY  72.3  19.7   8.0 104.0  60.0   7.1  29.0  81.0  18.4  30.7  49.0  83.0   13.0   8.0   1.0  54.2   18 Y11-D44-RSG27
