Draft Pos Age YPro Team InPro 2JPro 3PPro InEff 2JEff 3PEff  OReb  DReb  BDom PassR PassE InDef PerDef  InFR PerFR FTEff GInj Updated
10.14 PF1  21    1  KEN  69.2  27.8   3.0 102.0  65.3  13.0  25.0  83.0   3.0  39.0  39.0  71.0   27.0  48.0  10.0  69.0    0 Y11-D20-RSG3
10.14 PF1  21    1  KEN  69.2  27.8   3.0 102.0  68.1  13.0  25.0  83.0   3.0  39.0  39.0  71.0   27.0  48.0  10.0  69.0    0 Y11-D22-RSG5
10.14 PF1  21    1  KEN  69.2  27.8   3.0 102.0  68.1  13.0  25.0  83.0   3.0  38.8  39.0  71.0   27.0  48.0  10.0  69.0    0 Y11-D24-RSG7
10.14 PF1  21    1  KEN  69.2  27.8   3.0 102.0  68.1  13.0  25.0  83.0   3.0  38.8  39.0  71.0   28.3  48.0  10.0  69.0    0 Y11-D32-RSG15
10.14 PF1  21    1  KEN  69.2  27.8   3.0 102.0  68.1  13.0  25.0  83.0   3.0  38.8  37.6  71.0   28.3  48.0  10.0  69.0    0 Y11-D37-RSG20
10.14 PF1  21    1  KEN  68.9  28.1   3.0 102.0  68.1  13.0  25.0  83.0   3.0  38.8  37.6  71.0   28.3  48.0  10.0  69.0    0 Y11-D39-RSG22
10.14 PF1  21    1  KEN  68.7  28.0   3.3 102.0  68.1  15.1  24.0  83.0   3.0  39.8  37.6  71.0   28.3  48.0  10.0  69.0    1 Y11-D41-RSG24
10.14 PF1  21    1  KEN  68.7  28.0   3.3 102.0  68.1  15.1  24.0  83.0   3.0  39.8  37.6  71.0   28.3  48.0  10.0  69.0    1 Y11-D42-RSG25
10.14 PF1  21    1  KEN  68.7  28.0   3.3 102.0  68.1  15.1  24.0  83.0   3.0  39.8  37.6  71.0   28.3  48.0  10.0  69.0    1 Y11-D43-RSG26
10.14 PF1  21    1  KEN  68.4  27.9   3.7 102.0  68.1  15.1  22.6  81.4   3.0  39.8  37.6  71.0   28.3  48.0  10.0  69.0    1 Y11-D44-RSG27
