Draft Pos Age YPro Team InPro 2JPro 3PPro InEff 2JEff 3PEff  OReb  DReb  BDom PassR PassE InDef PerDef  InFR PerFR FTEff GInj Updated
10.16 PF1  21    1  CRO  61.6  38.2   0.2 100.0  63.0   9.0  26.0  75.0  10.0  29.0  52.0  67.0   39.0  55.0   7.0  73.0    0 Y11-D19-RSG2
10.16 PF1  21    1  CRO  61.4  38.4   0.2 100.0  63.0   9.0  26.0  75.0  10.0  29.0  52.0  67.0   39.0  55.0   7.0  73.0    0 Y11-D22-RSG5
10.16 PF1  21    1  CRO  61.3  38.4   0.3 100.0  63.0   9.0  26.0  75.0  10.0  29.0  52.0  67.0   37.8  55.0   7.0  73.0    0 Y11-D26-RSG9
10.16 PF1  21    1  CRO  61.3  38.4   0.3 100.0  63.0   9.0  26.0  73.1  10.0  29.0  52.0  67.0   37.8  55.0   7.0  73.0    0 Y11-D34-RSG17
10.16 PF1  21    1  CRO  61.3  38.4   0.3 100.0  63.0   9.0  26.0  73.1  10.3  29.0  52.0  67.0   37.8  54.0   8.0  73.0    0 Y11-D37-RSG20
10.16 PF1  21    1  CRO  61.3  38.4   0.3 100.0  63.0   9.0  26.0  73.1  10.3  29.0  52.0  67.0   37.8  54.0   7.0  73.0    0 Y11-D40-RSG23
10.16 PF1  21    1  CRO  61.3  38.4   0.3 100.0  63.0   9.0  26.0  73.1  10.3  29.0  52.0  67.0   37.8  54.0   7.0  70.3    0 Y11-D41-RSG24
10.16 PF1  21    1  CRO  61.3  38.4   0.3 100.0  63.0   9.0  26.0  73.1  10.3  29.0  52.0  67.0   37.8  54.0   5.3  70.3    0 Y11-D42-RSG25
10.16 PF1  21    1  CRO  61.3  38.4   0.3 100.0  63.0   9.0  27.0  73.1  10.3  29.0  52.0  67.0   37.8  54.0   5.3  70.3    0 Y11-D43-RSG26
