Draft Pos Age YPro Team InPro 2JPro 3PPro InEff 2JEff 3PEff  OReb  DReb  BDom PassR PassE InDef PerDef  InFR PerFR FTEff GInj Updated
10.11 PG1  21    1  LAT  15.0  51.0  34.0  78.0 104.0  88.0  13.0  37.1  93.0  60.0  94.0  18.0   92.0  39.0  32.0  85.0    0 Y11-D19-RSG2
10.11 PG1  21    1  LAT  15.0  51.0  34.0  78.0 104.0  88.0  13.0  37.1  94.1  60.0  94.0  15.0   92.0  38.0  32.0  85.0    0 Y11-D21-RSG4
10.11 PG1  21    1  LAT  15.0  51.0  34.0  78.0 104.0  88.0  13.0  37.1  94.1  60.1  94.0  15.0   92.0  38.0  32.0  85.0    0 Y11-D22-RSG5
10.11 PG1  21    1  LAT  15.0  51.0  34.0  78.0 104.0  88.0  13.0  37.1  94.1  60.1  94.0  15.0   92.0  39.7  32.0  85.0    0 Y11-D24-RSG7
10.11 PG1  21    1  LAT  15.0  51.0  34.0  78.0 104.0  89.8  13.0  37.1  94.1  60.1  94.0  15.0   92.0  39.7  32.0  85.0    0 Y11-D25-RSG8
10.11 PG1  21    1  LAT  15.0  51.0  34.0  78.0 104.0  89.8  12.0  37.1  94.1  60.1  94.0  15.0   92.0  39.7  32.0  85.0    0 Y11-D26-RSG9
10.11 PG1  21    1  LAT  14.6  52.1  33.3  78.0 104.0  89.8  12.0  37.1  94.1  60.1  94.0  15.0   92.0  38.7  32.0  85.0    0 Y11-D27-RSG10
10.11 PG1  21    1  LAT  14.6  52.1  33.3  79.0 104.0  89.8  12.0  37.1  94.1  60.1  94.0  15.0   92.0  38.7  32.0  85.0    0 Y11-D29-RSG12
10.11 PG1  21    1  LAT  14.6  52.1  33.3  79.0 104.0  89.8  13.0  37.1  94.1  60.1  94.0  15.0   92.0  38.7  32.0  85.0    0 Y11-D33-RSG16
10.11 PG1  21    1  LAT  14.6  52.1  33.3  79.0 104.0  89.8  14.0  37.1  94.1  60.1  94.0  15.0   92.0  38.7  32.0  85.0    0 Y11-D34-RSG17
10.11 PG1  21    1  LAT  14.6  52.1  33.3  79.0 104.0  89.8  14.0  37.1  94.1  60.1  92.0  15.0   92.0  38.7  32.0  85.0    0 Y11-D36-RSG19
