Draft Pos Age YPro Team InPro 2JPro 3PPro InEff 2JEff 3PEff  OReb  DReb  BDom PassR PassE InDef PerDef  InFR PerFR FTEff GInj Updated
10.15 PG2  21    1  BRE  10.0  44.0  46.0  62.0 107.0 106.0  12.0  26.0  75.0  97.4  79.0  18.0   19.0  24.0  28.0  83.0    0 Y11-D18-RSG1
10.15 PG2  21    1  BRE  10.0  44.0  46.0  62.0 107.0 106.0  12.0  26.0  75.0  99.0  79.0  18.0   19.0  24.0  28.0  83.0    0 Y11-D19-RSG2
10.15 PG2  21    1  BRE  10.0  44.0  46.0  62.0 107.0 106.0  13.0  26.0  75.0  99.0  79.0  18.0   19.0  24.0  28.0  83.0    0 Y11-D21-RSG4
10.15 PG2  21    1  BRE  10.0  44.0  46.0  62.0 107.0 106.0  11.8  26.0  75.0  99.0  79.0  18.0   19.0  24.0  28.0  83.0    0 Y11-D22-RSG5
10.15 PG2  21    1  BRE  10.0  44.0  46.0  62.0 107.0 106.0  11.8  26.0  75.0  99.0  79.0  19.0   19.0  24.0  28.0  83.0    0 Y11-D29-RSG12
10.15 PG2  21    1  BRE   9.7  42.9  47.4  62.0 107.0 106.0  11.8  26.0  75.0  99.0  79.0  19.0   19.0  24.0  28.0  83.0    0 Y11-D31-RSG14
10.15 PG2  21    1  BRE   9.7  42.9  47.4  62.0 107.0 106.0  11.8  26.0  75.0  99.0  82.2  19.0   19.0  24.0  28.0  83.0    0 Y11-D34-RSG17
10.15 PG2  21    1  BRE   9.7  42.9  47.4  63.2 107.0 106.0  11.8  26.0  75.0  99.0  82.2  19.0   19.0  24.0  28.0  83.0    0 Y11-D38-RSG21
10.15 PG2  21    1  BRE   9.7  42.9  47.4  63.2 107.0 106.0  11.8  26.0  75.0  99.0  82.2  19.0   19.0  25.9  28.0  83.0    0 Y11-D44-RSG27
