Draft Pos Age YPro Team InPro 2JPro 3PPro InEff 2JEff 3PEff  OReb  DReb  BDom PassR PassE InDef PerDef  InFR PerFR FTEff GInj Updated
 11.U  C1  19    0  DRA  70.0  28.1   1.9  84.0  71.3  20.1  25.2  99.5  24.7  11.8  31.2  76.4   17.5  23.0   8.1  69.9    0 Y11-D1-Draft
 11.2  C1  19    0  LAT  70.0  28.1   1.9  84.0  71.3  20.1  25.2  99.5  24.7  11.8  31.2  78.5   17.5  23.0   8.1  69.9    0 Y11-D19-RSG2
 11.2  C1  19    0  LAT  70.0  28.1   1.9  84.0  71.3  20.1  25.2  99.5  24.9  11.8  31.2  81.7   17.5  23.0   8.1  69.9    0 Y11-D21-RSG4
 11.2  C1  19    0  LAT  70.0  28.1   1.9  84.0  71.3  20.1  25.2  99.5  25.6  11.8  31.2  81.7   17.5  23.0   8.1  69.9    0 Y11-D22-RSG5
 11.2  C1  19    0  LAT  70.0  28.1   1.9  87.3  71.3  20.1  25.2  99.5  25.6  11.8  31.2  81.7   17.5  23.0   8.1  69.9    0 Y11-D23-RSG6
 11.2  C1  19    0  LAT  70.0  28.1   1.9  85.2  71.3  20.1  25.2  99.5  25.6  11.8  31.2  81.7   17.5  23.0   8.1  69.9    0 Y11-D30-RSG13
 11.2  C1  19    0  LAT  70.0  28.1   1.9  85.2  71.3  20.1  25.2  99.5  25.6  11.8  31.2  81.7   17.5  23.0   9.1  69.9    0 Y11-D32-RSG15
 11.2  C1  19    0  LAT  70.0  28.1   1.9  85.2  71.3  20.1  25.2  99.5  25.6  11.8  31.2  81.7   17.5  21.6   9.1  69.9    0 Y11-D33-RSG16
 11.2  C1  19    0  LAT  70.0  28.1   1.9  85.2  71.3  20.1  25.2  99.5  25.6  11.8  31.2  81.7   18.5  21.6   9.1  69.9    0 Y11-D43-RSG26
