Draft Pos Age YPro Team InPro 2JPro 3PPro InEff 2JEff 3PEff  OReb  DReb  BDom PassR PassE InDef PerDef  InFR PerFR FTEff GInj Updated
 11.U  C1  20    0  DRA  76.9  21.3   1.8  83.9  63.9   2.4  38.0  74.9  19.3  37.7  38.9  66.1   14.8  50.9   7.2  68.5    0 Y11-D1-Draft
11.11  C1  20    0  WIL  76.8  21.4   1.8  83.9  63.9   2.4  38.0  74.9  19.3  37.7  38.9  66.1   14.8  50.9   7.2  68.5    0 Y11-D18-RSG1
11.11  C1  20    0  WIL  77.0  21.5   1.5  83.9  63.9   2.4  38.0  74.9  19.3  37.7  38.9  66.1   14.8  50.9   7.2  69.5    0 Y11-D20-RSG3
11.11  C1  20    0  WIL  77.0  21.5   1.5  82.9  63.9   2.4  38.0  74.9  19.3  37.7  38.9  66.1   14.8  50.9   7.2  69.5    0 Y11-D24-RSG7
11.11  C1  20    0  WIL  77.0  21.5   1.5  82.9  63.9   2.4  38.0  74.9  19.3  37.7  38.9  66.1   14.8  50.9   8.2  69.5    0 Y11-D28-RSG11
11.11  C1  20    0  WIL  77.0  21.5   1.5  82.9  63.9   2.4  38.0  74.9  19.3  37.7  38.9  66.1   14.8  50.9   8.2  69.5    6 Y11-D30-RSG13
11.11  C1  20    0  WIL  77.0  21.5   1.5  82.9  63.9   2.4  38.0  74.9  19.3  37.7  38.9  66.1   14.8  50.9   8.2  69.5    5 Y11-D31-RSG14
11.11  C1  20    0  WIL  78.2  20.3   1.5  82.9  63.9   2.4  38.0  74.9  19.3  37.7  38.9  66.1   14.8  50.9   8.2  69.5    5 Y11-D32-RSG15
11.11  C1  20    0  WIL  78.2  20.3   1.5  82.9  63.9   2.4  38.0  74.9  19.3  37.7  38.9  66.1   14.8  50.9   8.2  69.5    4 Y11-D33-RSG16
11.11  C1  20    0  WIL  78.2  20.3   1.5  82.9  63.9   2.4  38.0  74.9  19.3  37.7  38.9  66.1   14.8  50.9   8.2  69.5    2 Y11-D34-RSG17
11.11  C1  20    0  WIL  78.2  20.3   1.5  82.9  63.9   2.4  38.0  74.9  19.3  37.7  38.9  66.1   14.8  50.9   8.2  69.5    0 Y11-D35-RSG18
11.11  C1  20    0  WIL  78.2  20.3   1.5  82.9  63.9   2.4  38.0  74.9  19.3  37.7  38.9  66.1   13.0  50.9   8.2  69.5    0 Y11-D36-RSG19
11.11  C1  20    0  WIL  78.2  20.3   1.5  82.9  63.9   2.4  38.0  74.9  19.3  37.7  38.9  66.1   13.0  50.9   7.2  69.5    0 Y11-D42-RSG25
11.11  C1  20    0  WIL  78.5  20.0   1.5  81.9  63.9   2.4  38.0  74.9  19.3  37.7  38.9  66.1   13.0  50.9   7.2  69.5    0 Y11-D44-RSG27
