Draft Pos Age YPro Team InPro 2JPro 3PPro InEff 2JEff 3PEff  OReb  DReb  BDom PassR PassE InDef PerDef  InFR PerFR FTEff GInj Updated
 11.U PF1  21    0  DRA  75.7  23.6   0.7  79.9  75.1  68.0  29.7  92.7  18.8  36.1  15.1  82.2   22.7  54.7  14.9  90.5    0 Y11-D1-Draft
 11.U PF1  21    0   FA  75.7  23.6   0.7  79.9  75.1  68.0  29.7  91.3  18.8  36.1  15.1  82.2   22.7  54.7  14.9  90.5    0 Y11-D18-RSG1
 11.U PF1  21    0   FA  75.7  23.6   0.7  79.9  75.1  69.0  29.7  91.3  18.8  36.1  15.1  82.2   22.7  54.7  14.9  90.5    0 Y11-D24-RSG7
 11.U PF1  21    0   FA  75.7  23.6   0.7  79.9  75.1  69.0  29.7  91.3  18.8  36.1  15.1  82.2   22.7  54.7  15.9  90.5    0 Y11-D29-RSG12
 11.U PF1  21    0   FA  76.0  23.3   0.7  79.9  75.1  69.0  29.7  91.3  18.8  36.1  15.1  82.2   22.7  54.7  15.9  90.5    0 Y11-D30-RSG13
 11.U PF1  21    0   FA  76.0  23.3   0.7  79.9  75.1  69.0  29.7  91.3  18.8  36.1  18.5  82.2   22.7  54.7  15.9  90.5    0 Y11-D33-RSG16
 11.U PF1  21    0   FA  76.0  23.3   0.7  79.9  75.1  69.0  29.7  92.3  18.8  36.1  18.5  82.2   22.7  54.7  16.9  90.5    0 Y11-D34-RSG17
 11.U PF1  21    0   FA  76.0  23.3   0.7  79.9  75.1  69.0  29.7  92.3  18.8  36.1  21.5  82.2   22.7  54.7  16.9  90.5    0 Y11-D35-RSG18
 11.U PF1  21    0   FA  76.4  22.9   0.7  79.9  75.1  69.0  29.7  92.3  18.8  36.1  21.5  82.2   22.7  54.7  16.9  90.5    0 Y11-D40-RSG23
