Draft Pos Age YPro Team InPro 2JPro 3PPro InEff 2JEff 3PEff  OReb  DReb  BDom PassR PassE InDef PerDef  InFR PerFR FTEff GInj Updated
 11.U PF1  20    0  DRA  67.7  29.0   3.3  91.6  74.6  12.6  31.5  71.2  14.7  15.8  10.2  88.0   31.4  38.7  15.9  68.4    0 Y11-D1-Draft
 11.1 PF1  20    0  CRO  67.4  28.9   3.7  91.6  74.6  12.6  32.6  71.2  14.7  15.8  10.2  88.0   31.4  38.7  15.9  68.4    0 Y11-D18-RSG1
 11.1 PF1  20    0  CRO  67.4  28.9   3.7  91.6  74.6  12.6  32.6  71.2  14.7  15.8  10.2  88.0   31.4  37.7  15.9  68.4    0 Y11-D20-RSG3
 11.1 PF1  20    0  CRO  67.4  28.9   3.7  91.6  74.6  12.6  32.6  71.2  14.7  15.8  10.2  88.0   31.4  42.1  15.9  68.4    0 Y11-D22-RSG5
 11.1 PF1  20    0  CRO  68.3  28.1   3.6  93.8  74.6  12.6  32.6  71.2  14.7  15.8  10.2  88.0   31.4  39.1  15.9  68.4    0 Y11-D26-RSG9
 11.1 PF1  20    0  CRO  68.9  27.6   3.5  93.8  74.6  12.6  32.6  71.2  14.7  15.8  10.2  88.0   31.4  39.1  15.9  68.4    0 Y11-D28-RSG11
 11.1 PF1  20    0  CRO  69.0  27.7   3.3  93.8  74.6  12.6  32.6  71.2  14.7  15.8  10.2  88.0   31.4  39.1  15.9  68.4    0 Y11-D31-RSG14
 11.1 PF1  20    0  CRO  69.0  27.7   3.3  93.8  74.6  12.6  32.6  71.2  14.7  15.1  10.2  88.0   31.4  39.1  15.9  68.4    0 Y11-D32-RSG15
 11.1 PF1  20    0  CRO  69.2  27.8   3.0  93.8  74.6  12.6  32.6  71.2  14.7  15.1  10.2  86.1   31.4  41.9  14.9  68.4    0 Y11-D34-RSG17
 11.1 PF1  20    0  CRO  69.2  27.8   3.0  93.8  74.6  12.6  32.6  70.1  14.7  15.1  10.2  86.1   31.4  41.9  14.9  68.4    0 Y11-D35-RSG18
 11.1 PF1  20    0  CRO  69.2  27.8   3.0  93.8  74.6  12.6  32.6  70.1  14.7  15.1   7.3  86.1   31.4  41.9  14.9  68.4    0 Y11-D36-RSG19
 11.1 PF1  20    0  CRO  69.2  27.8   3.0  93.8  76.9  12.6  32.6  70.1  14.7  15.1   7.3  86.1   31.4  41.9  14.9  68.4    0 Y11-D38-RSG21
 11.1 PF1  20    0  CRO  69.2  27.8   3.0  93.8  76.9  12.6  32.6  70.1  14.7  15.1   7.3  86.1   30.4  41.9  14.9  68.4    2 Y11-D40-RSG23
 11.1 PF1  20    0  CRO  69.2  27.8   3.0  93.8  76.9  12.6  32.6  70.1  14.7  15.1   7.3  86.1   30.4  41.9  14.9  68.4    1 Y11-D41-RSG24
 11.1 PF1  20    0  CRO  69.2  27.8   3.0  93.8  76.9  12.6  32.6  70.1  14.7  15.1   7.3  86.1   30.4  41.9  14.9  68.4    0 Y11-D42-RSG25
