Draft Pos Age YPro Team InPro 2JPro 3PPro InEff 2JEff 3PEff  OReb  DReb  BDom PassR PassE InDef PerDef  InFR PerFR FTEff GInj Updated
 11.U PF1  18    0  DRA  59.5  38.6   1.9  74.5  48.2  63.9  18.8  54.6   6.4  17.3  14.6  80.4   26.7  48.2  19.4  72.8    0 Y11-D1-Draft
 11.U PF1  18    0   FA  59.5  38.6   1.9  74.5  48.2  63.9  18.8  54.6   6.4  17.3  14.6  80.4   26.7  48.2  19.4  73.8    0 Y11-D19-RSG2
 11.U PF1  18    0   FA  59.5  38.6   1.9  74.5  48.2  63.9  17.1  54.6   6.4  17.3  14.6  80.4   26.7  48.2  19.4  73.8    0 Y11-D23-RSG6
 11.U PF1  18    0   FA  59.5  38.6   1.9  74.5  48.2  63.9  17.1  59.2   6.4  17.3  14.6  80.4   26.7  48.2  19.4  73.8    0 Y11-D28-RSG11
 11.U PF1  18    0   FA  59.6  38.5   1.9  74.5  48.2  63.9  17.1  59.2   6.4  17.3  14.6  80.4   26.7  48.2  19.4  73.8    0 Y11-D29-RSG12
 11.U PF1  18    0   FA  59.6  38.5   1.9  74.5  48.2  63.9  17.1  59.2   6.4  17.3  14.6  81.4   26.7  48.2  19.4  73.8    0 Y11-D33-RSG16
 11.U PF1  18    0   FA  59.6  38.5   1.9  74.5  48.2  63.9  16.1  59.2   6.4  17.3  14.6  81.4   26.7  48.2  19.4  73.8    0 Y11-D35-RSG18
 11.U PF1  18    0   FA  59.6  38.5   1.9  74.5  48.2  63.9  16.1  59.2   6.4  17.3  15.6  81.4   26.7  48.2  19.4  73.8    0 Y11-D39-RSG22
 11.U PF1  18    0   FA  59.6  38.5   1.9  74.5  45.8  63.9  16.1  59.2   6.4  17.3  15.6  81.4   26.7  48.2  19.4  73.8    0 Y11-D40-RSG23
 11.U PF1  18    0   FA  59.6  38.5   1.9  74.5  45.8  63.9  16.1  59.2   6.4  17.3  15.6  81.4   26.7  46.8  19.4  73.8    0 Y11-D44-RSG27
