Draft Pos Age YPro Team InPro 2JPro 3PPro InEff 2JEff 3PEff  OReb  DReb  BDom PassR PassE InDef PerDef  InFR PerFR FTEff GInj Updated
 11.U PF1  19    0  DRA  64.5  34.1   1.4  84.7  50.4  38.4   6.4  70.8  21.5  26.8  21.1  59.9   29.4  67.5  13.1  59.2    0 Y11-D1-Draft
11.15 PF1  19    0  QUE  64.5  34.1   1.4  84.7  50.4  38.4   6.4  70.8  21.5  26.8  21.1  59.9   29.4  67.5  13.1  59.2    0 Y11-D8-FA
11.15 PF1  19    0   FA  64.5  34.1   1.4  84.7  50.4  38.4   6.4  70.8  21.5  26.8  23.5  59.9   29.4  67.5  13.1  59.2    0 Y11-D25-RSG8
11.15 PF1  19    0   FA  64.5  34.1   1.4  84.7  50.4  38.4   6.4  70.8  21.5  26.8  23.5  59.9   32.0  67.5  13.1  59.2    0 Y11-D28-RSG11
11.15 PF1  19    0   FA  64.5  34.1   1.4  84.7  49.1  38.4   6.4  70.8  21.5  26.8  23.5  59.9   32.0  67.5  13.1  59.2    0 Y11-D29-RSG12
11.15 PF1  19    0   FA  64.5  34.1   1.4  84.7  47.6  38.4   6.4  70.8  21.5  26.8  23.5  59.9   32.0  67.5  13.1  59.2    0 Y11-D31-RSG14
11.15 PF1  19    0   FA  64.5  34.1   1.4  84.7  47.6  38.4   6.4  70.8  21.5  26.8  21.2  59.9   32.0  67.5  13.1  59.2    0 Y11-D32-RSG15
11.15 PF1  19    0   FA  64.5  34.1   1.4  84.7  47.6  38.4   6.4  70.8  21.5  26.8  21.2  57.9   32.0  67.5  13.1  59.2    0 Y11-D34-RSG17
11.15 PF1  19    0   FA  64.5  34.1   1.4  84.7  47.6  38.4   6.4  70.8  19.8  26.8  21.2  57.9   32.0  67.5  13.1  59.2    0 Y11-D35-RSG18
11.15 PF1  19    0   FA  64.5  34.1   1.4  84.7  47.6  38.4   6.4  70.8  19.8  27.7  21.2  57.9   32.0  67.5  13.1  59.2    0 Y11-D38-RSG21
11.15 PF1  19    0   FA  64.5  34.1   1.4  84.7  47.6  38.4   6.4  70.8  19.8  27.7  21.2  57.9   32.0  67.5  14.6  59.2    0 Y11-D41-RSG24
11.15 PF1  19    0   FA  64.5  34.1   1.4  84.7  47.6  38.4   6.4  70.8  19.8  27.7  21.2  57.9   32.0  67.5  14.6  60.2    0 Y11-D43-RSG26
11.15 PF1  19    0   FA  64.8  33.8   1.4  84.7  47.6  38.4   6.4  70.8  19.8  27.7  21.2  57.9   32.0  67.5  14.6  60.2    0 Y11-D44-RSG27
