Draft Pos Age YPro Team InPro 2JPro 3PPro InEff 2JEff 3PEff  OReb  DReb  BDom PassR PassE InDef PerDef  InFR PerFR FTEff GInj Updated
 11.U PF2  21    0  DRA  52.1  25.2  22.7  56.9  71.6  86.0  23.7  75.3   9.2  23.5  13.1  21.8   39.8  40.5  37.9  93.3    0 Y11-D1-Draft
 11.U PF2  21    0   FA  52.1  25.2  22.7  56.9  71.6  86.0  23.7  75.3   9.2  23.5  13.1  21.8   40.8  40.5  37.9  93.3    0 Y11-D20-RSG3
 11.U PF2  21    0   FA  52.1  25.2  22.7  56.9  71.6  87.0  23.7  75.3   9.2  23.5  13.1  21.8   40.8  40.5  37.9  93.3    0 Y11-D28-RSG11
 11.U PF2  21    0   FA  52.1  25.2  22.7  56.9  71.6  87.0  23.7  75.3   9.2  23.5  13.1  21.8   39.8  40.5  37.9  93.3    0 Y11-D29-RSG12
 11.U PF2  21    0   FA  52.1  25.2  22.7  56.9  71.6  87.0  23.7  75.3   9.2  23.5  13.1  21.8   39.8  40.5  38.9  93.3    0 Y11-D32-RSG15
 11.U PF2  21    0   FA  52.1  25.2  22.7  56.9  71.6  87.0  23.7  75.3   9.2  23.5  13.1  21.8   39.8  40.5  37.3  93.3    0 Y11-D33-RSG16
 11.U PF2  21    0   FA  51.6  25.5  22.9  56.9  71.6  87.0  23.7  75.3   9.2  23.5  13.1  21.8   39.8  40.5  37.3  93.3    0 Y11-D40-RSG23
 11.U PF2  21    0   FA  52.1  25.7  22.2  56.9  71.6  87.0  23.7  75.3   9.2  23.5  13.1  21.8   39.8  40.5  37.3  93.3    0 Y11-D41-RSG24
 11.U PF2  21    0   FA  52.6  25.0  22.4  56.9  71.6  87.0  23.7  75.3   9.2  23.5  13.1  21.8   42.5  40.5  37.3  93.3    0 Y11-D43-RSG26
 11.U PF2  21    0   FA  53.1  24.7  22.2  56.9  71.6  87.0  23.7  75.3   9.2  23.5  13.1  21.8   42.5  40.5  37.3  94.3    0 Y11-D44-RSG27
