Draft Pos Age YPro Team InPro 2JPro 3PPro InEff 2JEff 3PEff  OReb  DReb  BDom PassR PassE InDef PerDef  InFR PerFR FTEff GInj Updated
 11.U SF2  21    0  DRA  25.9  33.3  40.8  65.7  88.1  62.2  19.5  58.2  18.0  45.8  10.1  31.1   78.9  30.5  57.1  79.8    0 Y11-D1-Draft
 11.U SF2  21    0   FA  26.0  33.4  40.6  65.7  88.1  62.2  19.5  58.2  18.0  45.8  10.1  31.1   78.9  30.5  57.1  79.8    0 Y11-D18-RSG1
 11.U SF2  21    0   FA  26.1  33.4  40.5  65.7  88.1  62.2  19.5  58.2  18.0  45.8  10.1  31.1   78.9  30.5  57.1  79.8    0 Y11-D23-RSG6
 11.U SF2  21    0   FA  26.6  34.2  39.2  65.7  88.1  62.2  19.5  58.2  18.0  45.8  10.1  31.1   78.9  30.5  57.1  79.8    0 Y11-D27-RSG10
 11.U SF2  21    0   FA  26.6  34.2  39.2  65.7  88.1  62.2  19.5  58.2  18.0  45.8  10.1  31.1   78.9  30.5  57.1  79.8  120 Y11-D35-RSG18
 11.U SF2  21    0   FA  26.6  34.2  39.2  65.7  88.1  62.2  19.5  58.2  18.0  45.8  10.1  31.1   78.9  30.5  57.1  79.8  119 Y11-D36-RSG19
 11.U SF2  21    0   FA  26.6  34.2  39.2  65.7  88.1  62.2  19.5  58.2  18.0  45.8  10.1  31.1   78.9  30.5  57.1  79.8  118 Y11-D37-RSG20
 11.U SF2  21    0   FA  26.6  34.2  39.2  65.7  88.1  62.2  19.5  58.2  18.0  45.8  10.1  31.1   78.9  30.5  57.1  79.8  118 Y11-D38-RSG21
 11.U SF2  21    0   FA  26.6  34.2  39.2  65.7  88.1  62.2  19.5  58.2  18.0  45.8  10.1  31.1   78.9  30.5  57.1  79.8  118 Y11-D39-RSG22
 11.U SF2  21    0   FA  26.6  34.2  39.2  65.7  88.1  62.2  19.5  58.2  18.0  45.8  10.1  31.1   78.9  30.5  57.1  79.8  117 Y11-D40-RSG23
 11.U SF2  21    0   FA  26.6  34.2  39.2  65.7  88.1  62.2  19.5  58.2  18.0  45.8  10.1  31.1   78.9  30.5  57.1  79.8  117 Y11-D41-RSG24
 11.U SF2  21    0   FA  26.6  34.2  39.2  65.7  88.1  62.2  19.5  58.2  18.0  45.8  10.1  31.1   78.9  30.5  57.1  79.8  117 Y11-D42-RSG25
 11.U SF2  21    0   FA  26.6  34.2  39.2  65.7  88.1  62.2  19.5  58.2  18.0  45.8  10.1  31.1   78.9  30.5  57.1  79.8  116 Y11-D43-RSG26
 11.U SF2  21    0   FA  26.6  34.2  39.2  65.7  88.1  62.2  19.5  58.2  18.0  45.8  10.1  31.1   78.9  30.5  57.1  79.8  114 Y11-D44-RSG27
