Draft Pos Age YPro Team InPro 2JPro 3PPro InEff 2JEff 3PEff  OReb  DReb  BDom PassR PassE InDef PerDef  InFR PerFR FTEff GInj Updated
 11.U SG1  19    0  DRA  36.5  38.8  24.7  51.0  85.2  62.4  14.8  61.8  40.6  59.3  37.2  33.6   94.5  19.0  36.7  78.1    0 Y11-D1-Draft
 11.U SG1  19    0   FA  36.5  38.8  24.7  51.0  85.2  62.4  15.8  61.8  40.6  59.3  37.2  33.6   94.5  19.0  36.7  78.1    0 Y11-D18-RSG1
 11.U SG1  19    0   FA  36.5  38.8  24.7  51.0  85.2  62.4  15.8  61.8  40.6  59.6  37.2  33.6   94.5  19.0  36.7  78.1    0 Y11-D26-RSG9
 11.U SG1  19    0   FA  36.5  38.8  24.7  51.0  85.2  62.4  15.8  59.4  40.6  59.6  37.2  33.6   94.5  19.0  36.7  78.1    0 Y11-D29-RSG12
 11.U SG1  19    0   FA  36.5  38.8  24.7  51.0  85.2  62.4  15.8  59.4  40.6  61.2  37.2  33.6   94.5  19.0  36.7  78.1    0 Y11-D30-RSG13
 11.U SG1  19    0   FA  36.6  38.6  24.8  51.0  85.2  62.4  15.8  59.4  40.6  61.2  37.2  33.6   94.5  19.0  36.7  78.1    0 Y11-D36-RSG19
 11.U SG1  19    0   FA  36.6  38.6  24.8  51.0  85.2  62.4  15.8  59.4  40.6  61.2  37.2  33.6   93.4  19.0  36.7  78.1    0 Y11-D37-RSG20
 11.U SG1  19    0   FA  36.6  38.6  24.8  51.0  85.2  62.4  15.8  59.4  40.6  61.2  37.2  33.6   94.4  19.0  36.7  78.1    0 Y11-D43-RSG26
 11.U SG1  19    0   FA  36.6  38.6  24.8  51.0  85.2  62.4  15.8  59.4  40.6  61.2  37.2  33.6   94.4  19.0  38.2  79.3    0 Y11-D44-RSG27
