Draft Pos Age YPro Team InPro 2JPro 3PPro InEff 2JEff 3PEff  OReb  DReb  BDom PassR PassE InDef PerDef  InFR PerFR FTEff GInj Updated
 11.U SG1  18    0  DRA  35.4  36.3  28.3  84.3  70.2  47.6  14.8  47.8  22.4  52.3  49.4  36.5   89.5  33.5  37.3  74.9    0 Y11-D1-Draft
 11.8 SG1  18    0  KEN  35.4  36.3  28.3  84.3  70.2  47.6  14.8  45.4  20.0  52.3  49.4  36.5   89.5  33.5  37.3  74.9    0 Y11-D18-RSG1
 11.8 SG1  18    0  KEN  35.4  36.3  28.3  84.3  70.2  47.6  14.8  46.4  20.0  52.3  49.4  36.5   89.5  33.5  37.3  74.9    0 Y11-D19-RSG2
 11.8 SG1  18    0  KEN  36.3  34.7  29.0  84.3  70.2  47.6  14.8  46.4  20.0  52.3  49.4  36.5   89.5  33.5  37.3  74.9    0 Y11-D21-RSG4
 11.8 SG1  18    0  KEN  36.3  34.7  29.0  84.3  70.2  47.6  14.8  46.4  20.0  49.5  49.4  36.5   89.5  33.5  37.3  74.9    0 Y11-D33-RSG16
 11.8 SG1  18    0  KEN  36.3  34.7  29.0  84.3  70.2  47.6  14.8  46.4  20.0  49.5  50.4  36.5   89.5  33.5  37.3  74.9    0 Y11-D34-RSG17
 11.8 SG1  18    0  KEN  36.3  34.7  29.0  84.3  70.2  47.6  14.8  46.4  20.0  49.5  50.4  36.5   89.5  33.5  37.3  74.9    0 Y11-D35-RSG18
 11.8 SG1  18    0  KEN  35.6  35.1  29.3  84.3  70.2  47.6  14.8  46.4  20.0  49.5  54.7  36.5   89.5  33.5  37.3  74.9    0 Y11-D37-RSG20
 11.8 SG1  18    0  KEN  35.6  35.1  29.3  82.4  70.2  47.6  14.8  46.4  20.0  49.5  53.7  36.5   89.5  33.5  37.3  74.9    0 Y11-D39-RSG22
 11.8 SG1  18    0  KEN  35.0  35.4  29.6  81.4  70.2  47.6  14.8  46.4  20.0  49.5  53.7  36.5   89.5  33.5  37.3  74.9    0 Y11-D41-RSG24
 11.8 SG1  18    0  KEN  34.9  35.3  29.8  81.4  70.2  47.6  14.8  47.4  20.0  49.5  53.7  36.5   89.5  33.5  37.3  74.9    0 Y11-D44-RSG27
