Draft Pos Age YPro Team InPro 2JPro 3PPro InEff 2JEff 3PEff  OReb  DReb  BDom PassR PassE InDef PerDef  InFR PerFR FTEff GInj Updated
 11.U SG2  20    0  DRA  16.0  50.8  33.2  60.5  86.7  88.7  12.3  26.8  38.4  39.7  30.3  26.8   95.2  25.6  56.6  85.0    0 Y11-D1-Draft
 11.3 SG2  20    0  WIL  15.9  50.2  33.9  60.5  86.7  88.7  12.3  26.8  38.4  39.7  30.3  26.8   95.2  25.6  56.6  85.0    0 Y11-D20-RSG3
 11.3 SG2  20    0  WIL  15.9  50.2  33.9  60.5  86.7  88.7  12.3  26.8  38.4  39.7  30.3  26.8   93.5  25.6  56.6  85.0    0 Y11-D28-RSG11
 11.3 SG2  20    0  WIL  15.7  50.3  34.0  62.0  86.7  88.7  12.3  26.8  38.4  39.7  30.3  26.8   93.5  25.6  56.6  85.0    0 Y11-D30-RSG13
 11.3 SG2  20    0  WIL  15.8  50.0  34.2  62.0  86.7  88.7  12.3  26.8  38.4  39.7  30.3  26.8   93.5  25.6  56.6  85.0    0 Y11-D32-RSG15
 11.3 SG2  20    0  WIL  15.8  50.0  34.2  62.0  86.7  88.7  12.3  27.8  38.4  39.7  30.3  26.8   93.5  25.6  56.6  85.0    0 Y11-D35-RSG18
 11.3 SG2  20    0  WIL  15.8  50.0  34.2  62.0  86.7  88.7  12.3  25.4  38.4  39.7  30.3  24.3   93.5  25.6  56.6  85.0    0 Y11-D36-RSG19
 11.3 SG2  20    0  WIL  15.8  50.0  34.2  62.0  86.7  88.7  12.3  25.4  38.4  39.7  30.3  24.3   95.7  25.6  56.6  85.0    0 Y11-D37-RSG20
 11.3 SG2  20    0  WIL  15.8  50.0  34.2  62.0  86.7  88.7  12.3  25.4  38.4  41.9  30.3  24.3   95.7  25.6  56.6  85.0    0 Y11-D43-RSG26
