Draft Pos Age YPro Team InPro 2JPro 3PPro InEff 2JEff 3PEff  OReb  DReb  BDom PassR PassE InDef PerDef  InFR PerFR FTEff GInj Updated
 11.U PG1  20    0  DRA  37.2  40.2  22.6  83.7  77.2  54.9  10.9  27.0  77.5  79.8  71.1  33.8   64.4  37.0  43.6  83.0    0 Y11-D1-Draft
11.12 PG1  20    0  RAY  37.2  40.2  22.6  83.7  77.2  54.9  10.9  27.0  77.5  79.8  70.1  33.8   64.4  37.0  43.6  83.0    0 Y11-D19-RSG2
11.12 PG1  20    0  RAY  36.2  41.8  22.0  83.7  77.2  54.9  10.9  27.0  77.5  79.8  70.1  33.8   64.4  37.0  43.6  83.0    0 Y11-D21-RSG4
11.12 PG1  20    0  RAY  36.8  40.9  22.3  83.7  77.2  54.9  10.9  27.0  77.5  79.8  70.1  33.8   64.4  37.0  43.6  83.0    0 Y11-D25-RSG8
11.12 PG1  20    0  RAY  36.8  40.9  22.3  83.7  77.2  54.9  10.9  27.0  77.5  79.8  69.0  33.8   64.4  37.0  43.6  83.0    0 Y11-D29-RSG12
11.12 PG1  20    0  RAY  36.8  40.9  22.3  83.7  77.2  54.9  10.9  27.0  78.6  79.8  69.0  33.8   64.4  37.0  43.6  83.0    0 Y11-D30-RSG13
11.12 PG1  20    0  RAY  36.8  40.9  22.3  83.7  77.2  54.9  10.9  27.0  78.6  79.8  69.0  33.8   64.4  34.1  45.0  83.0    0 Y11-D31-RSG14
11.12 PG1  20    0  RAY  36.8  40.9  22.3  83.7  77.2  54.9  10.9  27.0  78.6  79.8  69.0  33.8   64.4  34.1  46.4  83.0    0 Y11-D36-RSG19
11.12 PG1  20    0  RAY  36.8  40.9  22.3  82.7  77.2  54.9  10.9  27.0  78.6  79.8  69.0  33.8   64.4  34.1  46.4  83.0    0 Y11-D37-RSG20
11.12 PG1  20    0  RAY  36.8  40.9  22.3  82.7  77.2  54.9  10.9  27.0  78.6  79.8  69.0  35.2   64.4  34.1  46.4  83.0    0 Y11-D41-RSG24
