Draft Pos Age YPro Team InPro 2JPro 3PPro InEff 2JEff 3PEff  OReb  DReb  BDom PassR PassE InDef PerDef  InFR PerFR FTEff GInj Updated
 11.U PG1  18    0  DRA  21.9  45.4  32.7  55.1  85.3  57.6   6.6  25.6  94.1  83.0  47.5  11.4   78.2  27.3  35.2  82.0    0 Y11-D1-Draft
11.10 PG1  18    0  LAT  22.1  44.8  33.1  55.1  85.3  57.6   6.6  25.6  94.1  83.0  47.5  11.4   78.2  27.3  35.2  82.0    0 Y11-D21-RSG4
11.10 PG1  18    0  LAT  22.4  45.5  32.1  55.1  85.3  57.6   6.6  25.6  94.1  83.0  47.5  11.4   78.2  27.3  35.2  82.0    0 Y11-D23-RSG6
11.10 PG1  18    0  LAT  22.4  45.5  32.1  57.9  85.3  57.6   6.6  25.6  94.1  83.0  47.5  11.4   78.2  27.3  35.2  82.0    0 Y11-D25-RSG8
11.10 PG1  18    0  LAT  22.4  45.5  32.1  57.9  85.3  57.6   6.6  25.6  94.1  83.0  47.5  14.5   78.2  27.3  35.2  82.0    0 Y11-D27-RSG10
11.10 PG1  18    0  LAT  22.4  45.5  32.1  57.9  85.3  57.6   6.6  25.6  94.1  83.0  47.5  14.5   78.2  27.3  35.2  81.0    0 Y11-D29-RSG12
11.10 PG1  18    0  LAT  22.4  45.5  32.1  57.9  85.3  57.6   6.6  25.6  95.8  83.0  47.5  14.5   78.2  27.3  35.2  81.0    0 Y11-D32-RSG15
11.10 PG1  18    0  LAT  22.4  45.5  32.1  57.9  85.3  57.6   6.6  26.6  95.8  83.0  47.5  14.5   78.2  27.3  35.2  81.0    0 Y11-D34-RSG17
11.10 PG1  18    0  LAT  23.2  45.0  31.8  57.9  85.3  57.6   6.6  26.6  95.8  83.0  47.5  14.5   78.2  27.3  35.2  81.0    0 Y11-D36-RSG19
11.10 PG1  18    0  LAT  23.2  45.0  31.8  60.2  85.3  57.6   6.6  26.6  95.8  83.0  47.5  14.5   78.2  27.3  35.2  81.0    0 Y11-D39-RSG22
11.10 PG1  18    0  LAT  23.2  45.0  31.8  61.6  85.3  57.6   6.6  26.6  95.8  83.0  47.5  14.5   78.2  27.3  35.2  81.0    0 Y11-D40-RSG23
11.10 PG1  18    0  LAT  24.6  44.2  31.2  61.6  85.3  57.6   6.6  26.6  95.8  83.0  47.5  14.5   78.2  27.3  35.2  81.0    0 Y11-D42-RSG25
11.10 PG1  18    0  LAT  24.6  44.2  31.2  61.6  85.3  57.6   6.6  26.6  95.8  83.0  51.8  14.5   78.2  27.3  36.2  81.0    0 Y11-D43-RSG26
