Draft Pos Age YPro Team InPro 2JPro 3PPro InEff 2JEff 3PEff  OReb  DReb  BDom PassR PassE InDef PerDef  InFR PerFR FTEff GInj Updated
 11.U PG2  18    0  DRA  27.2  27.9  44.9  55.3  94.0  84.0   7.5  20.0  85.4  81.1  84.0  14.4   60.6  17.4  32.4  79.0    0 Y11-D1-Draft
 11.5 PG2  18    0  BRE  27.2  27.9  44.9  55.3  94.0  84.0   7.5  20.0  87.1  81.1  84.0  14.4   60.6  17.4  35.0  78.0    0 Y11-D18-RSG1
 11.5 PG2  18    0  BRE  27.2  27.9  44.9  55.3  96.5  84.0   7.5  20.0  87.1  81.1  84.0  14.4   60.6  15.5  35.0  78.0    0 Y11-D20-RSG3
 11.5 PG2  18    0  BRE  27.2  27.9  44.9  55.3  96.5  84.0   6.1  20.0  87.1  81.1  84.0  14.4   61.6  15.5  35.0  75.2    0 Y11-D22-RSG5
 11.5 PG2  18    0  BRE  28.2  27.5  44.3  55.3  98.8  84.0   6.1  20.0  87.1  81.1  84.0  15.4   61.6  15.5  35.0  75.2    0 Y11-D24-RSG7
 11.5 PG2  18    0  BRE  28.2  27.5  44.3  55.3  98.8  84.0   6.1  20.0  87.1  81.1  84.0  15.4   62.7  15.5  35.0  75.2    0 Y11-D25-RSG8
 11.5 PG2  18    0  BRE  28.2  27.5  44.3  55.3  98.8  81.7   6.1  20.0  87.1  81.1  84.0  15.4   62.7  15.5  35.0  75.2    0 Y11-D30-RSG13
 11.5 PG2  18    0  BRE  28.2  27.5  44.3  55.3  98.8  81.7   7.1  20.0  87.1  81.1  84.0  15.4   62.7  15.5  35.0  75.2    0 Y11-D32-RSG15
 11.5 PG2  18    0  BRE  28.7  26.1  45.2  55.3  98.8  81.7   7.1  20.0  87.1  80.3  84.0  15.4   62.7  16.6  35.0  75.2    0 Y11-D34-RSG17
 11.5 PG2  18    0  BRE  28.7  26.1  45.2  55.3  98.8  81.7   7.1  17.9  86.5  80.3  84.0  15.4   62.7  16.6  35.0  75.2    0 Y11-D35-RSG18
 11.5 PG2  18    0  BRE  28.7  26.1  45.2  55.3  98.8  81.7   8.1  17.9  86.5  80.3  84.0  15.4   62.7  16.6  35.0  75.2    0 Y11-D38-RSG21
 11.5 PG2  18    0  BRE  28.7  26.1  45.2  55.3  98.8  81.7   8.1  17.9  86.5  80.3  84.0  15.4   67.8  16.6  35.0  75.2    0 Y11-D39-RSG22
 11.5 PG2  18    0  BRE  28.7  26.1  45.2  55.3  98.8  81.7   8.1  17.9  86.5  80.3  85.4  15.4   67.8  16.6  35.0  75.2    0 Y11-D40-RSG23
