Draft Pos Age YPro Team InPro 2JPro 3PPro InEff 2JEff 3PEff  OReb  DReb  BDom PassR PassE InDef PerDef  InFR PerFR FTEff GInj Updated
 11.U PG2  22    0  DRA  15.4  44.5  40.1  69.8  95.6  73.5   6.7  20.7  62.8  83.4  60.7  16.0   98.5  17.7  15.9  77.3    0 Y11-D1-Draft
 11.U PG2  22    0   FA  15.4  44.5  40.1  69.8  93.1  73.5   6.7  20.7  62.8  83.4  60.7  16.0   98.5  17.7  15.9  77.3    0 Y11-D24-RSG7
 11.U PG2  22    0   FA  15.4  44.5  40.1  69.8  93.1  73.5   6.7  20.7  62.8  83.4  60.7  16.0   98.5  15.4  15.9  77.3    0 Y11-D29-RSG12
 11.U PG2  22    0   FA  15.4  44.5  40.1  69.8  93.1  73.5   6.7  20.7  62.8  83.4  60.7  16.0   99.5  15.4  15.9  77.3    0 Y11-D33-RSG16
 11.U PG2  22    0   FA  15.4  44.5  40.1  69.8  93.1  73.5   6.7  20.7  62.8  83.4  60.7  16.0   99.5  15.4  15.9  77.3   21 Y11-D34-RSG17
 11.U PG2  22    0   FA  15.4  44.5  40.1  69.8  93.1  73.5   6.7  20.7  62.8  83.4  60.7  16.0   99.5  15.4  15.9  77.3   21 Y11-D35-RSG18
 11.U PG2  22    0   FA  15.4  44.5  40.1  67.5  93.1  73.5   6.7  20.7  62.8  83.4  60.7  16.0   99.5  15.4  15.9  77.3   19 Y11-D36-RSG19
 11.U PG2  22    0   FA  15.4  44.5  40.1  67.5  93.1  73.5   6.7  20.7  62.8  83.4  60.7  16.0   99.5  15.4  15.9  77.3   17 Y11-D37-RSG20
 11.U PG2  22    0   FA  15.4  44.5  40.1  67.5  93.1  73.5   6.7  20.7  62.8  83.4  60.7  16.0   99.5  15.4  15.9  77.3   17 Y11-D38-RSG21
 11.U PG2  22    0   FA  15.4  44.5  40.1  67.5  93.1  73.5   6.7  20.7  62.8  83.4  60.7  16.0   99.5  15.4  15.9  77.3   15 Y11-D39-RSG22
 11.U PG2  22    0   FA  15.4  44.5  40.1  67.5  93.1  73.5   6.7  20.7  62.8  83.4  60.7  16.0   99.5  15.4  15.9  77.3   12 Y11-D40-RSG23
 11.U PG2  22    0   FA  15.4  44.5  40.1  67.5  93.1  73.5   6.7  20.7  62.8  83.4  60.7  16.0   99.5  15.4  15.9  77.3   11 Y11-D41-RSG24
 11.U PG2  22    0   FA  15.4  44.5  40.1  67.5  93.1  73.5   6.7  20.7  62.8  83.4  60.7  16.0   99.5  15.4  15.9  77.3    9 Y11-D42-RSG25
 11.U PG2  22    0   FA  15.4  44.5  40.1  67.5  93.1  73.5   6.7  20.7  62.8  83.4  60.7  16.0   99.5  15.4  15.9  77.3    7 Y11-D43-RSG26
 11.U PG2  22    0   FA  15.4  44.5  40.1  67.5  93.1  73.5   6.7  20.7  62.8  83.4  60.7  16.0   99.5  15.4  15.9  77.3    6 Y11-D44-RSG27
