Draft Pos Age YPro Team InPro 2JPro 3PPro InEff 2JEff 3PEff  OReb  DReb  BDom PassR PassE InDef PerDef  InFR PerFR FTEff GInj Updated
 5.16  C1  26    6  WIL  50.0  48.0   2.0 105.0  65.0  56.0  40.0  88.0  23.0  32.6  70.0  81.0   33.0  74.0  19.0  70.0    0 Y11-D21-RSG4
 5.16  C1  26    6  WIL  50.0  48.0   2.0 105.0  67.4  56.0  40.0  88.0  23.0  32.6  70.0  81.0   33.0  74.0  19.0  70.0    0 Y11-D27-RSG10
 5.16  C1  26    6  WIL  50.7  47.3   2.0 105.0  67.4  56.0  39.0  88.0  23.0  32.6  70.0  81.0   33.0  74.0  19.0  70.0    0 Y11-D28-RSG11
 5.16  C1  26    6  WIL  50.7  47.3   2.0 105.0  69.5  56.0  39.0  88.0  23.0  32.6  70.0  81.0   33.0  74.0  19.0  70.0    0 Y11-D30-RSG13
 5.16  C1  26    6  WIL  50.7  47.3   2.0 105.0  69.5  56.0  39.0  88.0  23.0  33.3  70.0  81.0   33.0  74.0  19.0  70.0    0 Y11-D32-RSG15
 5.16  C1  26    6  WIL  50.7  47.3   2.0 105.0  69.5  56.0  40.2  88.0  23.0  33.3  70.0  81.0   33.0  74.0  19.0  70.0    0 Y11-D33-RSG16
 5.16  C1  26    6  WIL  50.7  47.3   2.0 105.0  69.5  56.0  40.2  88.0  23.0  33.3  71.0  81.0   33.0  76.2  19.0  70.0    0 Y11-D39-RSG22
 5.16  C1  26    6  WIL  50.7  47.3   2.0 105.0  69.5  56.0  40.2  88.0  23.0  33.6  71.0  81.0   33.0  76.2  19.0  67.3    0 Y11-D44-RSG27
 5.16  C1  26    6  WIL  50.7  47.3   2.0 105.0  69.5  56.0  40.2  88.0  23.0  33.6  71.0  81.0   33.0  76.2  20.0  67.3    0 Y11-D52-RSG35
 5.16  C1  26    6  WIL  51.3  46.7   2.0 105.0  69.5  56.0  40.2  88.0  23.0  33.6  71.0  81.0   33.0  76.2  20.0  67.3    0 Y11-D53-RSG36
 5.16  C1  26    6  WIL  51.3  46.7   2.0 105.0  69.5  56.0  40.2  88.0  22.8  33.6  71.0  81.0   33.0  76.2  20.0  67.3   20 Y11-D68-RSG51
 5.16  C1  26    6  WIL  51.3  46.7   2.0 105.0  69.5  56.0  40.2  88.0  22.8  33.6  71.0  81.0   33.0  76.2  20.0  67.3   20 Y11-D69-RSG52
 5.16  C1  26    6  WIL  51.3  46.7   2.0 105.0  69.5  56.0  40.2  88.0  22.8  33.6  71.0  81.0   33.0  76.2  20.0  67.3   20 Y11-D70-RSG53
 5.16  C1  26    6  WIL  51.3  46.7   2.0 105.0  69.5  56.0  40.2  88.0  22.8  33.6  71.0  81.0   33.0  76.2  20.0  67.3   20 Y11-D71-RSG54
 5.16  C1  26    6  WIL  51.3  46.7   2.0 105.0  68.5  56.0  40.2  88.0  22.8  33.6  71.0  81.0   33.0  76.2  20.0  67.3   19 Y11-D72-RSG55
 5.16  C1  26    6  WIL  51.3  46.7   2.0 105.0  68.5  56.0  40.2  88.0  22.8  33.6  71.0  81.0   33.0  76.2  20.0  67.3   18 Y11-D73-RSG56
 5.16  C1  26    6  WIL  51.2  46.6   2.2 105.0  68.5  56.0  40.2  88.0  22.8  33.6  71.0  79.0   33.0  76.2  20.0  67.3   17 Y11-D74-RSG57
 5.16  C1  26    6  WIL  51.2  46.6   2.2 105.0  68.5  56.0  40.2  88.0  22.8  33.6  71.0  79.0   33.0  76.2  20.0  67.3   17 Y11-D75-RSG58
 5.16  C1  26    6  WIL  51.2  46.6   2.2 105.0  68.5  56.0  40.2  88.0  22.8  33.6  71.0  79.0   33.0  76.2  20.0  67.3   17 Y11-D76-RSG59
 5.16  C1  26    6  WIL  51.2  46.6   2.2 105.0  68.5  56.0  40.2  88.0  22.8  33.6  71.0  79.0   33.0  76.2  20.0  67.3   16 Y11-D77-RSG60
 5.16  C1  26    6  WIL  51.2  46.6   2.2 105.0  68.5  56.0  40.2  88.0  22.8  33.6  71.0  79.0   33.0  76.2  20.0  67.3   16 Y11-D78-RSG61
 5.16  C1  26    6  WIL  51.2  46.6   2.2 105.0  68.5  56.0  40.2  88.0  22.8  33.6  71.0  79.0   33.0  75.2  20.0  67.3   14 Y11-D79-RSG62
 5.16  C1  26    6  WIL  51.6  46.2   2.2 105.0  68.5  56.0  40.2  88.0  22.8  33.6  71.0  76.1   33.0  75.2  20.0  67.3   13 Y11-D80-RSG63
 5.16  C1  26    6  WIL  51.6  46.2   2.2 105.0  68.5  56.0  40.2  88.0  22.8  33.6  71.0  76.1   33.0  75.2  20.0  67.3   13 Y11-D81-RSG64
 5.16  C1  26    6  WIL  51.6  46.2   2.2 105.0  68.5  56.0  40.2  88.0  22.8  33.6  71.0  76.1   33.0  75.2  20.0  67.3   11 Y11-D82-RSG65
 5.16  C1  26    6  WIL  51.6  46.2   2.2 105.0  68.5  56.0  40.2  88.0  22.8  33.6  71.0  76.1   33.0  75.2  20.0  67.3   11 Y11-D83-RSG66
 5.16  C1  26    6  WIL  51.6  46.2   2.2 105.0  68.5  56.0  40.2  88.0  22.8  32.9  71.0  76.1   33.0  74.2  20.0  67.3   10 Y11-D84-RSG67
 5.16  C1  26    6  WIL  51.6  46.2   2.2 105.0  68.5  56.0  40.2  88.0  22.8  32.9  71.0  76.1   33.0  74.2  20.0  67.3    8 Y11-D85-RSG68
 5.16  C1  26    6  WIL  51.6  46.2   2.2 105.0  68.5  56.0  40.2  88.0  22.8  32.9  71.0  76.1   33.0  74.2  20.0  67.3    6 Y11-D86-RSG69
 5.16  C1  26    6  WIL  51.6  46.2   2.2 105.0  68.5  56.0  40.2  88.0  22.8  32.9  71.0  76.1   33.0  74.2  20.0  67.3    5 Y11-D87-RSG70
 5.16  C1  26    6  WIL  51.6  46.2   2.2 105.0  68.5  56.0  40.2  88.0  22.8  32.9  71.0  76.1   33.0  74.2  19.0  67.3    3 Y11-D88-RSG71
 5.16  C1  26    6  WIL  51.6  46.2   2.2 105.0  68.5  56.0  40.2  88.0  22.8  32.9  71.0  76.1   33.0  74.2  19.0  67.3    1 Y11-D89-RSG72
 5.16  C1  26    6  WIL  51.6  46.2   2.2 105.0  66.1  56.0  40.2  88.0  22.8  32.9  71.0  76.1   33.0  74.2  19.0  67.3    0 Y11-D90-RSG73
 5.16  C1  26    6  WIL  51.6  46.2   2.2 105.0  66.1  56.0  38.6  88.0  22.8  32.9  70.0  76.1   33.0  74.2  19.0  68.3    0 Y11-D93-RSG76
 5.16  C1  26    6  WIL  51.6  46.2   2.2 105.0  66.1  56.0  38.6  88.0  22.8  32.9  70.0  76.1   33.0  73.2  19.0  68.3    0 Y11-D96-RSG79
