Draft Pos Age YPro Team InPro 2JPro 3PPro InEff 2JEff 3PEff  OReb  DReb  BDom PassR PassE InDef PerDef  InFR PerFR FTEff GInj Updated
  5.4 SF1  26    6  HAR  41.0  13.0  46.0  98.0  88.0  89.0  25.0  74.0  39.2  22.4  57.0  71.0   62.0  59.0  51.0  80.0    0 Y11-D23-RSG6
  5.4 SF1  26    6  HAR  41.4  13.1  45.5  98.0  88.0  89.0  25.0  74.0  39.2  22.4  57.0  71.0   62.0  59.0  51.0  80.0    0 Y11-D25-RSG8
  5.4 SF1  26    6  HAR  41.4  13.1  45.5  98.0  88.0  89.0  25.0  74.0  40.8  22.4  55.6  71.0   62.0  59.0  51.0  80.0    0 Y11-D27-RSG10
  5.4 SF1  26    6  HAR  41.4  13.1  45.5  98.0  88.0  89.0  25.0  75.0  40.8  22.4  55.6  71.0   62.0  59.0  51.0  80.0    0 Y11-D29-RSG12
  5.4 SF1  26    6  HAR  41.4  13.1  45.5  98.0  88.0  87.2  25.0  75.0  40.8  22.4  55.6  71.0   62.0  59.0  51.0  80.0    0 Y11-D33-RSG16
  5.4 SF1  26    6  HAR  41.1  13.0  45.9  98.0  88.0  87.2  25.0  75.0  40.8  22.4  55.6  71.0   62.0  59.0  51.0  81.0    0 Y11-D35-RSG18
  5.4 SF1  26    6  HAR  41.1  13.0  45.9  98.0  88.0  87.2  25.0  75.0  40.8  20.2  55.6  71.0   62.0  59.0  51.0  81.0    0 Y11-D36-RSG19
  5.4 SF1  26    6  HAR  41.1  13.0  45.9  98.0  88.0  87.2  25.0  75.0  40.8  20.2  55.6  71.0   62.0  59.0  51.0  80.0    0 Y11-D37-RSG20
  5.4 SF1  26    6  HAR  41.1  13.0  45.9  98.0  90.2  87.2  25.0  75.0  40.8  20.2  55.6  71.0   62.0  59.0  51.0  80.0    0 Y11-D39-RSG22
  5.4 SF1  26    6  HAR  41.1  13.0  45.9  98.0  90.2  87.2  26.0  75.0  40.8  20.2  55.6  71.0   62.0  59.0  51.0  80.0    0 Y11-D40-RSG23
  5.4 SF1  26    6  HAR  41.1  13.0  45.9  98.0  90.2  87.2  27.0  75.0  40.8  20.2  55.6  71.0   62.0  59.0  51.0  80.0    0 Y11-D42-RSG25
  5.4 SF1  26    6  HAR  42.1  10.9  47.0  98.0  90.2  87.2  27.0  75.0  40.8  20.2  55.6  71.0   62.0  59.0  51.0  80.0    0 Y11-D43-RSG26
  5.4 SF1  26    6  HAR  42.1  10.9  47.0  98.0  90.2  87.2  27.0  75.0  40.4  20.2  55.6  71.0   62.0  59.0  51.0  80.0    0 Y11-D46-RSG29
  5.4 SF1  26    6  HAR  42.1  10.9  47.0  98.0  90.2  87.2  27.0  75.0  40.4  20.2  55.6  71.0   62.0  59.0  51.0  77.8    0 Y11-D50-RSG33
  5.4 SF1  26    6  HAR  42.1  10.9  47.0  98.0  90.2  88.3  27.0  75.0  40.4  20.2  55.6  71.0   62.0  59.0  51.0  77.8    0 Y11-D52-RSG35
  5.4 SF1  26    6  HAR  42.1  10.9  47.0  98.0  90.2  88.3  27.0  75.0  40.4  18.8  55.6  71.0   62.0  59.0  51.0  77.8    0 Y11-D53-RSG36
  5.4 SF1  26    6  HAR  42.1  10.9  47.0  98.0  90.2  88.3  27.0  72.7  40.4  18.8  55.6  71.0   62.0  59.0  51.0  77.8    0 Y11-D55-RSG38
  5.4 SF1  26    6  HAR  42.1  10.9  47.0  98.0  90.2  88.3  27.0  72.7  40.4  19.6  55.6  71.0   62.0  59.0  51.0  77.8    0 Y11-D58-RSG41
  5.4 SF1  26    6  HAR  42.1  10.9  47.0  98.0  90.2  88.3  27.0  72.7  40.4  19.6  57.5  71.0   62.0  59.0  51.0  77.8    0 Y11-D65-RSG48
  5.4 SF1  26    6  HAR  42.1  10.9  47.0  98.0  90.2  88.3  27.0  72.7  40.4  21.5  57.5  71.0   62.0  59.0  51.0  77.8    0 Y11-D69-RSG52
  5.4 SF1  26    6  HAR  42.1  10.9  47.0  98.0  90.2  88.3  27.0  72.7  40.4  20.7  57.5  71.0   62.0  59.0  51.0  77.8    0 Y11-D74-RSG57
  5.4 SF1  26    6  HAR  42.1  10.9  47.0  99.0  90.2  88.3  27.0  72.7  40.4  20.7  57.5  71.0   62.0  59.0  51.0  77.8    0 Y11-D76-RSG59
  5.4 SF1  26    6  HAR  42.1  10.9  47.0  99.0  90.2  88.3  27.0  72.7  40.4  20.7  57.5  71.0   62.0  58.0  51.0  77.8    0 Y11-D79-RSG62
  5.4 SF1  26    6  HAR  41.5  11.0  47.5  99.0  89.1  88.3  27.0  72.7  40.4  20.7  57.5  71.0   62.0  58.0  51.0  78.8    0 Y11-D88-RSG71
  5.4 SF1  26    6  HAR  41.5  11.0  47.5  99.0  89.1  89.3  27.0  72.7  40.4  20.7  57.5  71.0   62.0  58.0  51.0  78.8    0 Y11-D92-RSG75
  5.4 SF1  26    6  HAR  41.5  11.0  47.5  99.0  89.1  89.3  27.0  72.7  40.4  20.7  56.0  71.0   62.0  58.0  51.0  78.8    0 Y11-D95-RSG78
  5.4 SF1  26    6  HAR  41.5  11.0  47.5  99.0  89.1  89.3  27.0  73.9  40.4  20.7  56.0  71.0   62.0  58.0  51.0  78.8    0 Y11-D96-RSG79
