Draft Pos Age YPro Team InPro 2JPro 3PPro InEff 2JEff 3PEff  OReb  DReb  BDom PassR PassE InDef PerDef  InFR PerFR FTEff GInj Updated
  5.8 SG1  26    6  LAT  42.0  37.0  21.0  87.0  98.0 107.0  20.7  60.0  75.0  40.0  68.0  31.0   79.0  57.0  48.0  71.0    0 Y11-D19-RSG2
  5.8 SG1  26    6  LAT  42.0  37.0  21.0  84.1  98.0 107.0  20.7  60.0  75.0  40.0  68.0  31.0   80.2  57.0  48.0  71.0    0 Y11-D21-RSG4
  5.8 SG1  26    6  LAT  42.0  37.0  21.0  85.1  98.0 107.0  20.7  60.0  75.0  40.0  68.0  31.0   80.2  57.0  48.0  71.0    0 Y11-D22-RSG5
  5.8 SG1  26    6  LAT  42.0  37.0  21.0  85.1  98.0 107.0  20.7  60.0  75.0  40.0  66.8  31.0   80.2  57.0  48.0  71.0    0 Y11-D23-RSG6
  5.8 SG1  26    6  LAT  43.2  35.2  21.6  85.1  98.0 107.0  20.7  61.0  75.0  40.0  67.8  31.0   80.2  57.0  48.0  71.0    0 Y11-D27-RSG10
  5.8 SG1  26    6  LAT  43.2  35.2  21.6  85.1  98.0 107.0  20.7  62.0  75.0  40.0  67.8  31.0   80.2  57.0  48.0  71.0    0 Y11-D29-RSG12
  5.8 SG1  26    6  LAT  43.2  35.2  21.6  85.1  98.0 107.0  20.7  62.0  75.0  41.2  67.8  31.0   81.8  57.0  48.0  71.0    0 Y11-D35-RSG18
  5.8 SG1  26    6  LAT  42.5  34.7  22.8  85.1  98.0 107.0  20.7  62.0  75.0  41.2  67.8  31.0   81.8  57.0  48.0  71.0    0 Y11-D38-RSG21
  5.8 SG1  26    6  LAT  42.5  34.7  22.8  85.1  98.0 107.0  20.7  62.0  75.0  41.2  68.8  31.0   81.8  57.0  48.0  71.0    0 Y11-D42-RSG25
  5.8 SG1  26    6  LAT  42.5  34.7  22.8  85.1  98.0 108.0  20.7  60.5  75.0  41.2  68.8  31.0   81.8  57.0  48.0  71.0    3 Y11-D46-RSG29
  5.8 SG1  26    6  LAT  42.5  34.7  22.8  85.1  98.0 108.0  20.7  60.5  75.0  41.2  68.8  31.0   81.8  57.0  48.0  71.0    2 Y11-D47-RSG30
  5.8 SG1  26    6  LAT  42.5  34.7  22.8  85.1  98.0 108.0  20.7  60.5  75.0  41.2  68.8  31.0   81.8  57.0  48.0  71.0    1 Y11-D48-RSG31
  5.8 SG1  26    6  LAT  42.5  34.7  22.8  85.1  98.0 108.0  20.7  60.5  75.0  41.2  68.8  31.0   81.8  57.0  48.0  71.0    0 Y11-D49-RSG32
  5.8 SG1  26    6  LAT  41.7  34.0  24.3  85.1  98.0 108.0  20.7  60.5  75.0  41.2  68.8  31.0   81.8  57.0  47.0  71.0    0 Y11-D51-RSG34
  5.8 SG1  26    6  LAT  42.4  32.9  24.7  85.1  98.0 108.0  18.9  60.5  75.0  41.2  66.9  31.0   81.8  57.0  47.0  71.0    0 Y11-D54-RSG37
  5.8 SG1  26    6  LAT  43.4  32.3  24.3  85.1  98.0 108.0  18.9  59.5  75.0  41.2  66.9  31.0   81.8  57.0  47.0  71.0    0 Y11-D58-RSG41
  5.8 SG1  26    6  LAT  43.3  32.4  24.3  85.1  98.0 108.0  18.9  59.5  75.0  41.2  66.9  31.0   83.2  57.0  47.0  71.0    0 Y11-D59-RSG42
  5.8 SG1  26    6  LAT  43.3  32.4  24.3  85.1  98.0 108.0  18.9  59.5  75.0  41.2  66.9  31.0   83.2  57.0  48.0  71.0    0 Y11-D61-RSG44
  5.8 SG1  26    6  LAT  43.3  32.4  24.3  85.1  98.0 108.0  18.9  59.5  75.0  41.2  66.9  32.0   83.2  57.0  48.0  71.0    0 Y11-D62-RSG45
  5.8 SG1  26    6  LAT  43.9  31.5  24.6  85.1  98.0 108.0  18.9  59.5  75.0  41.2  66.9  34.7   83.2  57.0  48.0  71.0    0 Y11-D63-RSG46
  5.8 SG1  26    6  LAT  43.6  31.7  24.7  85.1  98.0 108.0  18.9  59.5  75.0  41.2  66.9  34.7   83.2  57.0  48.0  71.0    0 Y11-D65-RSG48
  5.8 SG1  26    6  LAT  43.6  31.7  24.7  85.1  98.0 108.0  18.9  59.5  75.0  41.2  66.9  31.7   83.2  57.0  48.0  71.0    0 Y11-D67-RSG50
  5.8 SG1  26    6  LAT  43.6  31.7  24.7  85.1  98.0 108.0  18.9  58.5  73.0  41.2  66.9  31.7   83.2  57.0  48.0  71.0    0 Y11-D69-RSG52
  5.8 SG1  26    6  LAT  43.6  31.7  24.7  85.1  98.0 108.0  18.9  58.5  73.0  40.4  66.9  31.7   83.2  57.0  48.0  71.0    0 Y11-D70-RSG53
  5.8 SG1  26    6  LAT  43.6  31.7  24.7  85.1  95.2 108.0  18.9  58.5  73.0  40.4  66.9  31.7   83.2  57.0  48.0  71.0    0 Y11-D73-RSG56
  5.8 SG1  26    6  LAT  43.6  31.7  24.7  85.1  95.2 108.0  18.9  58.5  73.0  40.4  66.9  31.7   80.8  57.0  48.0  71.0    0 Y11-D75-RSG58
  5.8 SG1  26    6  LAT  43.6  31.7  24.7  85.1  95.2 108.0  18.9  58.5  74.8  40.4  66.9  31.7   80.8  57.0  47.0  71.0    0 Y11-D76-RSG59
  5.8 SG1  26    6  LAT  43.6  31.7  24.7  85.1  95.2 108.0  19.9  58.5  74.8  40.4  66.9  31.7   81.9  57.0  47.0  71.0    0 Y11-D83-RSG66
  5.8 SG1  26    6  LAT  43.6  31.7  24.7  85.1  95.2 108.0  19.9  58.5  74.8  40.1  66.9  31.7   81.9  57.0  47.0  71.0    0 Y11-D91-RSG74
  5.8 SG1  26    6  LAT  43.6  31.7  24.7  85.1  94.2 108.0  19.9  58.5  74.8  40.1  66.9  31.7   81.9  57.0  47.0  71.0    0 Y11-D94-RSG77
