Draft Pos Age YPro Team InPro 2JPro 3PPro InEff 2JEff 3PEff  OReb  DReb  BDom PassR PassE InDef PerDef  InFR PerFR FTEff GInj Updated
  5.6 SG1  26    6  CRO  24.0  34.0  42.0  77.0  94.8  88.4  19.0  50.0   7.0  75.0  69.0  54.0  102.0  53.0  44.0  78.0    0 Y11-D22-RSG5
  5.6 SG1  26    6  CRO  24.0  34.0  42.0  77.0  94.8  88.4  19.0  50.0   7.0  75.0  69.0  54.0  102.0  53.0  44.0  79.0    0 Y11-D28-RSG11
  5.6 SG1  26    6  CRO  23.5  35.3  41.2  77.0  94.8  88.4  19.0  50.0   7.0  75.0  69.0  51.8  102.0  53.0  44.0  79.0    0 Y11-D29-RSG12
  5.6 SG1  26    6  CRO  23.2  36.1  40.7  77.0  94.8  88.4  20.0  50.0   7.0  75.0  69.0  51.8  102.0  53.0  44.0  79.0    0 Y11-D34-RSG17
  5.6 SG1  26    6  CRO  23.2  36.1  40.7  77.0  94.8  88.4  20.0  48.0   7.0  75.0  69.0  51.8  102.0  53.0  44.0  79.0    0 Y11-D36-RSG19
  5.6 SG1  26    6  CRO  23.2  36.1  40.7  77.0  94.8  88.4  20.0  48.0   7.0  75.0  69.0  50.7  102.0  53.0  44.0  76.4    0 Y11-D42-RSG25
  5.6 SG1  26    6  CRO  24.6  35.5  39.9  77.0  94.8  88.4  20.0  48.0   7.0  75.0  69.0  50.7  102.0  53.0  44.0  76.4    0 Y11-D47-RSG30
  5.6 SG1  26    6  CRO  24.6  35.5  39.9  77.0  94.8  88.4  20.0  48.0   7.0  75.0  69.0  48.8  102.0  53.0  44.0  76.4    0 Y11-D50-RSG33
  5.6 SG1  26    6  CRO  24.6  35.5  39.9  77.0  94.8  88.4  20.0  48.0   7.0  75.0  69.0  48.8  102.0  53.0  44.0  74.5    0 Y11-D54-RSG37
  5.6 SG1  26    6  CRO  24.6  35.5  39.9  77.0  94.8  88.4  20.0  48.0   4.8  75.0  69.0  48.8  102.0  53.0  45.0  74.5    0 Y11-D58-RSG41
  5.6 SG1  26    6  CRO  24.6  35.5  39.9  77.0  93.1  88.4  20.0  48.0   4.8  75.0  68.0  49.8  102.0  53.0  45.0  74.5    0 Y11-D60-RSG43
  5.6 SG1  26    6  CRO  24.6  35.5  39.9  77.0  93.1  88.4  20.0  48.0   4.8  72.2  68.0  49.8  102.0  53.0  45.0  74.5    0 Y11-D63-RSG46
  5.6 SG1  26    6  CRO  24.2  35.0  40.8  77.0  93.1  88.4  20.0  48.0   4.8  72.2  68.0  49.8  102.0  53.0  45.0  74.5    0 Y11-D70-RSG53
  5.6 SG1  26    6  CRO  22.4  34.9  42.7  76.0  93.1  89.4  20.0  48.0   4.8  72.2  68.0  49.8  102.0  53.0  45.0  74.5    0 Y11-D72-RSG55
  5.6 SG1  26    6  CRO  22.4  34.9  42.7  76.0  93.1  89.4  19.0  48.0   4.8  72.2  68.0  49.8  102.0  53.0  45.0  74.5    0 Y11-D74-RSG57
  5.6 SG1  26    6  CRO  22.4  34.9  42.7  76.0  93.1  89.4  19.0  48.0   4.8  72.2  70.9  49.8  102.0  53.0  45.0  74.5    0 Y11-D82-RSG65
  5.6 SG1  26    6  CRO  22.5  34.9  42.6  76.0  93.1  89.4  19.0  48.0   4.8  72.2  70.9  49.8  103.0  53.0  45.0  74.5    0 Y11-D85-RSG68
  5.6 SG1  26    6  CRO  22.5  34.9  42.6  76.0  93.1  89.4  19.0  48.0   5.4  72.2  70.9  49.8  103.0  53.0  45.0  74.5    0 Y11-D87-RSG70
  5.6 SG1  26    6  CRO  22.5  34.9  42.6  76.0  94.1  89.4  19.0  48.0   5.4  72.2  70.9  49.8  103.0  53.0  45.0  74.5    0 Y11-D88-RSG71
  5.6 SG1  26    6  CRO  22.5  34.9  42.6  76.0  94.1  89.4  19.0  48.0   5.4  72.2  69.3  49.8  103.0  53.0  45.0  74.5    0 Y11-D97-RSG80
