Draft Pos Age YPro Team InPro 2JPro 3PPro InEff 2JEff 3PEff  OReb  DReb  BDom PassR PassE InDef PerDef  InFR PerFR FTEff GInj Updated
  5.2 SG2  26    6  KEN   9.7   8.1  82.2  50.0 103.0  92.0  23.0  48.0  46.0  47.0  49.0  33.0  101.0  15.0  60.0  76.0    0 Y11-D19-RSG2
  5.2 SG2  26    6  KEN   9.2   8.1  82.7  50.0 103.0  92.0  23.0  48.0  46.0  47.0  49.0  33.0  101.0  15.0  60.0  76.0    0 Y11-D20-RSG3
  5.2 SG2  26    6  KEN   9.2   8.1  82.7  51.6 103.0  92.0  23.0  48.0  46.0  47.0  49.0  33.0  101.0  15.0  60.0  76.0    0 Y11-D21-RSG4
  5.2 SG2  26    6  KEN   9.2   8.1  82.7  51.6 103.0  92.0  23.0  48.0  47.6  47.0  49.0  33.0  101.0  15.0  60.0  76.0    0 Y11-D25-RSG8
  5.2 SG2  26    6  KEN   9.2   8.1  82.7  51.6 103.0  92.0  23.0  48.0  47.6  47.0  49.0  33.0  101.0  15.0  60.0  77.0    0 Y11-D30-RSG13
  5.2 SG2  26    6  KEN   8.7   8.1  83.2  51.6 103.0  92.0  23.0  48.0  47.6  47.0  49.0  33.0  101.0  15.0  60.0  77.0    0 Y11-D32-RSG15
  5.2 SG2  26    6  KEN   8.7   8.1  83.2  51.6 103.0  92.0  23.0  48.0  47.6  47.0  49.0  33.0  101.0  16.5  60.0  77.0    0 Y11-D38-RSG21
  5.2 SG2  26    6  KEN   8.7   8.1  83.2  51.6 103.0  92.0  23.0  48.0  47.6  47.0  49.0  31.6  101.0  16.5  60.0  77.0    0 Y11-D39-RSG22
  5.2 SG2  26    6  KEN   8.2   8.1  83.7  51.6 103.0  92.0  23.0  48.0  47.6  47.0  49.0  31.6  101.0  16.5  60.0  77.0    0 Y11-D49-RSG32
  5.2 SG2  26    6  KEN   8.2   8.1  83.7  51.6 102.0  92.0  23.0  48.0  47.6  47.0  49.0  31.6  101.0  16.5  60.0  77.0    0 Y11-D50-RSG33
  5.2 SG2  26    6  KEN   8.2   8.1  83.7  51.6 102.0  92.0  23.0  48.0  47.6  47.0  49.0  31.6  101.0  15.5  60.0  77.0    0 Y11-D56-RSG39
  5.2 SG2  26    6  KEN   8.2   8.1  83.7  51.6 103.4  92.0  23.0  48.0  47.6  47.0  49.0  31.6  101.0  15.5  60.0  77.0    0 Y11-D70-RSG53
  5.2 SG2  26    6  KEN   8.2   8.1  83.7  51.6 103.4  92.0  23.0  48.0  47.6  47.0  49.0  31.6  101.0  15.5  58.4  77.0    0 Y11-D75-RSG58
  5.2 SG2  26    6  KEN   8.1   8.0  83.9  49.2 103.4  92.0  23.0  48.0  47.6  47.0  49.0  31.6  101.0  15.5  58.4  77.0    0 Y11-D79-RSG62
  5.2 SG2  26    6  KEN   8.1   8.0  83.9  49.2 103.4  92.0  22.0  48.0  47.6  47.0  49.0  31.6  101.0  15.5  58.4  78.0    0 Y11-D82-RSG65
  5.2 SG2  26    6  KEN   8.1   8.0  83.9  49.2 103.4  92.0  22.0  48.0  47.6  47.0  49.0  32.6  101.0  15.5  58.4  78.0    0 Y11-D86-RSG69
  5.2 SG2  26    6  KEN   8.0   9.4  82.6  49.2 103.4  92.0  22.0  48.0  47.6  47.0  49.0  32.6  101.0  15.5  58.4  78.0    0 Y11-D89-RSG72
  5.2 SG2  26    6  KEN   8.1   9.0  82.9  49.2 103.4  93.5  22.0  48.0  47.6  47.0  49.0  33.6   99.4  15.5  59.9  78.0    0 Y11-D92-RSG75
  5.2 SG2  26    6  KEN   8.1   9.0  82.9  49.2 103.4  93.5  22.0  48.0  47.6  47.0  49.0  34.6   99.4  15.5  59.9  79.0    0 Y11-D94-RSG77
