Draft Pos Age YPro Team InPro 2JPro 3PPro InEff 2JEff 3PEff  OReb  DReb  BDom PassR PassE InDef PerDef  InFR PerFR FTEff GInj Updated
  6.2 PF2  25    5  RAY  31.0  24.0  45.0  91.0  93.0 105.0  33.0  85.0   9.4  16.0  32.0  63.0   42.0  58.5  22.0  83.0    0 Y11-D19-RSG2
  6.2 PF2  25    5  RAY  31.0  24.0  45.0  91.0  93.0 105.0  33.0  85.0   9.4  16.0  32.0  63.0   40.3  58.5  22.0  83.0    0 Y11-D21-RSG4
  6.2 PF2  25    5  RAY  31.0  24.0  45.0  91.0  93.0 105.0  32.0  85.0   9.4  14.8  32.0  63.0   40.3  58.5  22.0  83.0    0 Y11-D29-RSG12
  6.2 PF2  25    5  RAY  31.6  22.6  45.8  91.0  93.0 105.0  32.0  85.0   9.4  14.8  32.0  63.0   40.3  58.5  22.0  83.0    0 Y11-D31-RSG14
  6.2 PF2  25    5  RAY  31.6  22.6  45.8  91.0  93.0 105.0  32.0  85.0   9.4  14.8  32.0  63.0   40.3  58.5  23.0  83.0    0 Y11-D36-RSG19
  6.2 PF2  25    5  RAY  30.5  23.0  46.5  91.0  94.0 105.0  32.0  85.0   9.4  14.8  32.0  63.0   40.3  58.5  23.0  83.0    0 Y11-D45-RSG28
  6.2 PF2  25    5  RAY  30.5  23.0  46.5  91.0  94.0 105.0  32.0  85.0  10.8  14.8  32.0  63.0   40.3  58.5  23.0  83.0    0 Y11-D50-RSG33
  6.2 PF2  25    5  RAY  30.5  23.0  46.5  91.0  93.0 105.0  32.0  85.0  10.8  14.8  32.0  63.0   40.3  58.5  23.0  83.0    0 Y11-D52-RSG35
  6.2 PF2  25    5  RAY  30.0  24.2  45.8  91.0  93.0 105.0  32.0  85.0  10.8  14.8  32.0  63.0   40.3  58.5  23.0  83.0    0 Y11-D53-RSG36
  6.2 PF2  25    5  RAY  30.0  24.2  45.8  91.0  93.0 105.0  33.0  85.0  10.8  14.8  32.0  63.0   40.3  58.5  23.0  83.0    0 Y11-D56-RSG39
  6.2 PF2  25    5  RAY  30.0  24.2  45.8  91.0  93.0 105.0  33.0  85.0  10.8  14.8  32.0  63.0   42.9  58.5  23.0  83.0    0 Y11-D58-RSG41
  6.2 PF2  25    5  RAY  30.0  24.2  45.8  91.0  93.0 106.0  33.0  85.0   9.2  14.8  32.0  63.0   42.9  58.5  23.0  83.0    0 Y11-D61-RSG44
  6.2 PF2  25    5  RAY  30.0  24.2  45.8  91.0  92.0 106.0  33.0  85.0   9.2  14.8  32.0  63.0   42.9  58.5  23.0  83.0    0 Y11-D62-RSG45
  6.2 PF2  25    5  RAY  30.0  24.2  45.8  91.0  92.0 106.0  33.0  85.0   9.2  14.8  35.0  63.0   42.9  58.5  23.0  83.0    0 Y11-D67-RSG50
  6.2 PF2  25    5  RAY  30.0  24.2  45.8  91.0  92.0 106.0  33.0  85.0   9.1  14.8  35.0  63.0   42.9  58.5  23.0  83.0    0 Y11-D69-RSG52
  6.2 PF2  25    5  RAY  29.6  25.3  45.1  91.0  92.0 105.0  33.0  85.0   9.1  14.8  35.0  63.0   42.9  58.5  23.0  83.0    0 Y11-D71-RSG54
  6.2 PF2  25    5  RAY  29.6  25.3  45.1  91.0  92.0 105.0  33.0  85.0   9.1  13.3  35.0  63.0   42.9  58.5  23.0  83.0    0 Y11-D75-RSG58
  6.2 PF2  25    5  RAY  29.6  25.3  45.1  89.0  92.0 105.0  33.0  85.0   9.1  13.3  35.0  63.0   42.9  58.5  23.0  83.0    0 Y11-D77-RSG60
  6.2 PF2  25    5  RAY  29.6  25.3  45.1  89.0  92.0 105.0  33.0  85.0   9.1  12.2  35.0  63.0   42.9  58.5  23.0  83.0    0 Y11-D84-RSG67
  6.2 PF2  25    5  RAY  29.6  25.3  45.1  89.0  92.0 105.0  33.0  85.0   9.1  12.2  35.0  63.0   42.9  59.5  23.0  83.0    0 Y11-D85-RSG68
  6.2 PF2  25    5  RAY  30.4  25.0  44.6  89.0  92.0 105.0  33.0  85.0   9.1  12.2  35.0  63.0   42.9  59.5  23.0  84.0    0 Y11-D86-RSG69
  6.2 PF2  25    5  RAY  30.3  24.9  44.8  89.0  92.0 105.0  33.0  85.0   9.1  12.2  35.0  63.0   42.9  59.5  23.0  84.0    0 Y11-D89-RSG72
  6.2 PF2  25    5  RAY  30.3  24.9  44.8  89.0  93.0 105.0  33.0  85.0  10.5  12.2  35.0  63.0   42.9  59.5  23.0  84.0    0 Y11-D90-RSG73
  6.2 PF2  25    5  RAY  30.3  24.9  44.8  89.0  94.4 105.0  33.0  85.0  10.5  12.2  35.0  63.0   42.9  60.5  23.0  84.0    0 Y11-D93-RSG76
