Draft Pos Age YPro Team InPro 2JPro 3PPro InEff 2JEff 3PEff  OReb  DReb  BDom PassR PassE InDef PerDef  InFR PerFR FTEff GInj Updated
  7.8  C1  24    4  QUE  64.0  27.0   9.0 112.0  70.0 102.0  34.0  97.0   3.0  28.0  43.1 108.0   31.0  89.0  14.0  71.0    0 Y11-D20-RSG3
  7.8  C1  24    4  QUE  64.0  27.0   9.0 112.0  70.0 102.0  34.0  97.0   3.1  28.0  43.1 108.0   31.0  89.0  14.0  71.0    0 Y11-D26-RSG9
  7.8  C1  24    4  QUE  63.7  27.2   9.1 112.0  70.0 102.0  34.0  97.0   3.1  28.0  43.1 108.0   31.0  87.9  14.0  71.0    0 Y11-D29-RSG12
  7.8  C1  24    4  QUE  63.8  27.3   8.9 112.0  70.0 102.0  34.0  97.0   3.1  28.0  43.1 108.0   31.0  87.9  14.0  71.0    0 Y11-D32-RSG15
  7.8  C1  24    4  QUE  63.8  27.3   8.9 112.0  70.0 102.0  34.0  97.0   3.1  28.0  43.1 108.0   31.0  87.9  14.0  72.0    0 Y11-D40-RSG23
  7.8  C1  24    4  QUE  63.7  27.2   9.1 112.0  70.0 102.0  34.0  97.0   3.1  28.0  43.1 108.0   31.0  87.9  14.0  72.0    0 Y11-D42-RSG25
  7.8  C1  24    4  QUE  63.7  27.2   9.1 112.0  70.0 102.0  34.0  95.1   3.1  28.0  43.1 108.0   31.0  87.9  14.0  72.0    0 Y11-D45-RSG28
  7.8  C1  24    4  QUE  63.7  27.2   9.1 112.0  70.0 102.0  34.0  95.1   3.1  28.0  45.5 108.0   31.0  87.9  14.0  72.0    0 Y11-D47-RSG30
  7.8  C1  24    4  QUE  63.6  27.1   9.3 109.2  70.0 102.0  34.0  95.1   3.1  28.0  45.5 108.0   31.0  88.9  14.0  71.0    0 Y11-D48-RSG31
  7.8  C1  24    4  QUE  63.6  27.1   9.3 109.2  71.0 102.0  34.0  95.1   3.1  27.8  45.5 108.0   31.0  88.9  14.0  71.0    0 Y11-D56-RSG39
  7.8  C1  24    4  QUE  63.6  27.1   9.3 108.1  71.0 102.0  34.0  95.1   3.7  27.8  45.5 108.0   31.0  88.9  14.0  71.0    0 Y11-D60-RSG43
  7.8  C1  24    4  QUE  63.6  27.1   9.3 108.1  72.4 102.0  34.0  95.1   3.7  27.8  45.5 108.0   31.0  88.9  14.0  71.0    0 Y11-D62-RSG45
  7.8  C1  24    4  QUE  63.5  27.1   9.4 108.1  72.4 102.0  34.0  95.1   3.7  27.8  45.5 108.0   31.0  88.9  14.0  71.0    0 Y11-D63-RSG46
  7.8  C1  24    4  QUE  63.5  27.1   9.4 105.4  72.4 102.0  34.0  95.1   3.7  27.8  45.5 108.0   32.0  88.9  14.0  71.0    0 Y11-D64-RSG47
  7.8  C1  24    4  QUE  63.3  27.0   9.7 105.4  72.4 102.0  34.0  95.1   3.7  27.8  45.5 108.0   32.0  88.9  14.0  71.0    0 Y11-D66-RSG49
  7.8  C1  24    4  QUE  62.7  27.7   9.6 105.4  72.4 102.0  34.0  95.1   3.7  27.8  45.5 108.0   32.0  88.9  14.0  71.0    0 Y11-D69-RSG52
  7.8  C1  24    4  QUE  62.7  27.7   9.6 105.4  71.4 102.0  34.0  95.1   3.7  27.8  45.5 108.0   30.3  88.9  14.0  71.0    0 Y11-D70-RSG53
  7.8  C1  24    4  QUE  62.7  27.7   9.6 105.4  71.4 102.0  34.0  95.1   3.7  27.8  45.5 109.0   30.3  88.9  14.0  71.0    0 Y11-D78-RSG61
  7.8  C1  24    4  QUE  62.2  28.1   9.7 105.4  71.4 102.0  34.0  94.1   3.7  27.8  45.5 109.0   30.3  88.9  14.0  71.0    0 Y11-D79-RSG62
  7.8  C1  24    4  QUE  62.0  28.0  10.0 105.4  71.4 102.0  34.0  94.1   3.7  27.8  45.5 109.0   30.3  88.9  14.0  71.0    0 Y11-D82-RSG65
  7.8  C1  24    4  QUE  62.0  28.0  10.0 105.4  71.4 102.0  34.0  94.1   3.7  27.8  42.7 109.0   30.3  88.9  14.0  71.0    0 Y11-D88-RSG71
  7.8  C1  24    4  QUE  62.0  28.0  10.0 105.4  71.4 102.0  34.0  94.1   3.0  27.8  42.7 109.0   30.3  88.9  14.0  71.0    0 Y11-D89-RSG72
  7.8  C1  24    4  QUE  62.0  28.0  10.0 105.4  71.4 102.0  34.0  94.1   3.0  27.8  41.2 109.0   30.3  88.9  14.0  71.0    0 Y11-D90-RSG73
  7.8  C1  24    4  QUE  62.8  27.1  10.1 105.4  71.4 103.0  34.0  95.2   3.0  27.8  41.2 109.0   30.3  88.9  14.0  71.0    0 Y11-D91-RSG74
  7.8  C1  24    4  QUE  62.8  27.1  10.1 105.4  71.4 104.0  34.0  92.3   3.0  27.8  41.2 109.0   30.3  89.9  15.0  71.0    0 Y11-D96-RSG79
