Draft Pos Age YPro Team InPro 2JPro 3PPro InEff 2JEff 3PEff  OReb  DReb  BDom PassR PassE InDef PerDef  InFR PerFR FTEff GInj Updated
 8.16 SF1  23    3  QUE  37.5  36.8  25.7  94.0  84.0 105.0  31.0  69.1   3.0  50.0  64.0  73.0   49.0  57.0  52.0  78.0    0 Y11-D24-RSG7
 8.16 SF1  23    3  QUE  37.2  36.5  26.3  94.0  84.0 105.0  31.0  69.1   3.0  50.0  64.0  73.0   49.0  57.0  52.0  78.0    0 Y11-D26-RSG9
 8.16 SF1  23    3  QUE  37.2  36.5  26.3  94.0  82.8 105.0  31.0  69.1   3.0  50.0  65.4  73.0   49.0  58.3  52.0  78.0    0 Y11-D32-RSG15
 8.16 SF1  23    3  QUE  37.2  36.5  26.3  95.6  82.8 105.0  31.0  69.1   3.0  50.0  65.4  73.0   49.0  58.3  52.0  78.0    0 Y11-D34-RSG17
 8.16 SF1  23    3  QUE  37.2  36.5  26.3  95.6  83.8 105.0  31.0  69.1   3.0  50.0  65.4  73.0   49.0  58.3  52.0  78.0    0 Y11-D36-RSG19
 8.16 SF1  23    3  QUE  37.1  36.5  26.4  95.6  83.8 105.0  31.0  69.1   3.0  50.0  65.4  73.0   49.0  58.3  52.0  78.0    0 Y11-D42-RSG25
 8.16 SF1  23    3  QUE  37.1  36.5  26.4  95.6  82.6 105.0  31.0  69.1   3.0  50.0  65.4  73.0   49.0  58.3  52.0  78.0    0 Y11-D43-RSG26
 8.16 SF1  23    3  QUE  37.1  36.5  26.4  95.6  79.7 105.0  31.0  69.1   3.0  50.0  65.4  73.0   49.0  58.3  52.0  78.0    0 Y11-D45-RSG28
 8.16 SF1  23    3  QUE  37.1  36.5  26.4  95.6  79.7 105.0  31.0  69.1   3.0  50.0  65.4  73.0   49.0  58.3  52.0  78.0    0 Y11-D47-RSG30
 8.16 SF1  23    3  QUE  37.1  36.5  26.4  95.6  79.7 106.0  31.0  69.1   4.1  50.0  65.4  73.0   49.0  58.3  52.0  78.0    2 Y11-D48-RSG31
 8.16 SF1  23    3  QUE  37.1  36.5  26.4  95.6  79.7 106.0  31.0  69.1   4.1  50.0  65.4  73.0   49.0  58.3  52.0  78.0    1 Y11-D49-RSG32
 8.16 SF1  23    3  QUE  37.1  36.5  26.4  95.6  79.7 106.0  31.0  69.1   4.1  50.0  65.4  73.0   49.0  58.3  52.0  78.0    0 Y11-D50-RSG33
 8.16 SF1  23    3  QUE  37.1  36.5  26.4  95.6  79.7 106.0  31.0  69.1   4.1  50.0  65.4  73.0   49.0  59.3  52.0  78.0    0 Y11-D55-RSG38
 8.16 SF1  23    3  QUE  37.1  36.5  26.4  95.6  82.5 106.0  31.0  69.1   4.1  50.0  65.4  73.0   49.0  59.3  52.0  78.0    0 Y11-D56-RSG39
 8.16 SF1  23    3  QUE  37.1  36.5  26.4  95.6  82.5 106.0  31.0  69.1   4.1  50.0  65.4  70.2   49.0  59.3  52.0  78.0    0 Y11-D63-RSG46
 8.16 SF1  23    3  QUE  37.1  36.5  26.4  95.6  82.5 106.0  31.0  69.1   4.1  49.7  65.4  70.2   49.0  59.3  52.0  78.0    0 Y11-D64-RSG47
 8.16 SF1  23    3  QUE  37.1  36.5  26.4  95.6  82.5 106.0  31.0  69.1   4.1  49.7  65.4  70.2   46.9  59.3  52.0  78.0    0 Y11-D65-RSG48
 8.16 SF1  23    3  QUE  37.1  36.5  26.4  95.6  82.5 106.0  31.0  69.1   4.1  49.7  65.4  70.2   46.9  59.3  50.4  78.0    0 Y11-D68-RSG51
 8.16 SF1  23    3  QUE  37.1  36.5  26.4  95.6  82.5 106.0  31.0  69.1   4.1  49.7  65.4  71.2   46.9  59.3  50.4  78.0    0 Y11-D70-RSG53
 8.16 SF1  23    3  QUE  37.1  36.5  26.4  95.6  82.5 106.0  31.0  69.1   4.1  49.7  64.4  71.2   46.9  59.3  50.4  78.0    0 Y11-D72-RSG55
 8.16 SF1  23    3  QUE  37.1  36.5  26.4  95.6  82.5 104.4  32.0  69.1   4.1  49.7  64.4  71.2   46.9  59.3  50.4  78.0    0 Y11-D74-RSG57
 8.16 SF1  23    3  QUE  37.9  35.2  26.9  95.6  82.5 104.4  32.0  69.1   4.1  49.7  64.4  71.2   46.9  59.3  50.4  78.0    0 Y11-D75-RSG58
 8.16 SF1  23    3  QUE  37.0  36.7  26.3  95.6  82.5 104.4  32.0  69.1   4.1  49.7  64.4  71.2   46.9  59.3  50.4  78.0    0 Y11-D78-RSG61
 8.16 SF1  23    3  QUE  37.3  36.2  26.5  95.6  82.5 104.4  32.0  69.1   4.1  49.7  64.4  72.2   46.9  59.3  50.4  78.0    0 Y11-D80-RSG63
 8.16 SF1  23    3  QUE  37.3  36.2  26.5  94.6  82.5 104.4  32.0  69.1   4.9  49.7  64.4  72.2   46.9  59.3  50.4  78.0    0 Y11-D81-RSG64
 8.16 SF1  23    3  QUE  37.3  36.2  26.5  94.6  82.5 104.4  30.4  69.1   4.9  49.7  64.4  72.2   46.9  59.3  50.4  78.0    0 Y11-D84-RSG67
 8.16 SF1  23    3  QUE  37.3  36.2  26.5  94.6  82.5 104.4  31.4  69.1   4.9  49.7  64.4  72.2   46.9  59.3  50.4  78.0    0 Y11-D85-RSG68
 8.16 SF1  23    3  QUE  37.3  36.2  26.5  94.6  83.5 104.4  31.4  69.1   4.9  49.7  64.4  72.2   46.9  59.3  50.4  78.0    0 Y11-D86-RSG69
 8.16 SF1  23    3  QUE  37.3  36.2  26.5  94.6  83.5 104.4  31.4  69.1   4.9  49.7  64.4  71.2   46.9  59.3  50.4  78.0    0 Y11-D88-RSG71
 8.16 SF1  23    3  QUE  37.3  36.2  26.5  94.6  85.3 104.4  31.4  69.1   4.9  49.7  64.4  71.2   46.9  59.3  50.4  78.0    0 Y11-D91-RSG74
 8.16 SF1  23    3  QUE  36.9  35.8  27.3  94.6  83.1 104.4  31.4  69.1   4.9  49.7  64.4  71.2   46.9  59.3  50.4  78.0    0 Y11-D93-RSG76
 8.16 SF1  23    3  QUE  36.8  35.7  27.5  94.6  83.1 104.4  31.4  69.1   4.9  49.7  64.4  71.2   46.9  59.3  50.4  78.0    0 Y11-D95-RSG78
 8.16 SF1  23    3  QUE  36.8  35.7  27.5  94.6  83.1 104.4  31.4  71.0   4.9  49.7  64.4  71.2   48.1  59.3  50.4  78.0    0 Y11-D96-RSG79
