Draft Pos Age YPro Team InPro 2JPro 3PPro InEff 2JEff 3PEff  OReb  DReb  BDom PassR PassE InDef PerDef  InFR PerFR FTEff GInj Updated
  8.2 SF2  23    3  RAY  17.0  53.0  30.0  86.0 106.0  89.0  27.0  57.0  26.0  54.0  45.0  39.0   72.0  46.0  62.0  82.0    0 Y11-D20-RSG3
  8.2 SF2  23    3  RAY  17.0  53.0  30.0  86.0 106.0  89.0  27.0  57.0  26.0  54.0  45.0  39.0   72.0  47.0  62.0  82.0    0 Y11-D26-RSG9
  8.2 SF2  23    3  RAY  17.0  53.0  30.0  86.0 106.0  89.0  27.0  57.0  26.0  54.0  45.0  38.0   72.0  47.0  62.0  82.0    0 Y11-D27-RSG10
  8.2 SF2  23    3  RAY  17.0  53.0  30.0  86.0 106.0  89.0  27.0  57.0  26.0  55.5  45.0  38.0   72.0  48.0  62.0  82.0    0 Y11-D29-RSG12
  8.2 SF2  23    3  RAY  17.0  53.0  30.0  86.0 106.0  89.0  27.0  57.0  26.0  55.5  45.0  38.0   72.0  48.0  63.1  82.0    0 Y11-D33-RSG16
  8.2 SF2  23    3  RAY  17.0  53.0  30.0  86.0 106.0  89.0  27.0  57.0  26.0  55.5  45.0  38.0   72.0  48.0  63.1  79.1    0 Y11-D37-RSG20
  8.2 SF2  23    3  RAY  15.5  54.0  30.5  86.0 106.0  89.0  27.0  57.0  26.0  55.5  47.3  38.0   72.0  48.0  63.1  79.1    0 Y11-D40-RSG23
  8.2 SF2  23    3  RAY  15.5  54.0  30.5  86.0 106.0  86.3  27.0  57.0  26.0  55.5  47.3  38.0   72.0  48.0  63.1  79.1    0 Y11-D45-RSG28
  8.2 SF2  23    3  RAY  15.5  54.0  30.5  87.0 106.0  86.3  27.0  57.0  26.0  55.5  47.3  38.0   72.0  48.0  63.1  79.1    0 Y11-D46-RSG29
  8.2 SF2  23    3  RAY  15.5  54.0  30.5  87.0 107.0  86.3  27.0  57.0  26.0  55.5  47.3  38.0   72.0  48.0  63.1  79.1    0 Y11-D49-RSG32
  8.2 SF2  23    3  RAY  15.2  54.9  29.9  87.0 107.0  86.3  27.0  57.0  26.0  55.5  48.3  38.0   71.0  45.0  64.1  79.1    0 Y11-D54-RSG37
  8.2 SF2  23    3  RAY  14.0  55.7  30.3  87.0 107.0  86.3  27.0  57.0  26.0  55.5  48.3  38.0   71.0  45.0  64.1  79.1    0 Y11-D57-RSG40
  8.2 SF2  23    3  RAY  14.0  55.7  30.3  87.0 107.0  86.3  27.0  57.0  26.0  55.5  48.3  38.0   68.5  45.0  64.1  79.1    0 Y11-D63-RSG46
  8.2 SF2  23    3  RAY  14.0  55.7  30.3  87.0 107.0  86.3  27.0  57.0  26.0  55.5  47.3  38.0   68.5  45.0  64.1  79.1    0 Y11-D68-RSG51
  8.2 SF2  23    3  RAY  14.0  55.7  30.3  87.0 107.0  86.3  27.0  57.0  26.0  55.5  47.3  38.0   68.5  45.0  64.1  80.1    0 Y11-D69-RSG52
  8.2 SF2  23    3  RAY  14.0  55.7  30.3  87.0 107.0  86.3  27.0  57.0  26.0  55.5  47.3  38.0   68.5  44.0  64.1  80.1    0 Y11-D70-RSG53
  8.2 SF2  23    3  RAY  14.0  55.7  30.3  87.0 105.7  86.3  27.0  57.0  26.0  55.5  47.3  38.0   68.5  44.0  64.1  81.1    0 Y11-D76-RSG59
  8.2 SF2  23    3  RAY  14.0  55.7  30.3  87.0 105.7  86.3  27.0  58.0  26.0  55.5  47.3  38.0   68.5  44.0  64.1  82.1    0 Y11-D79-RSG62
  8.2 SF2  23    3  RAY  14.0  55.7  30.3  87.0 105.7  88.6  27.0  58.0  26.0  55.5  47.3  38.0   68.5  44.0  64.1  82.1    0 Y11-D82-RSG65
  8.2 SF2  23    3  RAY  14.0  55.7  30.3  87.0 105.7  88.6  27.0  58.0  26.0  54.6  47.3  38.0   68.5  44.0  64.1  82.1    0 Y11-D85-RSG68
  8.2 SF2  23    3  RAY  14.0  55.7  30.3  87.0 105.7  88.6  27.0  58.0  26.0  54.6  47.3  38.0   68.5  45.2  64.1  82.1    0 Y11-D86-RSG69
  8.2 SF2  23    3  RAY  14.0  55.7  30.3  87.0 106.7  88.6  27.0  58.0  26.0  54.6  47.3  38.0   68.5  45.2  64.1  82.1    0 Y11-D88-RSG71
  8.2 SF2  23    3  RAY  12.7  56.5  30.8  87.0 106.7  88.6  27.0  58.0  26.0  54.6  47.3  38.0   68.5  45.2  64.1  82.1    0 Y11-D90-RSG73
  8.2 SF2  23    3  RAY  12.7  56.5  30.8  87.0 107.9  88.6  27.0  58.0  26.0  54.6  47.3  38.0   68.5  45.2  64.1  82.1    0 Y11-D92-RSG75
  8.2 SF2  23    3  RAY  12.7  56.5  30.8  87.0 107.9  88.6  27.0  58.0  26.0  54.6  47.3  38.0   68.5  45.2  64.1  83.1    0 Y11-D93-RSG76
  8.2 SF2  23    3  RAY  12.7  56.5  30.8  87.0 107.9  88.6  27.0  58.0  26.0  54.6  47.3  38.0   68.5  46.5  64.1  83.1    0 Y11-D94-RSG77
  8.2 SF2  23    3  RAY  12.7  56.5  30.8  87.0 107.9  88.6  27.0  58.0  26.0  54.6  47.3  38.0   68.5  43.8  64.1  84.1    0 Y11-D95-RSG78
  8.2 SF2  23    3  RAY  12.7  56.5  30.8  84.4 107.9  88.6  28.0  58.0  26.0  54.6  47.3  38.0   68.5  43.8  64.1  84.1    0 Y11-D96-RSG79
  8.2 SF2  23    3  RAY  12.7  56.5  30.8  84.4 107.9  88.6  28.0  58.0  26.0  54.6  47.3  38.0   68.5  43.8  64.1  84.1    0 Y11-D97-RSG80
