Draft Pos Age YPro Team InPro 2JPro 3PPro InEff 2JEff 3PEff  OReb  DReb  BDom PassR PassE InDef PerDef  InFR PerFR FTEff GInj Updated
  9.1 SG2  22    2  QUE  21.0  21.0  58.0  55.0  67.0 102.0  16.0  26.0  25.0  43.0  70.0  64.0   96.0  43.0  49.0  90.0  133 Y11-D18-RSG1
  9.1 SG2  22    2  QUE  21.0  21.0  58.0  55.0  67.0 102.0  16.0  26.0  25.0  43.0  70.0  64.0   96.0  43.0  49.0  90.0  132 Y11-D19-RSG2
  9.1 SG2  22    2  QUE  21.3  19.8  58.9  55.0  67.0 102.0  16.0  26.0  25.0  43.0  70.0  64.0   96.0  43.0  49.0  90.0  132 Y11-D20-RSG3
  9.1 SG2  22    2  QUE  21.3  19.8  58.9  55.0  67.0 102.0  16.0  26.0  25.0  45.9  70.0  64.0   96.0  43.0  49.0  90.0  132 Y11-D21-RSG4
  9.1 SG2  22    2  QUE  21.3  19.8  58.9  55.0  67.0 102.0  16.0  26.0  25.0  45.9  70.0  64.0   96.0  43.0  49.0  90.0  132 Y11-D22-RSG5
  9.1 SG2  22    2  QUE  21.3  19.8  58.9  55.0  67.0 102.0  16.0  26.0  25.0  45.9  70.0  64.0   96.0  43.0  49.0  90.0  131 Y11-D23-RSG6
  9.1 SG2  22    2  QUE  21.3  19.8  58.9  55.0  67.0 103.1  16.0  26.0  25.0  45.9  70.0  64.0   96.0  42.0  49.0  90.0  130 Y11-D24-RSG7
  9.1 SG2  22    2  QUE  21.3  19.8  58.9  55.0  67.0 103.1  16.0  26.0  25.0  45.9  70.0  64.0   96.0  42.0  49.0  90.0  127 Y11-D25-RSG8
  9.1 SG2  22    2  QUE  21.3  19.8  58.9  55.0  67.0 103.1  16.0  26.0  25.0  45.9  70.0  64.0   96.0  42.0  49.0  90.0  126 Y11-D26-RSG9
  9.1 SG2  22    2  QUE  21.3  19.8  58.9  55.0  67.0 103.1  16.0  26.0  26.8  45.9  70.0  64.0   96.0  42.0  49.0  90.0  125 Y11-D27-RSG10
  9.1 SG2  22    2  QUE  21.3  19.8  58.9  55.0  67.0 103.1  16.0  26.0  26.8  45.9  70.0  64.0   96.0  42.0  49.0  90.0  125 Y11-D28-RSG11
  9.1 SG2  22    2  QUE  21.3  19.8  58.9  55.0  67.0 103.1  16.0  26.0  26.8  45.9  70.0  64.0   96.0  42.0  49.0  90.0  124 Y11-D29-RSG12
  9.1 SG2  22    2  QUE  21.3  19.8  58.9  55.0  67.0 103.1  16.0  26.0  26.8  45.9  70.0  64.0   96.0  42.0  49.0  90.0  123 Y11-D30-RSG13
  9.1 SG2  22    2  QUE  21.3  19.8  58.9  55.0  67.0 103.1  16.0  26.0  26.8  45.9  70.0  64.0   96.0  42.0  49.0  90.0  122 Y11-D31-RSG14
  9.1 SG2  22    2  QUE  20.7  19.3  60.0  55.0  67.0 103.1  16.0  26.0  26.8  45.9  70.0  64.0   96.0  42.0  49.0  90.0  120 Y11-D32-RSG15
  9.1 SG2  22    2  QUE  20.7  19.3  60.0  55.0  67.0 103.1  16.0  26.0  26.8  45.9  70.0  64.0   96.0  42.0  49.0  90.0  120 Y11-D33-RSG16
  9.1 SG2  22    2  QUE  20.7  19.3  60.0  55.0  67.0 103.1  16.0  26.0  26.8  45.9  70.0  64.0   96.0  42.0  49.0  90.0  119 Y11-D34-RSG17
  9.1 SG2  22    2  QUE  20.7  19.3  60.0  55.0  67.0 103.1  16.0  26.0  26.8  45.9  70.0  64.0   96.0  42.0  49.0  90.0  118 Y11-D35-RSG18
  9.1 SG2  22    2  QUE  20.7  19.3  60.0  55.0  67.0 103.1  16.0  26.0  26.8  45.9  70.0  64.0   96.0  42.0  49.0  90.0  116 Y11-D36-RSG19
  9.1 SG2  22    2  QUE  20.7  19.3  60.0  55.0  67.0 103.1  16.0  26.0  26.8  45.9  70.0  64.0   96.0  42.0  49.0  90.0  115 Y11-D37-RSG20
  9.1 SG2  22    2  QUE  20.7  19.3  60.0  55.0  67.0 103.1  16.0  26.0  26.8  45.9  70.0  64.0   96.0  42.0  49.0  90.0  114 Y11-D38-RSG21
  9.1 SG2  22    2  QUE  20.7  19.3  60.0  55.0  67.0 103.1  16.0  26.0  26.8  45.9  70.0  64.0   96.0  42.0  49.0  90.0  114 Y11-D39-RSG22
  9.1 SG2  22    2  QUE  20.7  19.3  60.0  55.0  67.0 103.1  16.0  26.0  26.8  45.9  70.0  64.0   96.0  42.0  49.0  90.0  114 Y11-D40-RSG23
  9.1 SG2  22    2  QUE  20.7  19.3  60.0  55.0  67.0 103.1  16.0  26.0  26.8  45.9  70.0  64.0   96.0  42.0  49.0  90.0  112 Y11-D41-RSG24
  9.1 SG2  22    2  QUE  20.7  19.3  60.0  55.0  67.0 103.1  16.0  26.0  26.8  45.9  70.0  64.0   96.0  42.0  49.0  90.0  110 Y11-D42-RSG25
  9.1 SG2  22    2  QUE  20.7  19.3  60.0  55.0  67.0 103.1  16.0  26.0  26.8  45.9  70.0  64.0   96.0  42.0  49.0  88.6  110 Y11-D43-RSG26
  9.1 SG2  22    2  QUE  20.7  19.3  60.0  55.0  67.0 103.1  16.0  26.0  26.8  45.9  70.0  64.0   96.0  42.0  49.0  88.6  109 Y11-D44-RSG27
  9.1 SG2  22    2  QUE  20.7  19.3  60.0  55.0  67.0 103.1  16.0  26.0  26.8  45.9  70.0  64.0   96.0  42.0  49.0  88.6  108 Y11-D45-RSG28
  9.1 SG2  22    2  QUE  20.7  19.3  60.0  55.0  67.0 103.1  16.0  26.0  26.8  45.9  70.0  64.0   96.0  42.0  49.0  88.6  107 Y11-D46-RSG29
  9.1 SG2  22    2  QUE  20.7  19.3  60.0  55.0  67.0 103.1  16.0  26.0  26.8  45.9  70.0  64.0   96.0  42.0  49.0  88.6  105 Y11-D47-RSG30
  9.1 SG2  22    2  QUE  20.7  19.3  60.0  55.0  67.0 103.1  16.0  26.0  26.8  45.9  70.0  64.0   96.0  42.0  49.0  88.6  103 Y11-D48-RSG31
  9.1 SG2  22    2  QUE  20.7  19.3  60.0  55.0  67.0 103.1  16.0  26.0  26.8  45.9  70.0  64.0   96.0  42.0  49.0  88.6  101 Y11-D49-RSG32
  9.1 SG2  22    2  QUE  20.7  19.3  60.0  55.0  67.0 103.1  16.0  26.0  26.8  45.9  70.0  62.6   96.0  42.0  49.0  88.6  100 Y11-D50-RSG33
  9.1 SG2  22    2  QUE  20.7  19.3  60.0  55.0  67.0 103.1  16.0  26.0  26.8  45.9  70.0  62.6   96.0  42.0  49.0  88.6   98 Y11-D51-RSG34
  9.1 SG2  22    2  QUE  20.7  19.3  60.0  55.0  67.0 103.1  16.0  26.0  26.8  45.9  70.0  62.6   96.0  42.0  49.0  88.6   98 Y11-D52-RSG35
  9.1 SG2  22    2  QUE  20.7  19.3  60.0  55.0  67.0 103.1  16.0  26.0  26.8  45.9  70.0  62.6   96.0  42.0  49.0  88.6   96 Y11-D53-RSG36
  9.1 SG2  22    2  QUE  20.7  19.3  60.0  55.0  67.0 103.1  16.0  26.0  26.8  45.9  70.0  62.6   96.0  42.0  49.0  88.6   95 Y11-D54-RSG37
  9.1 SG2  22    2  QUE  20.7  19.3  60.0  55.0  67.0 103.1  16.0  26.0  26.8  45.9  70.0  62.6   96.0  42.0  49.0  88.6   94 Y11-D55-RSG38
  9.1 SG2  22    2  QUE  20.6  19.5  59.9  55.0  67.0 103.1  16.0  26.0  26.8  45.9  70.0  62.6   96.0  42.0  49.0  88.6   93 Y11-D56-RSG39
  9.1 SG2  22    2  QUE  19.4  19.8  60.8  55.0  67.0 103.1  16.0  26.0  26.8  45.9  70.0  62.6   96.0  42.0  49.0  88.6   92 Y11-D57-RSG40
  9.1 SG2  22    2  QUE  19.4  19.8  60.8  55.0  67.0 103.1  16.0  26.0  26.8  45.9  70.0  62.6   96.0  42.0  49.0  88.6   90 Y11-D58-RSG41
  9.1 SG2  22    2  QUE  19.4  19.8  60.8  55.0  67.0 103.1  16.0  26.0  26.8  45.9  70.0  62.6   96.0  42.0  49.0  88.6   88 Y11-D59-RSG42
  9.1 SG2  22    2  QUE  19.4  19.8  60.8  55.0  67.0 103.1  16.0  26.0  26.8  43.1  70.0  62.6   96.0  42.0  49.0  88.6   88 Y11-D60-RSG43
  9.1 SG2  22    2  QUE  18.9  22.0  59.1  55.0  67.0 103.1  16.0  26.0  26.8  43.1  70.0  62.6   96.0  42.0  49.0  88.6   87 Y11-D61-RSG44
  9.1 SG2  22    2  QUE  18.9  22.0  59.1  55.0  66.0 103.1  16.0  26.0  28.7  43.1  70.0  62.6   96.0  42.0  49.0  88.6   85 Y11-D62-RSG45
  9.1 SG2  22    2  QUE  18.9  22.0  59.1  55.0  66.0 103.1  16.0  26.0  28.7  43.1  70.0  62.6   96.0  42.0  50.0  88.6   84 Y11-D63-RSG46
  9.1 SG2  22    2  QUE  18.9  22.0  59.1  55.0  66.0 103.1  16.0  26.0  28.7  43.1  70.0  61.6   96.0  42.0  50.0  88.6   83 Y11-D64-RSG47
  9.1 SG2  22    2  QUE  18.9  22.0  59.1  55.0  66.0 103.1  16.0  26.0  28.7  43.1  70.0  61.6   96.0  42.0  50.0  88.6   83 Y11-D65-RSG48
  9.1 SG2  22    2  QUE  18.9  22.0  59.1  55.0  66.0 103.1  16.0  26.0  28.7  43.1  70.0  61.6   96.0  42.0  50.0  88.6   83 Y11-D66-RSG49
  9.1 SG2  22    2  QUE  18.9  22.0  59.1  55.0  66.0 103.1  16.0  26.0  28.7  43.1  70.0  61.6   96.0  42.0  50.0  88.6   81 Y11-D67-RSG50
  9.1 SG2  22    2  QUE  18.9  22.0  59.1  55.0  66.0 103.1  17.0  26.0  28.7  43.1  70.0  61.6   96.0  42.0  50.0  88.6   81 Y11-D68-RSG51
  9.1 SG2  22    2  QUE  18.9  22.0  59.1  55.0  66.0 103.1  17.0  26.0  28.7  43.1  70.0  61.6   96.0  42.0  50.0  88.6   78 Y11-D69-RSG52
  9.1 SG2  22    2  QUE  19.4  22.6  58.0  55.0  66.0 103.1  17.0  26.0  28.7  43.1  70.0  61.6   96.0  42.0  50.0  88.6   77 Y11-D70-RSG53
  9.1 SG2  22    2  QUE  19.4  22.6  58.0  55.0  66.0 103.1  17.0  26.0  28.7  43.1  70.0  61.6   96.0  42.0  50.0  88.6   76 Y11-D71-RSG54
  9.1 SG2  22    2  QUE  19.4  22.6  58.0  55.0  66.0 103.1  17.0  23.0  28.7  43.1  70.0  61.6   96.0  42.0  50.0  88.6   75 Y11-D72-RSG55
  9.1 SG2  22    2  QUE  19.4  22.6  58.0  55.0  66.0 103.1  17.0  23.0  28.7  43.1  70.0  61.6   96.0  42.0  50.0  88.6   74 Y11-D73-RSG56
  9.1 SG2  22    2  QUE  19.4  22.6  58.0  55.0  66.0 103.1  17.0  20.7  28.7  43.1  67.0  61.6   96.0  42.0  50.0  88.6   72 Y11-D74-RSG57
  9.1 SG2  22    2  QUE  19.4  22.6  58.0  55.0  66.0 103.1  15.8  20.7  28.7  43.1  67.0  61.6   96.0  42.0  50.0  88.6   72 Y11-D75-RSG58
  9.1 SG2  22    2  QUE  19.4  22.6  58.0  55.0  66.0 103.1  15.8  20.7  28.7  43.1  67.0  61.6   96.0  42.0  50.0  88.6   70 Y11-D76-RSG59
  9.1 SG2  22    2  QUE  19.4  22.6  58.0  55.0  66.0 103.1  15.8  20.7  28.7  43.1  67.0  61.6   96.0  42.0  50.0  88.6   69 Y11-D77-RSG60
  9.1 SG2  22    2  QUE  19.4  22.6  58.0  55.0  66.0 103.1  15.8  20.7  28.7  43.1  64.7  61.6   96.0  42.0  50.0  88.6   69 Y11-D78-RSG61
  9.1 SG2  22    2  QUE  19.4  22.6  58.0  55.0  66.0 103.1  15.8  20.7  28.7  43.1  64.7  61.6   96.0  42.0  50.0  88.6   67 Y11-D79-RSG62
  9.1 SG2  22    2  QUE  19.4  22.6  58.0  55.0  64.8 103.1  15.8  20.7  28.7  43.1  64.7  61.6   96.0  42.0  50.0  88.6   66 Y11-D80-RSG63
  9.1 SG2  22    2  QUE  19.4  22.6  58.0  55.0  64.8 103.1  15.8  20.7  28.7  43.1  64.7  61.6   96.0  42.0  50.0  88.6   66 Y11-D81-RSG64
  9.1 SG2  22    2  QUE  19.4  22.6  58.0  55.0  64.8 103.1  15.8  20.7  28.7  43.1  64.7  61.6   96.0  42.0  50.0  88.6   65 Y11-D82-RSG65
  9.1 SG2  22    2  QUE  19.4  22.6  58.0  55.0  64.8 103.1  15.8  20.7  28.7  43.1  64.7  61.6   96.0  39.6  50.0  88.6   63 Y11-D83-RSG66
  9.1 SG2  22    2  QUE  19.4  22.6  58.0  55.0  64.8 103.1  15.8  20.7  28.7  43.1  64.7  61.6   96.0  39.6  50.0  88.6   62 Y11-D84-RSG67
  9.1 SG2  22    2  QUE  19.4  22.6  58.0  55.0  64.8 103.1  15.8  20.7  28.7  43.1  64.7  61.6   96.0  39.6  50.0  88.6   61 Y11-D85-RSG68
  9.1 SG2  22    2  QUE  19.4  22.6  58.0  55.0  64.8 103.1  15.8  20.7  28.7  42.1  64.7  61.6   96.0  39.6  50.0  88.6   60 Y11-D86-RSG69
  9.1 SG2  22    2  QUE  19.4  22.6  58.0  55.0  64.8 103.1  15.8  20.7  28.7  42.1  64.7  61.6   96.0  39.6  50.0  88.6   59 Y11-D87-RSG70
  9.1 SG2  22    2  QUE  19.4  22.6  58.0  55.0  64.8 103.1  15.8  20.7  28.7  42.1  64.7  61.6   96.0  39.6  50.0  88.6   58 Y11-D88-RSG71
  9.1 SG2  22    2  QUE  19.4  22.6  58.0  55.0  64.8 103.1  15.8  20.7  28.7  42.1  64.7  61.6   96.0  39.6  50.0  88.6   58 Y11-D89-RSG72
  9.1 SG2  22    2  QUE  19.4  22.6  58.0  55.0  64.8 103.1  15.8  20.7  28.7  42.1  64.7  61.6   96.0  39.6  50.0  88.6   57 Y11-D90-RSG73
  9.1 SG2  22    2  QUE  19.4  22.6  58.0  55.0  64.8 103.1  15.8  20.7  28.7  42.1  64.7  61.6   98.2  39.6  50.0  88.6   57 Y11-D91-RSG74
  9.1 SG2  22    2  QUE  19.4  22.6  58.0  52.5  64.8 103.1  15.8  20.7  28.7  42.1  64.7  61.6   98.2  39.6  50.0  88.6   56 Y11-D92-RSG75
  9.1 SG2  22    2  QUE  19.4  22.6  58.0  52.5  64.8 103.1  16.8  20.7  28.7  42.1  64.7  61.6   98.2  39.6  50.0  88.6   55 Y11-D93-RSG76
  9.1 SG2  22    2  QUE  19.3  22.5  58.2  52.5  64.8 103.1  16.8  20.7  28.7  42.1  64.7  61.6   98.2  39.6  50.0  88.6   55 Y11-D94-RSG77
  9.1 SG2  22    2  QUE  19.3  22.5  58.2  52.5  64.8 103.1  16.8  20.7  28.7  42.1  64.7  61.6   98.2  39.6  50.0  88.6   54 Y11-D95-RSG78
  9.1 SG2  22    2  QUE  19.3  22.5  58.2  52.5  64.8 103.1  16.8  20.7  28.7  42.1  64.7  61.6   98.2  39.6  50.0  88.6   53 Y11-D96-RSG79
  9.1 SG2  22    2  QUE  19.3  22.5  58.2  52.5  64.8 102.1  16.8  20.7  28.7  42.1  64.7  61.6   98.2  39.6  50.0  88.6   52 Y11-D97-RSG80
