Draft Pos Age YPro Team InPro 2JPro 3PPro InEff 2JEff 3PEff  OReb  DReb  BDom PassR PassE InDef PerDef  InFR PerFR FTEff GInj Updated
 10.3  C1  21    1  LAT  66.0  32.0   2.0 103.0  70.0  20.0  42.1  89.0  19.0  26.0  16.0  79.0   12.0  78.0  96.0  79.0    0 Y11-D21-RSG4
 10.3  C1  21    1  LAT  65.8  31.9   2.3 103.0  70.0  20.0  42.1  89.0  19.0  26.0  16.0  79.0   12.0  78.0  96.0  79.0    0 Y11-D24-RSG7
 10.3  C1  21    1  LAT  65.8  31.9   2.3 103.0  70.0  20.0  42.1  89.0  19.0  26.0  16.0  79.0   13.0  78.0  96.0  79.0    0 Y11-D27-RSG10
 10.3  C1  21    1  LAT  65.8  31.9   2.3 103.0  70.0  20.0  42.1  89.0  19.0  26.0  16.0  79.0   13.0  78.0  96.0  78.0    0 Y11-D29-RSG12
 10.3  C1  21    1  LAT  65.8  31.9   2.3 103.0  70.0  20.0  42.1  89.0  19.0  26.0  16.0  79.0   13.0  78.0  96.0  79.0    0 Y11-D30-RSG13
 10.3  C1  21    1  LAT  65.8  31.9   2.3 103.0  70.0  20.0  42.1  89.0  19.0  26.0  16.0  79.0   13.0  78.0  96.0  78.0    0 Y11-D35-RSG18
 10.3  C1  21    1  LAT  66.0  31.7   2.3 103.0  70.0  20.0  42.1  89.0  19.0  26.0  16.0  79.0   13.0  78.0  96.0  78.0    0 Y11-D37-RSG20
 10.3  C1  21    1  LAT  66.0  31.7   2.3 103.0  70.0  20.0  42.1  89.0  19.0  26.0  16.0  80.0   13.0  78.0  96.0  78.0    0 Y11-D38-RSG21
 10.3  C1  21    1  LAT  66.0  31.7   2.3 103.0  70.0  20.0  42.1  89.0  19.0  26.0  16.0  80.0   12.0  78.0  96.0  78.0    0 Y11-D39-RSG22
 10.3  C1  21    1  LAT  66.0  31.7   2.3 103.0  70.0  20.0  41.1  89.0  19.0  26.0  16.0  80.0   12.0  78.0  96.0  78.0    0 Y11-D42-RSG25
 10.3  C1  21    1  LAT  65.1  32.6   2.3 103.0  70.0  20.0  41.1  92.1  19.0  26.0  16.0  80.0   12.0  78.0  96.0  78.0    0 Y11-D43-RSG26
 10.3  C1  21    1  LAT  65.4  32.3   2.3 103.0  70.0  20.0  41.1  92.1  19.0  26.0  13.2  80.0   12.0  78.0  96.0  78.0    0 Y11-D46-RSG29
 10.3  C1  21    1  LAT  65.4  32.3   2.3 103.0  70.0  20.0  41.1  92.1  19.0  26.0  13.2  80.0   12.0  75.1  96.0  78.0    0 Y11-D47-RSG30
 10.3  C1  21    1  LAT  65.4  32.3   2.3 103.0  71.0  20.0  42.4  92.1  19.0  26.0  13.2  80.0   12.0  75.1  96.0  78.0    0 Y11-D50-RSG33
 10.3  C1  21    1  LAT  65.4  32.3   2.3 103.0  71.0  20.0  40.6  92.1  19.0  26.0  13.2  80.0   12.0  75.1  96.0  78.0    0 Y11-D51-RSG34
 10.3  C1  21    1  LAT  65.4  32.3   2.3 103.0  71.0  20.0  40.6  92.1  19.0  26.0  13.2  80.0   12.0  73.5  96.0  78.0    0 Y11-D52-RSG35
 10.3  C1  21    1  LAT  65.4  32.3   2.3 103.0  71.0  20.0  40.6  92.1  19.0  26.0  13.2  80.0   12.0  73.5  96.0  79.0    0 Y11-D57-RSG40
 10.3  C1  21    1  LAT  65.4  32.3   2.3 103.0  71.0  20.0  40.6  92.1  19.0  26.0  13.2  80.0   12.0  73.5  96.0  80.0    0 Y11-D59-RSG42
 10.3  C1  21    1  LAT  65.3  32.2   2.5 103.0  71.0  20.0  40.6  92.1  19.0  26.0  13.2  80.0   12.0  73.5  96.0  80.0    0 Y11-D67-RSG50
 10.3  C1  21    1  LAT  63.9  33.6   2.5 103.0  71.0  20.0  40.6  92.1  19.0  26.0  13.2  80.0   12.0  73.5  96.0  80.0    0 Y11-D69-RSG52
 10.3  C1  21    1  LAT  63.9  33.6   2.5 103.0  71.0  20.0  40.6  92.1  19.0  26.0  13.2  81.0   12.0  73.5  96.0  80.0    0 Y11-D72-RSG55
 10.3  C1  21    1  LAT  64.1  33.4   2.5 103.0  71.0  21.5  40.6  93.1  19.0  26.0  13.2  81.0   12.0  73.5  96.0  80.0    0 Y11-D75-RSG58
 10.3  C1  21    1  LAT  64.1  33.4   2.5 103.0  71.0  21.5  40.6  93.1  19.0  26.0  13.2  81.0   12.0  73.5  97.0  80.0    0 Y11-D76-RSG59
 10.3  C1  21    1  LAT  64.4  33.6   2.0 103.0  71.0  21.5  40.6  93.1  19.0  26.0  13.2  81.0   12.0  73.5  97.0  80.0    0 Y11-D81-RSG64
 10.3  C1  21    1  LAT  64.4  33.6   2.0 103.0  69.7  21.5  40.6  93.1  19.0  26.0  13.2  81.0   12.0  73.5  97.0  80.0    0 Y11-D82-RSG65
 10.3  C1  21    1  LAT  64.4  33.6   2.0 103.0  69.7  21.5  40.6  93.1  19.0  26.0  11.8  81.0   12.0  73.5  97.0  80.0    0 Y11-D85-RSG68
 10.3  C1  21    1  LAT  64.4  33.6   2.0 103.0  69.7  21.5  40.6  93.1  19.0  26.0  15.6  81.0   12.0  73.5  97.0  80.0    0 Y11-D91-RSG74
 10.3  C1  21    1  LAT  64.4  33.6   2.0 103.0  69.7  21.5  38.8  93.1  19.0  26.0  15.6  81.0   12.0  73.5  97.0  81.0    0 Y11-D92-RSG75
 10.3  C1  21    1  LAT  63.9  34.1   2.0 103.0  69.7  21.5  38.8  93.1  19.0  26.0  15.6  81.0   12.0  71.7  97.0  81.0    0 Y11-D94-RSG77
