Draft Pos Age YPro Team InPro 2JPro 3PPro InEff 2JEff 3PEff  OReb  DReb  BDom PassR PassE InDef PerDef  InFR PerFR FTEff GInj Updated
 10.1  C1  21    1  RAY  72.0  20.0   8.0 104.0  60.0   9.0  30.0  81.0  18.0  31.0  47.0  83.0   13.0   8.0   1.0  56.0    0 Y11-D19-RSG2
 10.1  C1  21    1  RAY  72.0  20.0   8.0 104.0  60.0   9.0  29.0  81.0  18.0  30.7  48.0  83.0   13.0   8.0   1.0  56.0    0 Y11-D21-RSG4
 10.1  C1  21    1  RAY  72.4  19.7   7.9 104.0  60.0   9.0  29.0  81.0  18.0  30.7  48.0  83.0   13.0   8.0   1.0  56.0    0 Y11-D25-RSG8
 10.1  C1  21    1  RAY  72.3  19.7   8.0 104.0  60.0   9.0  29.0  81.0  18.0  30.7  49.0  83.0   13.0   8.0   1.0  56.0   29 Y11-D29-RSG12
 10.1  C1  21    1  RAY  72.3  19.7   8.0 104.0  60.0   9.0  29.0  81.0  18.0  30.7  49.0  83.0   13.0   8.0   1.0  56.0   28 Y11-D30-RSG13
 10.1  C1  21    1  RAY  72.3  19.7   8.0 104.0  60.0   9.0  29.0  81.0  18.0  30.7  49.0  83.0   13.0   8.0   1.0  56.0   26 Y11-D31-RSG14
 10.1  C1  21    1  RAY  72.3  19.7   8.0 104.0  60.0   9.0  29.0  81.0  18.0  30.7  49.0  83.0   13.0   8.0   1.0  56.0   26 Y11-D32-RSG15
 10.1  C1  21    1  RAY  72.3  19.7   8.0 104.0  60.0   9.0  29.0  81.0  18.0  30.7  49.0  83.0   13.0   8.0   1.0  56.0   25 Y11-D33-RSG16
 10.1  C1  21    1  RAY  72.3  19.7   8.0 104.0  60.0   9.0  29.0  81.0  18.0  30.7  49.0  83.0   13.0   8.0   1.0  56.0   25 Y11-D34-RSG17
 10.1  C1  21    1  RAY  72.3  19.7   8.0 104.0  60.0   9.0  29.0  81.0  18.0  30.7  49.0  83.0   13.0   8.0   1.0  56.0   24 Y11-D35-RSG18
 10.1  C1  21    1  RAY  72.3  19.7   8.0 104.0  60.0   9.0  29.0  81.0  18.0  30.7  49.0  83.0   13.0   8.0   1.0  56.0   23 Y11-D36-RSG19
 10.1  C1  21    1  RAY  72.3  19.7   8.0 104.0  60.0   9.0  29.0  81.0  18.4  30.7  49.0  83.0   13.0   8.0   1.0  54.2   22 Y11-D37-RSG20
 10.1  C1  21    1  RAY  72.3  19.7   8.0 104.0  60.0   7.1  29.0  81.0  18.4  30.7  49.0  83.0   13.0   8.0   1.0  54.2   22 Y11-D38-RSG21
 10.1  C1  21    1  RAY  72.3  19.7   8.0 104.0  60.0   7.1  29.0  81.0  18.4  30.7  49.0  83.0   13.0   8.0   1.0  54.2   21 Y11-D39-RSG22
 10.1  C1  21    1  RAY  72.3  19.7   8.0 104.0  60.0   7.1  29.0  81.0  18.4  30.7  49.0  83.0   13.0   8.0   1.0  54.2   21 Y11-D40-RSG23
 10.1  C1  21    1  RAY  72.3  19.7   8.0 104.0  60.0   7.1  29.0  81.0  18.4  30.7  49.0  83.0   13.0   8.0   1.0  54.2   19 Y11-D41-RSG24
 10.1  C1  21    1  RAY  72.3  19.7   8.0 104.0  60.0   7.1  29.0  81.0  18.4  30.7  49.0  83.0   13.0   8.0   1.0  54.2   19 Y11-D42-RSG25
 10.1  C1  21    1  RAY  72.3  19.7   8.0 104.0  60.0   7.1  29.0  81.0  18.4  30.7  49.0  83.0   13.0   8.0   1.0  54.2   18 Y11-D43-RSG26
 10.1  C1  21    1  RAY  72.3  19.7   8.0 104.0  60.0   7.1  29.0  81.0  18.4  30.7  49.0  83.0   13.0   8.0   1.0  54.2   18 Y11-D44-RSG27
 10.1  C1  21    1  RAY  72.3  19.7   8.0 104.0  60.0   7.1  29.0  81.0  18.4  30.7  49.0  82.0   13.0   8.0   1.0  54.2   17 Y11-D45-RSG28
 10.1  C1  21    1  RAY  72.3  19.7   8.0 104.0  60.0   7.1  29.0  81.0  18.4  30.7  49.0  82.0   13.0   8.0   1.0  54.2   15 Y11-D46-RSG29
 10.1  C1  21    1  RAY  72.3  19.7   8.0 104.0  60.0   7.1  29.0  81.0  18.4  30.7  49.0  82.0   13.0   8.0   1.0  54.2   14 Y11-D47-RSG30
 10.1  C1  21    1  RAY  72.3  19.7   8.0 104.0  60.0   7.1  29.0  81.0  18.4  30.7  49.0  82.0   13.0   8.0   1.0  54.2   13 Y11-D48-RSG31
 10.1  C1  21    1  RAY  72.3  19.7   8.0 104.0  60.0   7.1  29.0  81.0  18.4  30.7  49.0  82.0   13.0   8.0   1.0  54.2   12 Y11-D49-RSG32
 10.1  C1  21    1  RAY  72.3  19.7   8.0 104.0  60.0   7.1  29.0  78.5  18.4  30.7  49.0  82.0   13.0   8.0   1.0  54.2   11 Y11-D50-RSG33
 10.1  C1  21    1  RAY  72.3  19.7   8.0 104.0  60.0  12.0  29.0  78.5  18.4  30.7  49.0  82.0   13.0   8.0   1.0  54.2   11 Y11-D51-RSG34
 10.1  C1  21    1  RAY  72.3  19.7   8.0 104.0  60.0  12.0  29.0  78.5  18.4  30.7  49.0  82.0   13.0   8.0   1.0  54.2   10 Y11-D52-RSG35
 10.1  C1  21    1  RAY  72.3  19.7   8.0 104.0  60.0  12.0  29.0  78.5  18.4  30.7  49.0  82.0   13.0   8.0   1.0  53.2    8 Y11-D53-RSG36
 10.1  C1  21    1  RAY  72.3  19.7   8.0 104.0  60.0  12.0  29.0  78.5  18.4  30.7  49.0  82.0   13.0   8.0   1.0  53.2    7 Y11-D54-RSG37
 10.1  C1  21    1  RAY  72.3  19.7   8.0 104.0  60.0  12.0  29.0  78.5  18.4  30.7  49.0  82.0   13.0   8.0   1.0  53.2    7 Y11-D55-RSG38
 10.1  C1  21    1  RAY  72.3  19.7   8.0 104.0  60.0  12.0  29.0  78.5  18.4  30.7  49.0  82.0   13.0   8.0   1.0  53.2    5 Y11-D56-RSG39
 10.1  C1  21    1  RAY  72.3  19.7   8.0 104.0  60.0  12.0  27.2  78.5  18.4  30.7  49.0  82.0   13.0   8.0   1.0  53.2    3 Y11-D57-RSG40
 10.1  C1  21    1  RAY  72.3  19.7   8.0 104.0  60.0  12.0  27.2  78.5  18.4  30.7  49.0  82.0   13.0   8.0   1.0  53.2    1 Y11-D58-RSG41
 10.1  C1  21    1  RAY  72.3  19.7   8.0 104.0  60.0  12.0  27.2  78.5  18.4  30.7  49.0  82.0   13.0   8.0   1.0  53.2    1 Y11-D59-RSG42
 10.1  C1  21    1  RAY  72.3  19.7   8.0 104.0  60.0  12.0  27.2  78.5  18.4  30.7  49.0  82.0   13.0   8.0   1.0  53.2    0 Y11-D60-RSG43
 10.1  C1  21    1  RAY  72.4  19.6   8.0 104.0  60.0  12.0  27.2  78.5  18.4  30.7  49.0  82.0   13.0   8.0   1.0  53.2    0 Y11-D61-RSG44
 10.1  C1  21    1  RAY  72.4  19.6   8.0 104.0  60.0  12.0  27.2  78.5  18.4  30.7  49.0  80.5   13.0   8.0   1.0  53.2    0 Y11-D66-RSG49
 10.1  C1  21    1  RAY  72.4  19.6   8.0 102.5  60.0  12.0  27.2  78.5  18.4  30.7  49.0  80.5   13.0   8.0   1.0  55.0    0 Y11-D69-RSG52
 10.1  C1  21    1  RAY  72.4  19.6   8.0 102.5  60.0  12.0  27.2  78.5  18.4  30.7  49.0  80.5   13.0   8.0   2.6  55.0    0 Y11-D72-RSG55
 10.1  C1  21    1  RAY  72.4  19.6   8.0 102.5  60.0  12.0  27.2  77.0  18.4  30.7  49.0  80.5   13.0   8.0   2.6  55.0    0 Y11-D77-RSG60
 10.1  C1  21    1  RAY  72.4  19.6   8.0 102.5  60.0  12.0  28.6  77.0  18.4  30.7  49.0  80.5   13.0   8.0   2.6  55.0    0 Y11-D85-RSG68
 10.1  C1  21    1  RAY  72.4  19.6   8.0 102.5  60.0  12.0  28.6  78.0  18.4  30.7  49.0  80.5   13.0   8.0   3.6  55.0    6 Y11-D86-RSG69
 10.1  C1  21    1  RAY  72.4  19.6   8.0 102.5  60.0  12.0  28.6  78.0  18.4  30.7  49.0  80.5   13.0   8.0   3.6  55.0    4 Y11-D87-RSG70
 10.1  C1  21    1  RAY  72.4  19.6   8.0 102.5  60.0  12.0  28.6  78.0  18.4  30.7  49.0  80.5   13.0   8.0   3.6  55.0    4 Y11-D88-RSG71
 10.1  C1  21    1  RAY  72.4  19.6   8.0 102.5  60.0  12.0  28.6  78.0  18.4  30.7  49.0  80.5   13.0   8.0   3.6  55.0    2 Y11-D89-RSG72
 10.1  C1  21    1  RAY  72.4  19.6   8.0 102.5  60.0  12.0  28.6  78.0  18.4  30.7  49.0  80.5   13.0   8.0   3.6  55.0    0 Y11-D90-RSG73
 10.1  C1  21    1  RAY  72.4  19.6   8.0 102.5  60.0  13.1  28.6  78.0  18.4  30.7  49.0  80.5   13.0   8.0   1.8  55.0    0 Y11-D91-RSG74
