Draft Pos Age YPro Team InPro 2JPro 3PPro InEff 2JEff 3PEff  OReb  DReb  BDom PassR PassE InDef PerDef  InFR PerFR FTEff GInj Updated
 10.9 PG1  21    1  CRO  31.5  42.4  26.1  94.5 108.0  60.0  12.0  47.0  84.0  83.0  74.0  29.0   85.0  38.0  37.0  86.0    0 Y11-D18-RSG1
 10.9 PG1  21    1  CRO  31.5  42.4  26.1  94.5 108.0  60.0  13.0  47.0  84.0  83.0  74.0  29.0   85.0  35.9  37.0  86.0    0 Y11-D22-RSG5
 10.9 PG1  21    1  CRO  31.7  42.1  26.2  94.5 108.0  60.0  13.0  47.0  84.0  83.0  72.0  29.0   85.0  35.9  37.0  86.0    0 Y11-D23-RSG6
 10.9 PG1  21    1  CRO  32.1  42.6  25.3  94.5 108.0  60.0  13.0  47.0  84.0  83.0  72.0  29.0   85.0  35.9  37.0  86.0    0 Y11-D24-RSG7
 10.9 PG1  21    1  CRO  32.1  42.6  25.3  95.5 108.0  60.0  13.0  47.0  84.0  82.1  72.0  28.0   85.0  35.9  37.0  86.0    0 Y11-D26-RSG9
 10.9 PG1  21    1  CRO  32.1  42.6  25.3  95.5 108.0  60.0  13.0  47.0  84.0  82.1  72.0  28.0   85.0  35.9  37.0  83.0    0 Y11-D29-RSG12
 10.9 PG1  21    1  CRO  32.1  42.6  25.3  95.5 108.0  60.0  13.0  45.3  84.0  82.1  72.0  28.0   85.0  35.9  37.0  83.0    0 Y11-D36-RSG19
 10.9 PG1  21    1  CRO  32.1  42.6  25.3  95.5 108.0  60.0  13.0  45.3  84.0  82.1  72.0  28.0   86.0  35.9  37.0  83.0    0 Y11-D39-RSG22
 10.9 PG1  21    1  CRO  32.1  42.6  25.3  95.5 108.0  63.6  13.0  45.3  84.0  82.1  72.0  28.0   86.0  35.9  37.0  83.0    0 Y11-D48-RSG31
 10.9 PG1  21    1  CRO  32.1  42.6  25.3  95.5 108.0  63.6  13.0  45.3  87.0  82.1  72.0  28.0   86.0  35.9  37.0  83.0    0 Y11-D50-RSG33
 10.9 PG1  21    1  CRO  32.1  42.6  25.3  95.5 108.0  63.6  13.0  45.3  87.0  82.1  73.0  28.0   86.0  35.9  37.0  83.0    0 Y11-D58-RSG41
 10.9 PG1  21    1  CRO  32.1  42.6  25.3  95.5 108.0  63.6  13.0  45.3  87.0  82.1  73.0  28.0   85.0  35.9  37.0  83.0    0 Y11-D62-RSG45
 10.9 PG1  21    1  CRO  32.1  42.6  25.3  95.5 108.0  63.6  13.0  45.3  87.0  79.3  73.0  28.0   85.0  35.9  37.0  83.0    0 Y11-D65-RSG48
 10.9 PG1  21    1  CRO  32.7  43.4  23.9  95.5 109.0  63.6  13.0  45.3  87.0  79.3  73.0  28.0   85.0  35.9  37.0  83.0    0 Y11-D72-RSG55
 10.9 PG1  21    1  CRO  32.7  43.4  23.9  95.5 109.0  64.6  13.0  45.3  87.0  79.3  73.0  28.0   85.0  35.9  37.0  83.0    0 Y11-D74-RSG57
 10.9 PG1  21    1  CRO  33.2  44.2  22.6  95.5 109.0  64.6  13.0  45.3  87.0  81.1  73.0  29.0   85.0  35.9  35.5  83.0    0 Y11-D82-RSG65
 10.9 PG1  21    1  CRO  33.2  44.2  22.6  95.5 109.0  64.6  13.0  45.3  87.0  81.1  73.0  29.0   85.0  35.9  34.5  83.0    0 Y11-D83-RSG66
 10.9 PG1  21    1  CRO  33.2  44.2  22.6  95.5 109.0  64.6  13.0  45.3  87.0  81.1  71.6  29.0   85.0  35.9  34.5  83.0    0 Y11-D84-RSG67
 10.9 PG1  21    1  CRO  33.2  44.2  22.6  95.5 109.0  64.6  13.0  45.3  87.0  81.1  71.6  29.0   84.0  34.0  34.5  83.0    0 Y11-D85-RSG68
 10.9 PG1  21    1  CRO  33.2  44.2  22.6  95.5 109.0  64.6  13.0  45.3  87.0  81.1  71.6  29.0   85.0  34.0  34.5  83.0    0 Y11-D86-RSG69
 10.9 PG1  21    1  CRO  34.1  44.5  21.4  95.5 109.0  64.6  13.0  45.3  87.0  81.1  71.6  29.0   85.0  34.0  34.5  83.0    0 Y11-D87-RSG70
 10.9 PG1  21    1  CRO  33.2  46.0  20.8  95.5 109.0  64.6  13.0  45.3  87.0  81.1  72.7  29.0   85.0  34.0  34.5  81.4    0 Y11-D90-RSG73
 10.9 PG1  21    1  CRO  33.3  45.9  20.8  95.5 109.0  64.6  13.0  45.3  87.0  84.3  72.7  29.0   85.0  34.0  34.5  81.4    0 Y11-D97-RSG80
