Draft Pos Age YPro Team InPro 2JPro 3PPro InEff 2JEff 3PEff  OReb  DReb  BDom PassR PassE InDef PerDef  InFR PerFR FTEff GInj Updated
 11.U  C1  20    0  DRA  76.9  21.3   1.8  83.9  63.9   2.4  38.0  74.9  19.3  37.7  38.9  66.1   14.8  50.9   7.2  68.5    0 Y11-D1-Draft
11.11  C1  20    0  WIL  76.8  21.4   1.8  83.9  63.9   2.4  38.0  74.9  19.3  37.7  38.9  66.1   14.8  50.9   7.2  68.5    0 Y11-D18-RSG1
11.11  C1  20    0  WIL  77.0  21.5   1.5  83.9  63.9   2.4  38.0  74.9  19.3  37.7  38.9  66.1   14.8  50.9   7.2  69.5    0 Y11-D20-RSG3
11.11  C1  20    0  WIL  77.0  21.5   1.5  82.9  63.9   2.4  38.0  74.9  19.3  37.7  38.9  66.1   14.8  50.9   7.2  69.5    0 Y11-D24-RSG7
11.11  C1  20    0  WIL  77.0  21.5   1.5  82.9  63.9   2.4  38.0  74.9  19.3  37.7  38.9  66.1   14.8  50.9   8.2  69.5    0 Y11-D28-RSG11
11.11  C1  20    0  WIL  77.0  21.5   1.5  82.9  63.9   2.4  38.0  74.9  19.3  37.7  38.9  66.1   14.8  50.9   8.2  69.5    6 Y11-D30-RSG13
11.11  C1  20    0  WIL  77.0  21.5   1.5  82.9  63.9   2.4  38.0  74.9  19.3  37.7  38.9  66.1   14.8  50.9   8.2  69.5    5 Y11-D31-RSG14
11.11  C1  20    0  WIL  78.2  20.3   1.5  82.9  63.9   2.4  38.0  74.9  19.3  37.7  38.9  66.1   14.8  50.9   8.2  69.5    5 Y11-D32-RSG15
11.11  C1  20    0  WIL  78.2  20.3   1.5  82.9  63.9   2.4  38.0  74.9  19.3  37.7  38.9  66.1   14.8  50.9   8.2  69.5    4 Y11-D33-RSG16
11.11  C1  20    0  WIL  78.2  20.3   1.5  82.9  63.9   2.4  38.0  74.9  19.3  37.7  38.9  66.1   14.8  50.9   8.2  69.5    2 Y11-D34-RSG17
11.11  C1  20    0  WIL  78.2  20.3   1.5  82.9  63.9   2.4  38.0  74.9  19.3  37.7  38.9  66.1   14.8  50.9   8.2  69.5    0 Y11-D35-RSG18
11.11  C1  20    0  WIL  78.2  20.3   1.5  82.9  63.9   2.4  38.0  74.9  19.3  37.7  38.9  66.1   13.0  50.9   8.2  69.5    0 Y11-D36-RSG19
11.11  C1  20    0  WIL  78.2  20.3   1.5  82.9  63.9   2.4  38.0  74.9  19.3  37.7  38.9  66.1   13.0  50.9   7.2  69.5    0 Y11-D42-RSG25
11.11  C1  20    0  WIL  78.5  20.0   1.5  81.9  63.9   2.4  38.0  74.9  19.3  37.7  38.9  66.1   13.0  50.9   7.2  69.5    0 Y11-D44-RSG27
11.11  C1  20    0  WIL  77.4  21.1   1.5  81.9  63.9   2.4  38.0  74.9  19.3  37.7  38.9  66.1   13.0  50.9   7.2  69.5    0 Y11-D47-RSG30
11.11  C1  20    0  WIL  76.9  21.6   1.5  81.9  63.9   2.4  38.0  74.9  19.3  37.7  38.9  66.1   13.0  50.9   7.2  69.5    0 Y11-D49-RSG32
11.11  C1  20    0  WIL  76.9  21.6   1.5  81.9  63.9   2.4  38.0  74.9  19.3  37.7  42.5  66.1   13.0  50.9   7.2  69.5    0 Y11-D51-RSG34
11.11  C1  20    0  WIL  78.1  20.4   1.5  81.9  63.9   2.4  38.0  74.9  19.3  37.7  42.5  66.1   13.0  50.9   7.2  69.5    0 Y11-D52-RSG35
11.11  C1  20    0  WIL  78.1  20.4   1.5  81.9  63.9   1.2  38.0  74.9  19.3  38.6  42.5  66.1   13.0  52.0   7.2  69.5    0 Y11-D53-RSG36
11.11  C1  20    0  WIL  78.1  20.4   1.5  81.9  63.9   0.2  38.0  74.9  19.3  38.6  42.5  66.1   13.0  53.0   7.2  70.5    0 Y11-D58-RSG41
11.11  C1  20    0  WIL  78.3  20.2   1.5  81.9  63.9   0.2  38.0  74.9  19.3  38.6  42.5  66.1   13.0  53.0   7.2  70.5    0 Y11-D61-RSG44
11.11  C1  20    0  WIL  78.3  20.2   1.5  81.9  63.9   0.2  38.0  74.9  19.3  38.6  42.5  66.1   13.0  53.0   8.3  70.5    0 Y11-D65-RSG48
11.11  C1  20    0  WIL  78.3  20.2   1.5  83.8  63.9   0.2  38.0  74.9  19.3  38.6  42.5  66.1   13.0  53.0   8.3  70.5    0 Y11-D66-RSG49
11.11  C1  20    0  WIL  78.3  20.2   1.5  83.8  63.9   0.2  38.0  77.3  19.3  38.6  42.5  66.1   13.0  53.0   8.3  70.5    0 Y11-D69-RSG52
11.11  C1  20    0  WIL  78.3  20.2   1.5  83.8  63.9   0.2  38.0  77.3  19.3  38.6  42.5  66.1   13.0  53.0   9.3  70.5    0 Y11-D72-RSG55
11.11  C1  20    0  WIL  78.3  20.2   1.5  83.8  63.9   0.2  39.6  77.3  19.3  38.6  42.5  66.1   13.0  53.0   9.3  70.5    0 Y11-D80-RSG63
11.11  C1  20    0  WIL  78.3  20.2   1.5  83.8  63.9   0.2  39.6  77.3  19.3  38.6  42.5  67.7   13.0  53.0   9.3  70.5    0 Y11-D83-RSG66
11.11  C1  20    0  WIL  78.3  20.2   1.5  83.8  64.9   0.2  39.6  77.3  19.3  38.6  42.5  67.7   13.0  53.0   9.3  70.5    0 Y11-D86-RSG69
11.11  C1  20    0  WIL  78.3  20.2   1.5  83.8  64.9   0.2  40.6  77.3  19.3  38.6  42.5  67.7   13.0  53.0   9.3  70.5    0 Y11-D89-RSG72
11.11  C1  20    0  WIL  78.3  20.2   1.5  82.5  64.9   0.2  40.6  77.3  19.3  38.6  42.5  67.7   13.0  53.0   9.3  70.5    0 Y11-D91-RSG74
11.11  C1  20    0  WIL  78.3  20.2   1.5  82.5  64.9   0.2  40.6  77.3  19.3  39.2  42.5  67.7   13.0  53.0   9.3  70.5    0 Y11-D97-RSG80
