Draft Pos Age YPro Team InPro 2JPro 3PPro InEff 2JEff 3PEff  OReb  DReb  BDom PassR PassE InDef PerDef  InFR PerFR FTEff GInj Updated
 11.U PF1  20    0  DRA  61.6  35.2   3.2  79.4  65.8   6.1  26.7  92.7  16.1  22.7  12.5  67.7   26.2  54.6  27.3  71.6    0 Y11-D1-Draft
 11.U PF1  20    0   FA  61.6  35.2   3.2  79.4  65.8   6.1  26.7  92.7  16.1  22.7  12.5  67.7   28.9  54.6  27.3  71.6    0 Y11-D19-RSG2
 11.U PF1  20    0   FA  61.6  35.2   3.2  79.4  65.8   6.1  26.7  92.7  16.1  22.7  12.5  69.7   28.9  54.6  27.3  71.6    0 Y11-D20-RSG3
 11.U PF1  20    0   FA  61.1  35.8   3.1  79.4  65.8   6.1  26.7  92.7  16.1  22.7  12.5  69.7   28.9  54.6  27.3  71.6    0 Y11-D21-RSG4
 11.U PF1  20    0   FA  61.1  35.8   3.1  79.4  65.8   6.1  26.7  92.7  16.1  22.7  12.5  69.7   28.9  53.6  27.3  71.6    0 Y11-D22-RSG5
 11.U PF1  20    0   FA  60.8  36.1   3.1  79.4  65.8   6.1  26.7  92.7  16.1  22.7  12.5  69.7   28.9  53.6  27.3  71.6    0 Y11-D27-RSG10
 11.U PF1  20    0   FA  60.8  36.1   3.1  79.4  65.8   6.1  26.7  92.7  16.1  22.7  12.5  69.7   28.9  53.6  27.3  72.6    0 Y11-D33-RSG16
 11.U PF1  20    0   FA  60.8  36.1   3.1  79.4  65.8   6.1  26.7  92.7  16.1  21.5  12.5  69.7   28.9  53.6  27.3  72.6    0 Y11-D34-RSG17
 11.U PF1  20    0   FA  60.8  36.1   3.1  79.4  65.8   6.1  25.5  92.7  16.1  21.5  12.5  69.7   28.9  53.6  27.3  72.6    0 Y11-D35-RSG18
 11.U PF1  20    0   FA  61.0  35.8   3.2  79.4  65.8   6.1  25.5  92.7  16.1  21.5  12.5  69.7   28.9  53.6  27.3  72.6    0 Y11-D37-RSG20
 11.U PF1  20    0   FA  60.7  35.6   3.7  79.4  65.8   6.1  25.5  92.7  16.1  21.5  12.5  69.7   28.9  53.6  27.3  72.6    0 Y11-D38-RSG21
 11.U PF1  20    0   FA  60.6  35.7   3.7  79.4  65.8   6.1  25.5  92.7  16.1  21.5  12.5  69.7   28.9  53.6  27.3  72.6    0 Y11-D40-RSG23
 11.U PF1  20    0   FA  60.6  35.7   3.7  79.4  65.8   6.1  25.5  92.7  16.1  21.5  13.5  68.2   28.9  53.6  27.3  72.6    0 Y11-D42-RSG25
 11.U PF1  20    0   FA  60.6  35.7   3.7  79.4  65.8   6.1  25.5  92.7  16.1  21.5  13.5  71.1   28.9  53.6  27.3  72.6    0 Y11-D45-RSG28
 11.U PF1  20    0   FA  60.6  35.7   3.7  79.4  65.8   6.1  25.5  92.7  16.1  21.5  13.5  71.1   28.9  53.6  27.3  72.6    0 Y11-D50-RSG33
 11.U PF1  20    0   FA  60.9  35.4   3.7  79.4  65.8   6.1  25.5  92.7  16.1  21.5  13.5  72.1   28.9  53.6  27.3  72.6    0 Y11-D52-RSG35
 11.U PF1  20    0   FA  61.6  34.7   3.7  79.4  65.8   6.1  25.5  92.7  16.1  21.5  13.5  72.1   28.9  53.6  28.3  72.6    0 Y11-D63-RSG46
 11.U PF1  20    0   FA  61.6  34.7   3.7  79.4  65.8   6.1  25.5  92.7  16.5  21.5  13.5  72.1   28.9  53.6  28.3  72.6    0 Y11-D64-RSG47
 11.U PF1  20    0   FA  61.6  34.7   3.7  79.4  65.8   6.1  25.5  92.7  16.5  21.5  13.5  72.1   29.9  53.6  28.3  72.6    0 Y11-D76-RSG59
 11.U PF1  20    0   FA  62.2  34.2   3.6  79.4  65.8   6.1  25.5  92.7  16.5  21.5  13.5  72.1   29.9  53.6  28.3  72.6    0 Y11-D85-RSG68
 11.U PF1  20    0   FA  61.7  34.6   3.7  79.4  65.8   6.1  25.5  91.7  16.5  21.5  13.5  72.1   29.9  53.6  28.3  72.6    0 Y11-D86-RSG69
 11.U PF1  20    0   FA  61.7  34.6   3.7  79.4  65.8  10.2  25.5  91.7  16.5  21.5  13.5  72.1   29.9  53.6  28.3  72.6    0 Y11-D90-RSG73
 11.U PF1  20    0   FA  61.7  34.6   3.7  79.4  65.8  10.2  25.5  91.7  16.9  21.5  13.5  72.1   29.9  53.6  28.3  71.6    0 Y11-D96-RSG79
 11.U PF1  20    0   FA  61.7  34.6   3.7  79.4  65.8  10.2  25.5  91.7  18.4  21.5  13.5  72.1   29.9  53.6  28.3  71.6    0 Y11-D98-AS3PC
