Draft Pos Age YPro Team InPro 2JPro 3PPro InEff 2JEff 3PEff  OReb  DReb  BDom PassR PassE InDef PerDef  InFR PerFR FTEff GInj Updated
 11.U SG1  21    0  DRA  41.6  41.2  17.2  84.4  55.0  50.2  15.8  63.7  19.3  41.6  57.7  39.8   55.2  39.1  37.6  84.7    0 Y11-D1-Draft
 11.U SG1  21    0   FA  41.6  41.2  17.2  84.4  55.0  47.3  15.8  63.7  19.3  41.6  57.7  39.8   55.2  39.1  37.6  84.7    0 Y11-D18-RSG1
 11.U SG1  21    0   FA  41.6  41.2  17.2  84.4  55.0  47.3  15.8  63.7  19.3  41.6  57.7  39.8   53.9  39.1  37.6  84.7    0 Y11-D23-RSG6
 11.U SG1  21    0   FA  41.6  41.2  17.2  84.4  55.0  47.3  15.8  63.7  19.3  41.6  57.7  39.8   54.9  39.1  37.6  84.7    0 Y11-D30-RSG13
 11.U SG1  21    0   FA  41.6  41.2  17.2  84.4  55.0  47.3  15.8  63.7  19.3  41.6  58.7  39.8   54.9  39.1  37.6  84.7    0 Y11-D32-RSG15
 11.U SG1  21    0   FA  42.1  40.5  17.4  84.4  55.0  47.3  15.8  63.7  19.3  41.6  58.7  39.8   54.9  39.1  37.6  84.7    0 Y11-D42-RSG25
 11.U SG1  21    0   FA  42.1  40.5  17.4  84.4  55.0  47.3  16.8  63.7  19.3  41.6  58.7  39.8   54.9  39.1  37.6  84.7    0 Y11-D44-RSG27
 11.U SG1  21    0   FA  42.1  40.5  17.4  84.4  55.0  47.3  16.8  63.7  19.3  41.6  58.7  39.8   54.9  40.1  37.6  84.7    0 Y11-D50-RSG33
 11.U SG1  21    0   FA  42.0  40.7  17.3  84.4  55.0  47.3  16.8  63.7  19.3  41.6  58.7  39.8   54.9  40.1  37.6  84.7    0 Y11-D53-RSG36
 11.U SG1  21    0   FA  42.0  40.7  17.3  84.4  54.0  47.3  16.8  63.7  19.3  41.6  58.7  39.8   54.9  40.1  37.6  84.7    0 Y11-D56-RSG39
 11.U SG1  21    0   FA  42.0  40.7  17.3  84.4  54.0  47.3  16.8  63.7  19.9  41.6  58.7  39.8   54.9  40.1  37.6  84.7    0 Y11-D57-RSG40
 11.U SG1  21    0   FA  42.0  40.7  17.3  84.4  54.0  45.6  16.8  63.7  19.9  41.6  58.7  39.8   54.9  40.1  37.6  84.7    0 Y11-D59-RSG42
 11.U SG1  21    0   FA  42.0  40.7  17.3  84.4  54.0  45.6  16.8  63.7  19.9  41.6  58.7  39.8   54.9  41.6  37.6  84.7    0 Y11-D60-RSG43
 11.U SG1  21    0   FA  42.7  40.2  17.1  84.4  54.0  45.6  16.8  63.7  19.9  41.6  58.7  39.8   54.9  41.6  37.6  84.7    0 Y11-D66-RSG49
 11.U SG1  21    0   FA  42.7  40.2  17.1  84.4  54.0  45.6  16.8  64.7  19.9  41.6  58.7  39.8   54.9  41.6  37.6  84.7    0 Y11-D75-RSG58
 11.U SG1  21    0   FA  42.8  40.3  16.9  84.4  54.0  45.6  16.8  64.7  21.4  41.6  58.7  39.8   54.9  41.6  37.6  84.7    0 Y11-D77-RSG60
 11.U SG1  21    0   FA  42.8  40.3  16.9  84.4  55.4  45.6  16.8  64.7  21.4  41.6  58.7  39.8   54.9  41.6  37.6  84.7    0 Y11-D89-RSG72
 11.U SG1  21    0   FA  42.8  40.3  16.9  85.4  55.4  45.6  16.8  64.7  21.4  41.6  58.7  39.8   54.9  41.6  37.6  84.7    0 Y11-D92-RSG75
 11.U SG1  21    0   FA  42.9  40.1  17.0  85.4  55.4  45.6  16.8  64.7  21.4  41.6  58.7  39.8   54.9  41.6  37.6  84.7    0 Y11-D95-RSG78
 11.U SG1  21    0   FA  42.4  39.6  18.0  85.4  52.6  45.6  16.8  64.7  21.4  41.6  58.7  39.8   54.9  41.6  37.6  84.7    0 Y11-D97-RSG80
