Draft Pos Age YPro Team InPro 2JPro 3PPro InEff 2JEff 3PEff  OReb  DReb  BDom PassR PassE InDef PerDef  InFR PerFR FTEff GInj Updated
 11.U PG2  21    0  DRA  11.5  42.1  46.4  40.7  79.8  95.6   7.4  19.5  76.6  78.6  55.2  22.6   87.9  28.7  46.3  85.2    0 Y11-D1-Draft
 11.U PG2  21    0   FA  11.5  42.1  46.4  40.7  79.8  95.6   7.4  19.5  76.6  76.6  55.2  22.6   87.9  28.7  46.3  85.2    0 Y11-D20-RSG3
 11.U PG2  21    0   FA  11.5  42.1  46.4  40.7  79.8  95.6   8.4  19.5  76.6  76.6  55.2  22.6   87.9  28.7  46.3  85.2    0 Y11-D24-RSG7
 11.U PG2  21    0   FA  10.6  42.5  46.9  40.7  79.8  95.6   8.4  19.5  76.6  76.6  55.2  22.6   87.9  28.7  46.3  85.2    0 Y11-D39-RSG22
 11.U PG2  21    0   FA  10.6  42.5  46.9  40.7  79.8  95.6   8.4  19.5  76.6  76.6  55.2  22.6   87.9  27.7  46.3  85.2    0 Y11-D42-RSG25
 11.U PG2  21    0   FA  10.6  42.5  46.9  40.7  79.8  95.6   8.4  19.5  72.7  76.6  55.2  22.6   87.9  27.7  46.3  85.2    0 Y11-D47-RSG30
 11.U PG2  21    0   FA  10.6  42.5  46.9  40.7  79.8  95.6   8.4  19.5  72.7  76.6  55.2  22.6   87.9  29.7  46.3  85.2    0 Y11-D53-RSG36
 11.U PG2  21    0   FA  10.6  42.5  46.9  40.7  79.8  95.6   8.4  19.5  72.7  76.6  55.2  22.6   86.9  29.7  46.3  85.2    0 Y11-D56-RSG39
 11.U PG2  21    0   FA  10.6  42.5  46.9  40.7  79.8  95.6   8.4  19.5  72.7  76.6  55.2  22.6   86.9  29.7  44.4  85.2    0 Y11-D58-RSG41
 11.U PG2  21    0   FA  10.6  42.5  46.9  40.7  79.8  95.6   8.4  19.5  72.7  76.6  55.2  22.6   86.9  29.7  45.4  85.2    0 Y11-D64-RSG47
 11.U PG2  21    0   FA  10.6  42.5  46.9  40.7  79.8  94.2   8.4  19.5  72.7  76.6  55.2  22.6   86.9  29.7  45.4  85.2    0 Y11-D65-RSG48
 11.U PG2  21    0   FA  10.6  42.5  46.9  40.7  79.8  95.2   8.4  19.5  72.7  76.6  55.2  22.6   86.9  29.7  45.4  85.2    0 Y11-D66-RSG49
 11.U PG2  21    0   FA  10.0  42.8  47.2  40.7  79.8  95.2   8.4  19.5  72.7  76.6  55.2  22.6   86.9  29.7  45.4  85.2    0 Y11-D67-RSG50
 11.U PG2  21    0   FA  10.0  42.8  47.2  40.7  82.6  95.2   8.4  19.5  72.7  76.6  55.2  22.6   86.9  29.7  45.4  85.2    0 Y11-D68-RSG51
 11.U PG2  21    0   FA  10.0  42.8  47.2  40.7  82.6  94.2   8.4  19.5  72.7  76.6  55.2  22.6   86.9  29.7  45.4  85.2    0 Y11-D69-RSG52
 11.U PG2  21    0   FA   9.9  42.2  47.9  40.7  82.6  94.2   8.4  19.5  72.7  76.6  55.2  22.6   86.9  29.7  45.4  85.2    0 Y11-D78-RSG61
 11.U PG2  21    0   FA   9.5  42.4  48.1  40.7  82.6  94.2   8.4  19.5  72.7  80.5  55.2  22.6   86.9  29.7  45.4  85.2    0 Y11-D79-RSG62
 11.U PG2  21    0   FA   9.5  42.4  48.1  40.7  82.6  94.2   8.4  18.1  72.7  80.5  55.2  22.6   86.9  29.7  45.4  85.2    0 Y11-D80-RSG63
 11.U PG2  21    0   FA   9.5  42.4  48.1  40.7  82.6  94.2   8.4  18.1  72.7  80.5  55.2  22.6   86.9  29.7  45.4  86.2    0 Y11-D85-RSG68
 11.U PG2  21    0   FA   9.5  42.4  48.1  40.7  82.6  94.2   8.4  18.1  70.8  80.5  55.2  22.6   86.9  29.7  45.4  86.2    0 Y11-D86-RSG69
 11.U PG2  21    0   FA   9.5  42.4  48.1  40.7  82.6  94.2   8.4  18.1  69.0  80.5  55.2  22.6   86.9  29.7  45.4  86.2    0 Y11-D87-RSG70
 11.U PG2  21    0   FA   9.5  42.4  48.1  40.7  82.6  94.2   8.4  18.1  69.0  80.5  55.2  22.6   86.9  30.7  45.4  86.2    0 Y11-D96-RSG79
 11.U PG2  21    0   FA   9.5  42.4  48.1  40.7  82.6  94.2   8.4  18.1  69.0  80.5  55.2  22.6   90.2  30.7  45.4  86.2    0 Y11-D98-AS3PC
