Year:11 Game:30 Type:RS BRE@HAR
Breton CTime FGM FGA 2PM 2PA 3PM 3PA FTM FTA PBM PBA InM InA 2JM 2JA OR DF TR Ast FC FD Pts InP 2CP +/- TPF TPA Tchs Pass IFC PFC IFD PFD
STARTERS
   Ea5  2162  10  17  10  16   0   1   0   0   0   0  10  16   0   0  1  9 10   0  2  0  20  20   2 -18  64  82   17    0   1   1   0   0
   Gc8  1717   4  13   4  11   0   2   0   2   0   0   3  10   1   1  2  4  6   0  0  1   8   6   0 -21  47  68   15    1   0   0   1   0
   Dg5  1558   1   8   0   4   1   4   0   0   0   1   0   3   0   1  2  3  5   2  2  0   3   0   0 -12  47  59   12    4   0   2   0   0
   Ie4  1359   3   8   3   6   0   2   0   0   0   0   2   4   1   2  0  6  6   0  2  0   6   4   0 -15  35  50    9    1   0   2   0   0
   Jj5  1039   1   4   1   3   0   1   0   0   0   0   0   0   1   3  0  2  2   4  3  0   2   0   0 -15  27  42   15   11   1   2   0   0
BENCH
   Hi6  1123   5   9   3   5   2   4   3   4   0   0   3   4   0   1  2  1  3   2  0  2  15   8   7  -3  37  40   19    8   0   0   1   1
   Hh9   962   3   5   2   2   1   3   1   2   0   0   1   1   1   1  0  0  0   1  0  1   8   3   0 -12  29  41    7    1   0   0   1   0
  Cc10   683   1   3   1   3   0   0   2   2   0   0   1   2   0   1  0  3  3   2  0  1   4   4   0   7  30  23    8    4   0   0   1   0
   De5   683   1   4   1   3   0   1   2   2   0   0   1   3   0   0  0  0  0   1  1  1   4   2   0   7  30  23    6    1   1   0   0   1
   Fj2   238   0   0   0   0   0   0   0   0   0   0   0   0   0   0  0  1  1   1  1  0   0   0   0   4  13   9    1    1   1   0   0   0
   Kg3   238   1   1   1   1   0   0   0   0   0   0   1   1   0   0  0  1  1   1  1  0   2   2   0   4  13   9    2    1   0   1   0   0
   Kj6   238   2   2   1   1   1   1   0   0   0   0   1   1   0   0  0  0  0   0  0  0   5   2   0   4  13   9    2    0   0   0   0   0
Ha2    DNP-Injured
Hartford CTime FGM FGA 2PM 2PA 3PM 3PA FTM FTA PBM PBA InM InA 2JM 2JA OR DF TR Ast FC FD Pts InP 2CP +/- TPF TPA Tchs Pass IFC PFC IFD PFD
STARTERS
     Ga2  2162   3   7   3   7   0   0   2   4   0   0   2   5   1   2  5 16 21   0  1  2   8   5   0  18  82  64    9    0   0   1   1   1
     Ha5  2162   7  13   7  13   0   0   1   2   1   1   7   9   0   4  4 11 15   0  1  1  15  15   4  18  82  64   14    0   1   0   1   0
     Ii9  2162   5   9   5   8   0   1   2   2   0   0   0   1   5   7  0  2  2  10  1  1  12   0   2  18  82  64   33   23   0   1   0   1
     Fj4  1800   1  10   1   8   0   2   6   6   0   0   0   3   1   5  0  0  0   6  1  3   8   0   0  16  68  52   27   14   1   0   0   3
     Ge8   600   1   3   1   3   0   0   0   0   0   0   1   2   0   1  0  1  1   0  0  0   2   2   2   4  20  16    4    1   0   0   0   0
BENCH
     Gg2  1562  10  19   7  11   3   8   5   5   0   0   5   8   2   3  0  5  5   0  1  2  28  10   3  14  62  48   22    1   1   0   0   2
     Ee1   600   3   7   1   4   2   3   4   5   0   2   1   4   0   0  2  1  3   0  1  2  12   3   0  -2  23  25   10    1   1   0   1   1
     Hi5   238   1   3   1   3   0   0   0   0   0   0   0   1   1   2  1  0  1   0  0  0   2   0   0  -4   9  13    4    1   0   0   0   0
     Jg3   238   0   0   0   0   0   0   0   0   0   0   0   0   0   0  0  0  0   0  0  0   0   0   0  -4   9  13    0    0   0   0   0   0
     Ka1   238   1   1   1   1   0   0   2   2   0   0   1   1   0   0  0  0  0   0  0  1   4   4   0  -4   9  13    2    0   0   0   1   0
    Kf10   238   0   0   0   0   0   0   0   0   0   0   0   0   0   0  0  1  1   1  0  0   0   0   0  -4   9  13    1    1   0   0   0   0
Hg4      DNP-CD
Gc3      DNP-Injured
