Year:11 Game:69 Type:RS RAY@BRE
Rays CTime FGM FGA 2PM 2PA 3PM 3PA FTM FTA PBM PBA InM InA 2JM 2JA OR DF TR Ast FC FD Pts InP 2CP +/- TPF TPA Tchs Pass IFC PFC IFD PFD
STARTERS
 Cg1  1800   5  14   2   5   3   9   1   3   0   0   2   5   0   0  0  4  4   2  1  1  14   4   0 -30  52  82   25   10   0   1   0   1
 Dj3  1273   1  11   0   1   1  10   2   2   0   0   0   0   0   1  0  0  0   2  0  1   5   0   0 -18  31  49   22   10   0   0   0   1
 Gc7  1157   5  11   5  11   0   0   4   6   0   0   5  11   0   0  3  4  7   0  3  3  14  14   2 -13  34  47   16    2   2   1   3   0
 Ge7  1152   1   5   0   4   1   1   0   0   0   0   0   4   0   0  1  4  5   0  4  0   3   0   0 -18  34  52    5    0   3   1   0   0
 Ja6   526   2   2   2   2   0   0   0   0   0   0   2   2   0   0  1  1  2   0  4  0   4   4   0 -14  12  26    2    0   4   0   0   0
BENCH
 Fd1  1669   2   7   2   5   0   2   0   0   1   1   2   5   0   0  4  6 10   0  2  0   4   4   2 -17  61  78    8    1   2   0   0   0
 Jj3  1127   3   9   1   3   2   6   6   6   0   0   1   1   0   2  0  0  0   2  0  2  14   2   5 -13  44  57   14    3   0   0   0   2
 Fa3   752   0   2   0   2   0   0   0   0   0   0   0   1   0   1  1  2  3   0  3  0   0   0   0 -17  18  35    2    0   3   0   0   0
 Ig2   648   2   4   1   3   1   1   2   2   0   0   0   1   1   2  0  1  1   1  0  1   7   2   0 -12  18  30   12    7   0   0   1   0
 Hf2   600   4   8   4   8   0   0   0   0   0   0   0   0   4   8  1  2  3   0  0  0   8   0   0  -1  23  24   10    2   0   0   0   0
 Ka7   600   1   1   1   1   0   0   0   2   0   0   1   1   0   0  0  4  4   1  0  1   2   2   0  -1  23  24    3    1   0   0   1   0
Ki12   600   0   1   0   1   0   0   0   0   0   0   0   1   0   0  0  0  0   1  1  0   0   0   0  -1  23  24    6    5   1   0   0   0
 Ea6    96   0   2   0   2   0   0   0   0   0   0   0   1   0   1  0  0  0   0  0  0   0   0   0   0   2   2    2    0   0   0   0   0
Breton CTime FGM FGA 2PM 2PA 3PM 3PA FTM FTA PBM PBA InM InA 2JM 2JA OR DF TR Ast FC FD Pts InP 2CP +/- TPF TPA Tchs Pass IFC PFC IFD PFD
STARTERS
   Ea5  1800   5  11   5  10   0   1   1  12   0   0   5  10   0   0  1 11 12   0  1  6  11  11   0  30  82  52   17    0   1   0   6   0
   Hi6  1800   8  11   6   6   2   5  10  11   0   0   4   4   2   2  2  1  3   7  1  5  28  14   0  30  82  52   36   20   0   1   3   2
   Ie4  1800   4   8   2   4   2   4   7   7   1   1   2   3   0   1  1  9 10   0  0  3  17   8   4  30  82  52   14    3   0   0   2   1
   Dg5  1668   5   9   3   4   2   5   2   2   0   0   2   3   1   1  2  5  7   1  2  1  14   6   6  26  71  45   15    5   1   1   1   0
   Ha2  1220   3   5   2   4   1   1   2   2   0   0   1   2   1   2  0  5  5   0  2  1   9   4   0  21  58  37    6    0   2   0   1   0
BENCH
   Gc8  1180   3   5   3   5   0   0   2   2   0   0   3   5   0   0  1  6  7   0  2  1   8   8   4  10  48  38    6    0   1   1   1   0
   Hh9   732   2   6   0   2   2   4   0   0   0   0   0   1   0   1  1  2  3   1  1  0   6   0   0   5  35  30   10    4   0   1   0   0
  Cc10   600   6   7   6   7   0   0   1   2   1   1   6   7   0   0  1  0  1   0  0  1  13  13   2   1  24  23    8    0   0   0   1   0
   Kg3   600   0   3   0   3   0   0   0   0   0   0   0   2   0   1  0  3  3   1  0  0   0   0   0   1  24  23    6    3   0   0   0   0
   Kj6   600   0   1   0   0   0   1   0   0   0   0   0   0   0   0  0  1  1   3  0  0   0   0   0   1  24  23   10    9   0   0   0   0
De5    DNP-CD
Fj2    DNP-CD
Jj5    DNP-Injured
