Year:11 Game:53 Type:RS QUE@BRE
Queens CTime FGM FGA 2PM 2PA 3PM 3PA FTM FTA PBM PBA InM InA 2JM 2JA OR DF TR Ast FC FD Pts InP 2CP +/- TPF TPA Tchs Pass IFC PFC IFD PFD
STARTERS
   Dg3  2253   8  16   5   6   3  10   2   2   1   1   4   5   1   1  1  6  7   5  0  1  21  10   4  17  95  78   33   16   0   0   1   0
   Ej5  2253   7  17   4  12   3   5   5   6   1   1   1   3   3   9  2  0  2  14  0  2  22   2   2  17  95  78   47   28   0   0   0   2
   Ga5  1832   5   9   5   7   0   2   3   4   1   1   4   6   1   1  2 11 13   0  4  2  13  11   2   7  76  69   11    0   4   0   2   0
   Ia2  1804   6  12   6  11   0   1   4   6   0   0   5   8   1   3  0  5  5   1  0  3  16  14   2   8  68  60   17    2   0   0   3   0
   Ie9  1664   6   8   6   8   0   0   0   0   1   1   5   5   1   3  1  5  6   0  4  0  12  10   2  14  73  59   11    3   3   1   0   0
BENCH
   Fa7   870   4   6   4   6   0   0   1   2   1   1   3   4   1   2  2  6  8   0  3  1   9   7   2  19  46  27    7    0   3   0   1   0
   He5   736   2   5   2   3   0   2   0   0   1   1   2   2   0   1  2  4  6   0  2  0   4   4   2   1  28  27    5    0   0   2   0   0
   Ec2   147   1   1   1   1   0   0   0   0   0   0   1   1   0   0  0  0  0   0  0  0   2   2   0  -2   6   8    1    0   0   0   0   0
   Jc4   147   0   0   0   0   0   0   0   0   0   0   0   0   0   0  0  0  0   0  0  0   0   0   0  -2   6   8    0    0   0   0   0   0
   Jg1   147   0   0   0   0   0   0   0   0   0   0   0   0   0   0  0  0  0   0  0  0   0   0   0  -2   6   8    0    0   0   0   0   0
  Kj10   147   1   2   1   2   0   0   0   0   0   0   0   0   1   2  0  0  0   2  0  0   2   0   0  -2   6   8    5    3   0   0   0   0
Hi3    DNP-CD
Ih4    DNP-Injured
Breton CTime FGM FGA 2PM 2PA 3PM 3PA FTM FTA PBM PBA InM InA 2JM 2JA OR DF TR Ast FC FD Pts InP 2CP +/- TPF TPA Tchs Pass IFC PFC IFD PFD
STARTERS
   Ea5  2253   9  16   9  15   0   1   5  14   0   0   9  15   0   0  3  5  8   0  1  7  23  23   7 -17  78  95   23    0   1   0   7   0
   Ha2  2253   4  11   4  11   0   0   2   2   0   2   4   9   0   2  2  8 10   0  2  1  10  10   0 -17  78  95   12    0   2   0   1   0
   Hi6  2207   9  15   5   7   4   8   4   4   0   0   3   4   2   3  1  4  5   9  2  2  26   8   0 -17  78  95   40   23   1   1   1   1
   Dg5  1800   1   9   0   2   1   7   0   0   0   0   0   2   0   0  0  4  4   5  1  0   3   0   0  -9  67  76   19   10   0   1   0   0
   Ie4  1739   4  10   1   5   3   5   2   2   1   1   1   3   0   2  2  6  8   0  2  1  13   4   2  -3  62  65   13    2   2   0   1   0
BENCH
   Hh9  1114   1   5   1   2   0   3   2   4   0   0   1   2   0   0  0  0  0   1  1  2   4   2   1 -20  35  55   11    4   1   0   0   2
  Cc10   147   0   0   0   0   0   0   0   0   0   0   0   0   0   0  1  0  1   0  0  0   0   0   0   2   8   6    0    0   0   0   0   0
   Gc8   147   0   1   0   0   0   1   0   0   0   0   0   0   0   0  0  2  2   0  0  0   0   0   0   2   8   6    1    0   0   0   0   0
   Kg3   147   2   3   2   3   0   0   0   0   1   1   2   2   0   1  1  0  1   0  0  0   4   4   2   2   8   6    3    0   0   0   0   0
   Kj6   147   1   2   0   1   1   1   0   0   0   0   0   0   0   1  0  0  0   1  0  0   3   0   0   2   8   6    4    2   0   0   0   0
   Fj2    46   0   0   0   0   0   0   0   0   0   0   0   0   0   0  0  0  0   0  0  0   0   0   0   0   0   0    0    0   0   0   0   0
De5    DNP-CD
Jj5    DNP-Injured
