Fj2 0 RAY L(109-118) 0 26 0 0 0 0 0 0 3 3 0 0 0 0 0 0 0 0 0 0 0 3 0 0 -2 5 7 1 0 0 0 0 1 Available
Hi6 0 RAY L(109-118) 0 0 0 0 0 0 0 0 0 0 0 0 0 0 0 0 0 0 0 0 0 0 0 0 0 0 0 0 0 0 0 0 0 Available
Be6 0 RAY L(109-118) 0 0 0 0 0 0 0 0 0 0 0 0 0 0 0 0 0 0 0 0 0 0 0 0 0 0 0 0 0 0 0 0 0 Available
Hh9 0 RAY L(109-118) 1 2400 5 18 2 8 3 10 2 3 0 0 1 5 1 3 0 6 6 6 1 15 2 0 -9 109 118 34 15 0 1 0 1 Available
Dg5 0 RAY L(109-118) 0 0 0 0 0 0 0 0 0 0 0 0 0 0 0 0 0 0 0 0 0 0 0 0 0 0 0 0 0 0 0 0 0 Suspended
De5 0 RAY L(109-118) 0 943 4 6 3 5 1 1 1 2 0 0 3 5 0 0 1 3 4 0 0 10 7 0 3 45 42 7 0 0 0 1 0 Available
Ie4 0 RAY L(109-118) 1 1431 7 13 7 9 0 4 0 0 3 3 5 7 2 2 6 1 7 2 3 14 10 6 -10 59 69 15 2 0 3 0 0 Available
Gc8 0 RAY L(109-118) 0 0 0 0 0 0 0 0 0 0 0 0 0 0 0 0 0 0 0 0 0 0 0 0 0 0 0 0 0 0 0 0 0 Available
Cc10 0 RAY L(109-118) 0 0 0 0 0 0 0 0 0 0 0 0 0 0 0 0 0 0 0 0 0 0 0 0 0 0 0 0 0 0 0 0 0 Available
Ha2 0 RAY L(109-118) 1 2400 13 17 13 17 0 0 5 7 0 1 10 13 3 4 2 8 10 0 3 31 23 2 -9 109 118 20 0 2 1 2 1 Available
Ea5 0 RAY L(109-118) 1 2400 9 21 9 21 0 0 8 10 0 0 9 21 0 0 2 10 12 1 3 26 26 1 -9 109 118 30 4 2 1 5 0 Available
Jj5 0 RAY L(109-118) 1 2400 4 9 2 6 2 3 0 0 1 2 1 3 1 3 2 2 4 15 2 10 2 2 -9 109 118 48 39 1 1 0 0 Available
Fj2 0 @LAT L(82-104) 0 184 0 0 0 0 0 0 0 0 0 0 0 0 0 0 0 0 0 0 0 0 0 0 -1 9 10 0 0 0 0 0 0 Available
Hi6 0 @LAT L(82-104) 0 481 2 3 1 2 1 1 0 0 0 0 1 2 0 0 0 0 0 0 2 5 2 2 -7 15 22 3 0 1 1 0 0 Available
Be6 0 @LAT L(82-104) 0 262 1 3 0 1 1 2 0 0 0 0 0 1 0 0 0 0 0 0 0 3 0 0 -4 10 14 3 0 0 0 0 0 Available
Hh9 0 @LAT L(82-104) 1 1657 7 23 1 8 6 15 1 6 0 1 1 4 0 4 2 2 4 2 1 21 2 6 -11 57 68 30 5 0 1 0 2 Available
Dg5 0 @LAT L(82-104) 0 0 0 0 0 0 0 0 0 0 0 0 0 0 0 0 0 0 0 0 0 0 0 0 0 0 0 0 0 0 0 0 0 Suspended
De5 0 @LAT L(82-104) 0 297 0 2 0 1 0 1 2 2 0 0 0 1 0 0 0 1 1 0 0 2 2 0 -6 6 12 3 0 0 0 1 0 Available
Ie4 0 @LAT L(82-104) 1 1657 4 13 3 8 1 5 4 4 0 1 3 7 0 1 6 1 7 0 2 13 10 0 -11 57 68 16 1 2 0 2 0 Available
Gc8 0 @LAT L(82-104) 0 262 0 0 0 0 0 0 0 0 0 0 0 0 0 0 1 1 2 0 0 0 0 0 -4 10 14 0 0 0 0 0 0 Available
Cc10 0 @LAT L(82-104) 0 743 2 9 2 9 0 0 1 2 0 0 2 8 0 1 1 2 3 2 1 5 5 0 -11 25 36 15 5 1 0 1 0 Available
Ha2 0 @LAT L(82-104) 1 1657 2 6 2 6 0 0 1 4 0 0 2 6 0 0 1 8 9 0 3 5 5 0 -11 57 68 8 0 2 1 2 0 Available
Ea5 0 @LAT L(82-104) 1 2400 11 15 10 14 1 1 2 2 0 0 10 14 0 0 1 7 8 0 2 25 22 4 -22 82 104 17 1 2 0 1 0 Available
Jj5 0 @LAT L(82-104) 1 2400 1 4 0 3 1 1 0 0 0 1 0 2 0 1 1 0 1 14 2 3 0 3 -22 82 104 43 39 1 1 0 0 Available
