Ii9 0 QUE L(88-90) 0 0 0 0 0 0 0 0 0 0 0 0 0 0 0 0 0 0 0 0 0 0 0 0 0 0 0 0 0 0 0 0 0 Available
Hi5 0 QUE L(88-90) 0 0 0 0 0 0 0 0 0 0 0 0 0 0 0 0 0 0 0 0 0 0 0 0 0 0 0 0 0 0 0 0 0 Available
Gg2 0 QUE L(88-90) 1 2382 7 24 5 12 2 12 4 4 0 0 5 10 0 2 0 4 4 2 2 20 12 5 -4 85 89 31 5 0 2 1 1 Available
Ja2 0 QUE L(88-90) 0 0 0 0 0 0 0 0 0 0 0 0 0 0 0 0 0 0 0 0 0 0 0 0 0 0 0 0 0 0 0 0 0 Available
Hg4 0 QUE L(88-90) 0 0 0 0 0 0 0 0 0 0 0 0 0 0 0 0 0 0 0 0 0 0 0 0 0 0 0 0 0 0 0 0 0 Available
Ge8 0 QUE L(88-90) 1 1224 1 3 1 2 0 1 0 2 0 0 1 1 0 1 2 4 6 0 0 2 2 0 -6 38 44 5 1 0 0 1 0 Available
Ee1 0 QUE L(88-90) 0 1194 6 10 3 5 3 5 2 2 0 0 3 5 0 0 1 3 4 0 1 17 8 0 6 53 47 14 3 0 1 1 0 Available
Ga2 0 QUE L(88-90) 1 2400 4 7 4 7 0 0 4 4 1 1 3 5 1 2 4 10 14 0 2 12 10 4 -2 88 90 9 0 1 1 2 0 Available
Gc3 0 QUE L(88-90) 0 0 0 0 0 0 0 0 0 0 0 0 0 0 0 0 0 0 0 0 0 0 0 0 0 0 0 0 0 0 0 0 0 Available
Jg3 0 QUE L(88-90) 0 0 0 0 0 0 0 0 0 0 0 0 0 0 0 0 0 0 0 0 0 0 0 0 0 0 0 0 0 0 0 0 0 Available
Ha5 0 QUE L(88-90) 1 2400 7 10 7 10 0 0 2 2 1 1 7 8 0 2 2 8 10 0 1 16 16 4 -2 88 90 11 0 0 1 1 0 Available
Fj4 0 QUE L(88-90) 1 2400 8 21 3 7 5 14 0 0 0 0 1 3 2 4 0 3 3 14 0 21 2 3 -2 88 90 46 25 0 0 0 0 Available
