Ge2 0 @RAY W(111-105) 0 0 0 0 0 0 0 0 0 0 0 0 0 0 0 0 0 0 0 0 0 0 0 0 0 0 0 0 0 0 0 0 0  Available
Ac20 0 @RAY W(111-105) 0 0 0 0 0 0 0 0 0 0 0 0 0 0 0 0 0 0 0 0 0 0 0 0 0 0 0 0 0 0 0 0 0  Injured
Ii6 0 @RAY W(111-105) 0 0 0 0 0 0 0 0 0 0 0 0 0 0 0 0 0 0 0 0 0 0 0 0 0 0 0 0 0 0 0 0 0  Suspended
Eh1 0 @RAY W(111-105) 1 2400 7 12 2 3 5 9 6 6 1 1 2 3 0 0 1 3 4 5 0 25 4 2 6 111 105 21 7 0 0 0 2  Available
De4 0 @RAY W(111-105) 1 2400 2 6 2 4 0 2 4 5 0 0 2 3 0 1 1 2 3 0 5 8 6 2 6 111 105 9 1 1 4 1 1  Available
Ff2 0 @RAY W(111-105) 0 0 0 0 0 0 0 0 0 0 0 0 0 0 0 0 0 0 0 0 0 0 0 0 0 0 0 0 0 0 0 0 0  Injured&Suspended
Gj1 0 @RAY W(111-105) 1 2400 4 11 2 7 2 4 5 6 0 0 0 2 2 5 1 7 8 8 0 15 0 3 6 111 105 31 18 0 0 0 2  Available
Ga11 0 @RAY W(111-105) 1 2400 21 36 20 34 1 2 0 0 2 2 15 20 5 14 6 7 13 3 1 43 30 7 6 111 105 40 4 1 0 0 0  Available
Da1 0 @RAY W(111-105) 1 2400 8 15 8 15 0 0 4 4 0 0 5 11 3 4 1 13 14 2 3 20 10 2 6 111 105 21 4 3 0 0 2  Available
Ac4 0 @RAY W(111-105) 0 0 0 0 0 0 0 0 0 0 0 0 0 0 0 0 0 0 0 0 0 0 0 0 0 0 0 0 0 0 0 0 0  Available
Ej4 0 @RAY W(111-105) 0 0 0 0 0 0 0 0 0 0 0 0 0 0 0 0 0 0 0 0 0 0 0 0 0 0 0 0 0 0 0 0 0  Available
Hb1 0 @RAY W(111-105) 0 0 0 0 0 0 0 0 0 0 0 0 0 0 0 0 0 0 0 0 0 0 0 0 0 0 0 0 0 0 0 0 0  Available
Ge2 0 @RAY L(83-93) 0 0 0 0 0 0 0 0 0 0 0 0 0 0 0 0 0 0 0 0 0 0 0 0 0 0 0 0 0 0 0 0 0  Available
Ac20 0 @RAY L(83-93) 0 0 0 0 0 0 0 0 0 0 0 0 0 0 0 0 0 0 0 0 0 0 0 0 0 0 0 0 0 0 0 0 0  Injured
Ii6 0 @RAY L(83-93) 0 0 0 0 0 0 0 0 0 0 0 0 0 0 0 0 0 0 0 0 0 0 0 0 0 0 0 0 0 0 0 0 0  Suspended
Eh1 0 @RAY L(83-93) 1 2400 6 14 3 4 3 10 0 0 0 0 3 4 0 0 0 3 3 1 1 15 6 0 -10 83 93 18 4 1 0 0 0  Available
De4 0 @RAY L(83-93) 1 2400 3 12 2 11 1 1 5 5 0 0 2 7 0 4 2 9 11 1 1 12 6 0 -10 83 93 16 2 0 1 1 1  Available
Ff2 0 @RAY L(83-93) 0 0 0 0 0 0 0 0 0 0 0 0 0 0 0 0 0 0 0 0 0 0 0 0 0 0 0 0 0 0 0 0 0  Injured&Suspended
Gj1 0 @RAY L(83-93) 1 2400 3 8 0 3 3 5 2 3 0 0 0 1 0 2 0 2 2 7 1 11 0 0 -10 83 93 30 21 0 1 0 1  Available
Ga11 0 @RAY L(83-93) 1 2400 9 23 9 20 0 3 5 7 2 2 6 12 3 8 5 9 14 2 1 23 15 6 -10 83 93 31 5 1 0 2 1  Available
Da1 0 @RAY L(83-93) 1 2400 10 18 10 18 0 0 2 6 0 0 6 11 4 7 4 7 11 1 1 22 13 3 -10 83 93 24 3 1 0 2 1  Available
Ac4 0 @RAY L(83-93) 0 0 0 0 0 0 0 0 0 0 0 0 0 0 0 0 0 0 0 0 0 0 0 0 0 0 0 0 0 0 0 0 0  Available
Ej4 0 @RAY L(83-93) 0 0 0 0 0 0 0 0 0 0 0 0 0 0 0 0 0 0 0 0 0 0 0 0 0 0 0 0 0 0 0 0 0  Available
Hb1 0 @RAY L(83-93) 0 0 0 0 0 0 0 0 0 0 0 0 0 0 0 0 0 0 0 0 0 0 0 0 0 0 0 0 0 0 0 0 0  Available
Ge2 0 @RAY W(100-90) 0 1516 3 10 3 10 0 0 4 4 0 0 0 2 3 8 4 2 6 0 1 10 4 2 5 58 53 15 3 1 0 2 0 Available
Ac20 0 @RAY W(100-90) 0 0 0 0 0 0 0 0 0 0 0 0 0 0 0 0 0 0 0 0 0 0 0 0 0 0 0 0 0 0 0 0 0 Injured
Ii6 0 @RAY W(100-90) 0 0 0 0 0 0 0 0 0 0 0 0 0 0 0 0 0 0 0 0 0 0 0 0 0 0 0 0 0 0 0 0 0 Suspended
Eh1 0 @RAY W(100-90) 1 2400 13 27 1 2 12 25 4 5 0 0 0 1 1 1 6 5 11 5 1 42 0 9 10 100 90 38 9 0 1 0 2 Available
De4 0 @RAY W(100-90) 1 2400 6 12 4 8 2 4 4 5 1 2 2 6 2 2 4 10 14 0 1 18 6 7 10 100 90 15 1 1 0 1 1 Available
Ff2 0 @RAY W(100-90) 0 0 0 0 0 0 0 0 0 0 0 0 0 0 0 0 0 0 0 0 0 0 0 0 0 0 0 0 0 0 0 0 0 Injured&Suspended
Gj1 0 @RAY W(100-90) 1 2400 3 11 3 7 0 4 1 2 0 0 0 2 3 5 0 4 4 12 0 7 0 0 10 100 90 38 26 0 0 0 1 Available
Ga11 0 @RAY W(100-90) 1 413 4 5 4 5 0 0 0 0 0 0 4 4 0 1 1 0 1 0 3 8 8 0 -3 18 21 7 2 3 0 0 0 Available
Da1 0 @RAY W(100-90) 1 884 5 7 5 7 0 0 0 0 0 0 3 4 2 3 1 4 5 1 3 10 6 2 5 42 37 8 1 3 0 0 0 Available
Ac4 0 @RAY W(100-90) 0 1987 2 11 2 10 0 1 1 2 0 0 1 7 1 3 2 9 11 0 1 5 3 3 13 82 69 12 0 1 0 1 0 Available
Ej4 0 @RAY W(100-90) 0 0 0 0 0 0 0 0 0 0 0 0 0 0 0 0 0 0 0 0 0 0 0 0 0 0 0 0 0 0 0 0 0 Available
Hb1 0 @RAY W(100-90) 0 0 0 0 0 0 0 0 0 0 0 0 0 0 0 0 0 0 0 0 0 0 0 0 0 0 0 0 0 0 0 0 0 Available
Ge2 0 @RAY W(122-111) 0 0 0 0 0 0 0 0 0 0 0 0 0 0 0 0 0 0 0 0 0 0 0 0 0 0 0 0 0 0 0 0 0 Available
Ac20 0 @RAY W(122-111) 0 0 0 0 0 0 0 0 0 0 0 0 0 0 0 0 0 0 0 0 0 0 0 0 0 0 0 0 0 0 0 0 0 Injured
Ii6 0 @RAY W(122-111) 0 0 0 0 0 0 0 0 0 0 0 0 0 0 0 0 0 0 0 0 0 0 0 0 0 0 0 0 0 0 0 0 0 Suspended
Eh1 0 @RAY W(122-111) 1 2400 10 17 2 3 8 14 0 2 0 0 1 1 1 2 0 7 7 5 0 28 2 6 11 122 111 31 13 0 0 1 0 Available
De4 0 @RAY W(122-111) 1 2075 7 11 4 7 3 4 3 4 1 2 3 4 1 3 6 4 10 0 3 20 8 4 4 101 97 15 2 2 1 1 1 Available
Ff2 0 @RAY W(122-111) 0 0 0 0 0 0 0 0 0 0 0 0 0 0 0 0 0 0 0 0 0 0 0 0 0 0 0 0 0 0 0 0 0 Injured&Suspended
Gj1 0 @RAY W(122-111) 1 1520 3 7 1 2 2 5 0 0 0 0 1 1 0 1 0 3 3 5 2 8 2 0 7 76 69 20 13 0 2 0 0 Available
Ga11 0 @RAY W(122-111) 1 2400 13 23 13 23 0 0 0 0 1 1 9 15 4 8 3 11 14 3 2 26 18 4 11 122 111 31 8 2 0 0 0 Available
Da1 0 @RAY W(122-111) 1 1987 13 16 13 16 0 0 1 2 2 2 10 12 3 4 3 6 9 0 2 27 21 4 18 107 89 18 1 2 0 1 0 Available
Ac4 0 @RAY W(122-111) 0 413 3 6 3 5 0 1 1 2 1 1 3 4 0 1 1 0 1 0 0 7 7 2 -7 15 22 7 0 0 0 1 0 Available
Ej4 0 @RAY W(122-111) 0 1205 1 7 0 4 1 3 3 3 0 0 0 2 0 2 0 1 1 12 2 6 0 0 11 67 56 21 13 0 2 0 1 Available
Hb1 0 @RAY W(122-111) 0 0 0 0 0 0 0 0 0 0 0 0 0 0 0 0 0 0 0 0 0 0 0 0 0 0 0 0 0 0 0 0 0 Available
Ge2 0 @RAY W(107-95) 0 0 0 0 0 0 0 0 0 0 0 0 0 0 0 0 0 0 0 0 0 0 0 0 0 0 0 0 0 0 0 0 0 Available
Ac20 0 @RAY W(107-95) 0 0 0 0 0 0 0 0 0 0 0 0 0 0 0 0 0 0 0 0 0 0 0 0 0 0 0 0 0 0 0 0 0 Injured
Ii6 0 @RAY W(107-95) 0 0 0 0 0 0 0 0 0 0 0 0 0 0 0 0 0 0 0 0 0 0 0 0 0 0 0 0 0 0 0 0 0 Suspended
Eh1 0 @RAY W(107-95) 1 2400 10 20 1 1 9 19 9 11 0 0 0 0 1 1 0 8 8 3 0 38 0 0 12 107 95 31 7 0 0 0 4 Available
De4 0 @RAY W(107-95) 1 2231 5 11 3 8 2 3 4 4 0 1 2 6 1 2 2 2 4 1 2 16 8 3 10 101 91 16 3 2 0 2 0 Available
Ff2 0 @RAY W(107-95) 0 0 0 0 0 0 0 0 0 0 0 0 0 0 0 0 0 0 0 0 0 0 0 0 0 0 0 0 0 0 0 0 0 Injured&Suspended
Gj1 0 @RAY W(107-95) 1 2142 1 3 0 1 1 2 1 3 0 0 0 1 0 0 0 11 11 5 0 4 0 0 5 91 86 14 10 0 0 0 1 Available
Ga11 0 @RAY W(107-95) 1 2400 13 24 13 22 0 2 6 10 1 1 8 14 5 8 2 8 10 5 0 32 19 4 12 107 95 37 8 0 0 3 2 Available
Da1 0 @RAY W(107-95) 1 2400 7 13 7 13 0 0 1 4 0 2 5 10 2 3 4 8 12 2 1 15 11 0 12 107 95 20 5 1 0 2 0 Available
Ac4 0 @RAY W(107-95) 0 0 0 0 0 0 0 0 0 0 0 0 0 0 0 0 0 0 0 0 0 0 0 0 0 0 0 0 0 0 0 0 0 Available
Ej4 0 @RAY W(107-95) 0 427 1 2 1 1 0 1 0 0 0 0 0 0 1 1 0 0 0 1 0 2 0 0 9 22 13 5 3 0 0 0 0 Available
Hb1 0 @RAY W(107-95) 0 0 0 0 0 0 0 0 0 0 0 0 0 0 0 0 0 0 0 0 0 0 0 0 0 0 0 0 0 0 0 0 0 Available
Ge2 0 @RAY L(91-113) 0 620 4 8 3 6 1 2 2 2 1 1 2 3 1 3 2 1 3 0 0 11 6 4 -4 27 31 9 0 0 0 1 0 Available
Ac20 0 @RAY L(91-113) 0 0 0 0 0 0 0 0 0 0 0 0 0 0 0 0 0 0 0 0 0 0 0 0 0 0 0 0 0 0 0 0 0 Injured
Ii6 0 @RAY L(91-113) 0 0 0 0 0 0 0 0 0 0 0 0 0 0 0 0 0 0 0 0 0 0 0 0 0 0 0 0 0 0 0 0 0 Suspended
Eh1 0 @RAY L(91-113) 1 2240 2 7 0 2 2 5 14 15 0 0 0 1 0 1 1 1 2 7 0 20 0 0 -19 86 105 23 11 0 0 0 5 Available
De4 0 @RAY L(91-113) 1 2240 7 15 6 11 1 4 2 2 1 2 4 6 2 5 7 8 15 0 0 17 10 2 -19 86 105 17 1 0 0 1 0 Available
Ff2 0 @RAY L(91-113) 0 0 0 0 0 0 0 0 0 0 0 0 0 0 0 0 0 0 0 0 0 0 0 0 0 0 0 0 0 0 0 0 0 Injured&Suspended
Gj1 0 @RAY L(91-113) 1 1340 1 7 0 5 1 2 0 0 0 0 0 2 0 3 0 0 0 5 0 3 0 0 -23 44 67 18 11 0 0 0 0 Available
Ga11 0 @RAY L(91-113) 1 1780 9 20 9 20 0 0 2 2 0 0 7 12 2 8 1 8 9 1 0 20 16 2 -18 64 82 25 4 0 0 1 0 Available
Da1 0 @RAY L(91-113) 1 2240 4 13 4 13 0 0 3 4 1 2 3 9 1 4 6 6 12 0 1 11 9 5 -19 86 105 16 1 1 0 2 0 Available
Ac4 0 @RAY L(91-113) 0 160 1 2 1 1 0 1 1 2 0 0 1 1 0 0 0 0 0 0 0 3 3 2 -3 5 8 3 0 0 0 1 0 Available
Ej4 0 @RAY L(91-113) 0 1220 2 10 0 3 2 7 0 0 0 1 0 1 0 2 2 0 2 1 1 6 0 0 -2 52 54 20 10 0 1 0 0 Available
Hb1 0 @RAY L(91-113) 0 160 0 0 0 0 0 0 0 0 0 0 0 0 0 0 0 1 1 0 1 0 0 0 -3 5 8 0 0 1 0 0 0 Available
Ge2 0 @QUE L(100-111) 1 1995 7 13 6 11 1 2 2 2 0 0 4 4 2 7 1 3 4 1 2 17 10 9 -22 73 95 17 3 2 0 1 0 Available
Jc7 0 @QUE L(100-111) 0 207 1 1 1 1 0 0 0 0 0 0 1 1 0 0 0 0 0 0 0 2 2 2 8 13 5 1 0 0 0 0 0 Available
Jc3 0 @QUE L(100-111) 0 207 1 2 1 2 0 0 0 0 0 0 1 2 0 0 0 2 2 0 0 2 2 0 8 13 5 2 0 0 0 0 0 Available
Eh1 0 @QUE L(100-111) 1 2193 10 18 1 1 9 17 2 3 0 0 1 1 0 0 1 4 5 2 1 31 2 0 -19 87 106 22 3 0 1 0 1 Available
De4 0 @QUE L(100-111) 1 923 2 2 2 2 0 0 0 0 0 0 1 1 1 1 0 0 0 0 3 4 2 0 -8 35 43 3 1 3 0 0 0 Available
Ff2 0 @QUE L(100-111) 0 733 2 3 1 2 1 1 0 0 0 0 0 0 1 2 0 2 2 0 3 5 0 0 -4 34 38 3 0 3 0 0 0 Available
Gj1 0 @QUE L(100-111) 1 1992 3 10 1 2 2 8 3 3 0 0 1 2 0 0 1 3 4 10 0 11 2 3 -19 80 99 29 18 0 0 0 1 Available
Ga11 0 @QUE L(100-111) 1 2193 6 19 5 17 1 2 1 2 0 0 4 12 1 5 5 4 9 1 1 14 9 2 -19 87 106 24 4 1 0 1 0 Available
Ii6 0 @QUE L(100-111) 0 207 1 2 0 1 1 1 0 0 0 0 0 1 0 0 1 2 3 1 0 3 0 0 8 13 5 3 1 0 0 0 0 Available
Da1 0 @QUE L(100-111) 0 0 0 0 0 0 0 0 0 0 0 0 0 0 0 0 0 0 0 0 0 0 0 0 0 0 0 0 0 0 0 0 0 Suspended
Ej4 0 @QUE L(100-111) 0 1143 2 5 0 2 2 3 2 2 0 2 0 2 0 0 2 0 2 7 1 8 0 0 4 52 48 18 12 1 0 0 1 Available
Hb1 0 @QUE L(100-111) 0 207 1 2 0 1 1 1 0 0 0 0 0 1 0 0 0 0 0 0 0 3 0 0 8 13 5 2 0 0 0 0 0 Available
