Gi6 0 BRE W(104-82) 0 0 0 0 0 0 0 0 0 0 0 0 0 0 0 0 0 0 0 0 0 0 0 0 0 0 0 0 0 0 0 0 0 Suspended
Ee6 0 BRE W(104-82) 0 734 6 8 5 7 1 1 2 2 1 1 4 5 1 2 2 2 4 0 2 15 10 7 13 37 24 10 1 2 0 1 0 Available
Ii1 0 BRE W(104-82) 1 2237 4 7 4 7 0 0 2 2 0 0 1 3 3 4 0 6 6 15 1 10 2 0 17 94 77 41 33 0 1 0 1 Available
Eg3 0 BRE W(104-82) 1 1940 8 17 7 12 1 5 5 7 0 0 4 7 3 5 0 7 7 2 2 22 9 4 13 80 67 27 7 1 1 1 2 Available
Ga4 0 BRE W(104-82) 1 2237 8 17 8 16 0 1 6 8 2 3 6 11 2 5 7 9 16 0 1 22 17 10 17 94 77 21 0 1 0 3 1 Available
Ja1 0 BRE W(104-82) 0 163 1 2 1 2 0 0 0 0 0 0 0 1 1 1 0 2 2 0 0 2 0 0 5 10 5 2 0 0 0 0 0 Available
Df2 0 BRE W(104-82) 0 763 2 5 1 2 1 3 0 0 0 0 1 2 0 0 1 1 2 0 1 5 2 0 -1 30 31 5 0 1 0 0 0 Available
Ce2 0 BRE W(104-82) 1 1200 4 12 3 11 1 1 3 4 1 3 3 11 0 0 3 4 7 0 1 12 9 2 14 51 37 14 0 1 0 2 0 Available
Ji1 0 BRE W(104-82) 0 163 1 1 1 1 0 0 0 0 0 0 1 1 0 0 0 0 0 2 0 2 2 0 5 10 5 4 3 0 0 0 0 Available
Db1 0 BRE W(104-82) 0 163 1 1 1 1 0 0 0 0 0 0 1 1 0 0 0 0 0 0 0 2 2 0 5 10 5 1 0 0 0 0 0 Available
Ia7 0 BRE W(104-82) 1 2237 4 7 4 7 0 0 2 4 0 0 3 5 1 2 4 7 11 1 1 10 8 1 17 94 77 11 2 1 0 2 0 Available
Ia6 0 BRE W(104-82) 0 163 1 1 1 1 0 0 0 0 0 0 1 1 0 0 0 0 0 1 0 2 2 0 5 10 5 2 1 0 0 0 0 Available
