Jc4 0 @WIL W(98-86) 0 357 0 1 0 1 0 0 0 0 0 0 0 0 0 1 2 0 2 0 0 0 0 0 -14 6 20 1 0 0 0 0 0 Available
He5 0 @WIL W(98-86) 0 0 0 0 0 0 0 0 0 0 0 0 0 0 0 0 0 0 0 0 0 0 0 0 0 0 0 0 0 0 0 0 0 Available
Hi3 0 @WIL W(98-86) 0 0 0 0 0 0 0 0 0 0 0 0 0 0 0 0 0 0 0 0 0 0 0 0 0 0 0 0 0 0 0 0 0 Suspended
Ga5 0 @WIL W(98-86) 1 1800 8 14 8 14 0 0 9 10 2 3 6 8 2 6 5 7 12 0 0 25 21 10 23 83 60 19 0 0 0 5 0 Available
Fa7 0 @WIL W(98-86) 0 1443 5 12 5 12 0 0 2 2 1 1 3 5 2 7 3 5 8 1 0 12 8 2 31 69 38 14 1 0 0 1 0 Available
Ih4 0 @WIL W(98-86) 0 357 1 3 1 2 0 1 0 0 0 0 0 0 1 2 0 0 0 0 0 2 0 0 -14 6 20 3 0 0 0 0 0 Available
Ie9 0 @WIL W(98-86) 1 2043 8 15 7 11 1 4 2 2 1 1 4 5 3 6 4 12 16 0 1 19 10 4 26 92 66 18 2 0 1 1 0 Available
Dg3 0 @WIL W(98-86) 1 2043 4 12 2 7 2 5 9 9 0 0 0 3 2 4 0 4 4 4 0 19 0 3 26 92 66 23 8 0 0 0 3 Available
Ec2 0 @WIL W(98-86) 1 600 1 2 1 2 0 0 0 2 0 0 1 1 0 1 1 0 1 0 1 2 2 2 -5 23 28 3 0 1 0 1 0 Available
Ej5 0 @WIL W(98-86) 1 2400 3 6 2 5 1 1 5 5 0 0 0 0 2 5 2 5 7 15 1 12 0 0 12 98 86 46 38 0 1 0 2 Available
Jg1 0 @WIL W(98-86) 0 357 0 3 0 1 0 2 0 0 0 0 0 0 0 1 0 0 0 0 0 0 0 0 -14 6 20 3 0 0 0 0 0 Available
Ia2 0 @WIL W(98-86) 0 600 2 3 2 3 0 0 3 4 0 0 2 3 0 0 0 0 0 0 2 7 7 0 -11 15 26 5 0 2 0 2 0 Available
Jc4 0 @HAR W(90-88) 0 0 0 0 0 0 0 0 0 0 0 0 0 0 0 0 0 0 0 0 0 0 0 0 0 0 0 0 0 0 0 0 0 Available
He5 0 @HAR W(90-88) 0 832 3 5 3 5 0 0 4 4 0 0 2 3 1 2 1 0 1 0 1 10 4 2 2 32 30 8 1 1 0 0 2 Available
Hi3 0 @HAR W(90-88) 0 0 0 0 0 0 0 0 0 0 0 0 0 0 0 0 0 0 0 0 0 0 0 0 0 0 0 0 0 0 0 0 0 Suspended
Ga5 0 @HAR W(90-88) 1 2400 6 12 6 12 0 0 1 2 0 2 5 8 1 4 4 13 17 0 3 13 11 2 2 90 88 13 0 3 0 1 0 Available
Fa7 0 @HAR W(90-88) 1 2391 12 17 12 17 0 0 0 0 1 1 9 12 3 5 2 8 10 1 0 24 18 6 1 89 88 20 3 0 0 0 0 Available
Ih4 0 @HAR W(90-88) 0 0 0 0 0 0 0 0 0 0 0 0 0 0 0 0 0 0 0 0 0 0 0 0 0 0 0 0 0 0 0 0 0 Available
Ie9 0 @HAR W(90-88) 1 1568 5 13 5 12 0 1 0 0 0 0 4 7 1 5 2 3 5 1 2 10 8 4 0 58 58 14 1 1 1 0 0 Available
Dg3 0 @HAR W(90-88) 1 2400 6 19 3 4 3 15 3 3 0 0 1 2 2 2 0 5 5 4 0 18 2 0 2 90 88 28 8 0 0 0 1 Available
Ec2 0 @HAR W(90-88) 0 9 0 0 0 0 0 0 0 0 0 0 0 0 0 0 0 0 0 0 0 0 0 0 1 1 0 0 0 0 0 0 0 Available
Ej5 0 @HAR W(90-88) 1 2400 5 12 3 8 2 4 3 4 0 0 0 3 3 5 1 5 6 17 1 15 0 0 2 90 88 47 33 1 0 0 2 Available
Jg1 0 @HAR W(90-88) 0 0 0 0 0 0 0 0 0 0 0 0 0 0 0 0 0 0 0 0 0 0 0 0 0 0 0 0 0 0 0 0 0 Available
Ia2 0 @HAR W(90-88) 0 0 0 0 0 0 0 0 0 0 0 0 0 0 0 0 0 0 0 0 0 0 0 0 0 0 0 0 0 0 0 0 0 Available
Jc4 0 KEN W(111-100) 0 229 0 0 0 0 0 0 1 2 0 0 0 0 0 0 0 0 0 0 0 1 1 1 -7 6 13 2 1 0 0 1 0 Available
He5 0 KEN W(111-100) 0 229 0 0 0 0 0 0 0 0 0 0 0 0 0 0 0 2 2 0 0 0 0 0 -7 6 13 0 0 0 0 0 0 Available
Hi3 0 KEN W(111-100) 0 0 0 0 0 0 0 0 0 0 0 0 0 0 0 0 0 0 0 0 0 0 0 0 0 0 0 0 0 0 0 0 0 Suspended
Ga5 0 KEN W(111-100) 1 2171 5 6 5 6 0 0 5 6 0 0 2 3 3 3 6 10 16 0 1 15 9 4 18 105 87 9 0 1 0 3 0 Available
Fa7 0 KEN W(111-100) 1 2171 11 16 11 16 0 0 5 8 0 0 7 10 4 6 4 7 11 1 0 27 19 6 18 105 87 21 1 0 0 4 0 Available
Ih4 0 KEN W(111-100) 0 229 0 2 0 2 0 0 0 0 0 0 0 0 0 2 0 0 0 0 0 0 0 0 -7 6 13 2 0 0 0 0 0 Available
Ie9 0 KEN W(111-100) 1 2171 8 15 7 13 1 2 0 0 0 0 5 8 2 5 0 7 7 1 2 17 10 0 18 105 87 18 3 1 1 0 0 Available
Dg3 0 KEN W(111-100) 1 2171 10 18 5 8 5 10 2 3 0 0 1 1 4 7 0 2 2 7 1 27 2 0 18 105 87 30 11 0 1 0 1 Available
Ec2 0 KEN W(111-100) 0 0 0 0 0 0 0 0 0 0 0 0 0 0 0 0 0 0 0 0 0 0 0 0 0 0 0 0 0 0 0 0 0 Available
Ej5 0 KEN W(111-100) 1 2171 7 11 4 8 3 3 2 2 0 0 2 3 2 5 1 3 4 10 1 19 6 2 18 105 87 38 26 0 1 1 0 Available
Jg1 0 KEN W(111-100) 0 229 1 2 1 2 0 0 0 0 0 0 1 1 0 1 0 0 0 0 0 2 2 0 -7 6 13 2 0 0 0 0 0 Available
Ia2 0 KEN W(111-100) 0 229 1 2 0 0 1 2 0 2 0 0 0 0 0 0 1 0 1 0 0 3 0 0 -7 6 13 3 0 0 0 1 0 Available
Jc4 0 @RAY L(105-106) 0 0 0 0 0 0 0 0 0 0 0 0 0 0 0 0 0 0 0 0 0 0 0 0 0 0 0 0 0 0 0 0 0 Available
He5 0 @RAY L(105-106) 0 1578 5 6 5 6 0 0 0 0 0 1 2 3 3 3 4 6 10 0 0 10 4 2 7 67 60 7 1 0 0 0 0 Available
Hi3 0 @RAY L(105-106) 0 0 0 0 0 0 0 0 0 0 0 0 0 0 0 0 0 0 0 0 0 0 0 0 0 0 0 0 0 0 0 0 0 Suspended
Ga5 0 @RAY L(105-106) 1 369 1 1 1 1 0 0 1 2 0 0 1 1 0 0 1 1 2 0 2 3 3 1 -4 13 17 2 0 2 0 1 0 Available
Fa7 0 @RAY L(105-106) 1 2400 7 16 7 16 0 0 4 6 0 0 3 8 4 8 2 11 13 0 0 18 10 2 -1 105 106 20 1 0 0 3 0 Available
Ih4 0 @RAY L(105-106) 0 0 0 0 0 0 0 0 0 0 0 0 0 0 0 0 0 0 0 0 0 0 0 0 0 0 0 0 0 0 0 0 0 Available
Ie9 0 @RAY L(105-106) 1 822 2 4 1 3 1 1 2 2 0 0 1 3 0 0 0 3 3 1 2 7 4 0 -8 38 46 6 1 1 1 1 0 Available
Dg3 0 @RAY L(105-106) 1 2400 9 16 5 9 4 7 3 4 0 0 3 6 2 3 0 5 5 7 1 25 9 0 -1 105 106 33 15 0 1 2 0 Available
Ec2 0 @RAY L(105-106) 0 0 0 0 0 0 0 0 0 0 0 0 0 0 0 0 0 0 0 0 0 0 0 0 0 0 0 0 0 0 0 0 0 Available
Ej5 0 @RAY L(105-106) 1 2400 4 17 3 11 1 6 0 0 0 1 1 5 2 6 2 0 2 16 1 9 2 3 -1 105 106 49 32 1 0 0 0 Available
Jg1 0 @RAY L(105-106) 0 0 0 0 0 0 0 0 0 0 0 0 0 0 0 0 0 0 0 0 0 0 0 0 0 0 0 0 0 0 0 0 0 Available
Ia2 0 @RAY L(105-106) 0 2031 14 23 14 23 0 0 5 6 1 2 10 17 4 6 4 9 13 0 0 33 25 8 3 92 89 26 0 0 0 3 0 Available
