Dj3 0 KEN L(105-111) 1 2400 8 14 2 5 6 9 3 5 0 0 0 1 2 4 0 2 2 21 3 25 1 1 -6 105 111 55 39 0 3 1 1  Available
Ge7 0 KEN L(105-111) 1 2400 8 17 5 11 3 6 5 5 0 0 2 6 3 5 1 10 11 1 3 24 6 0 -6 105 111 20 1 1 2 1 1  Available
Ig2 0 KEN L(105-111) 0 0 0 0 0 0 0 0 0 0 0 0 0 0 0 0 0 0 0 0 0 0 0 0 0 0 0 0 0 0 0 0 0  Available
Hi6 0 KEN L(105-111) 0 0 0 0 0 0 0 0 0 0 0 0 0 0 0 0 0 0 0 0 0 0 0 0 0 0 0 0 0 0 0 0 0  Available
Fa3 0 KEN L(105-111) 1 2400 8 11 8 11 0 0 1 4 0 0 7 9 1 2 2 8 10 0 0 17 15 0 -6 105 111 13 0 0 0 2 0  Available
Hf2 0 KEN L(105-111) 0 0 0 0 0 0 0 0 0 0 0 0 0 0 0 0 0 0 0 0 0 0 0 0 0 0 0 0 0 0 0 0 0  Available
Fd1 0 KEN L(105-111) 0 0 0 0 0 0 0 0 0 0 0 0 0 0 0 0 0 0 0 0 0 0 0 0 0 0 0 0 0 0 0 0 0  Available
Ce3 0 KEN L(105-111) 0 0 0 0 0 0 0 0 0 0 0 0 0 0 0 0 0 0 0 0 0 0 0 0 0 0 0 0 0 0 0 0 0  Available
Gc7 0 KEN L(105-111) 0 0 0 0 0 0 0 0 0 0 0 0 0 0 0 0 0 0 0 0 0 0 0 0 0 0 0 0 0 0 0 0 0  Available
Cg1 0 KEN L(105-111) 1 2400 7 19 5 9 2 10 5 5 0 0 5 8 0 1 0 2 2 9 1 21 10 0 -6 105 111 39 18 0 1 0 2  Available
Bg9 0 KEN L(105-111) 0 0 0 0 0 0 0 0 0 0 0 0 0 0 0 0 0 0 0 0 0 0 0 0 0 0 0 0 0 0 0 0 0  Available
Ea6 0 KEN L(105-111) 1 2400 8 12 8 12 0 0 2 2 0 0 6 7 2 5 2 7 9 0 1 18 14 0 -6 105 111 13 0 0 1 1 0  Available
Dj3 0 KEN W(93-83) 1 2400 6 15 4 9 2 6 2 3 1 2 2 3 2 6 2 1 3 18 0 16 4 2 10 93 83 48 32 0 0 0 1  Available
Ge7 0 KEN W(93-83) 1 2400 6 16 6 15 0 1 0 0 0 0 4 9 2 6 0 11 11 0 2 12 8 0 10 93 83 17 1 1 1 0 0  Available
Ig2 0 KEN W(93-83) 0 0 0 0 0 0 0 0 0 0 0 0 0 0 0 0 0 0 0 0 0 0 0 0 0 0 0 0 0 0 0 0 0  Available
Hi6 0 KEN W(93-83) 0 0 0 0 0 0 0 0 0 0 0 0 0 0 0 0 0 0 0 0 0 0 0 0 0 0 0 0 0 0 0 0 0  Available
Fa3 0 KEN W(93-83) 1 2400 8 13 8 13 0 0 1 4 1 1 7 9 1 4 3 9 12 0 1 17 15 2 10 93 83 15 0 1 0 2 0  Available
Hf2 0 KEN W(93-83) 0 0 0 0 0 0 0 0 0 0 0 0 0 0 0 0 0 0 0 0 0 0 0 0 0 0 0 0 0 0 0 0 0  Available
Fd1 0 KEN W(93-83) 0 0 0 0 0 0 0 0 0 0 0 0 0 0 0 0 0 0 0 0 0 0 0 0 0 0 0 0 0 0 0 0 0  Available
Ce3 0 KEN W(93-83) 0 0 0 0 0 0 0 0 0 0 0 0 0 0 0 0 0 0 0 0 0 0 0 0 0 0 0 0 0 0 0 0 0  Available
Gc7 0 KEN W(93-83) 0 0 0 0 0 0 0 0 0 0 0 0 0 0 0 0 0 0 0 0 0 0 0 0 0 0 0 0 0 0 0 0 0  Available
Cg1 0 KEN W(93-83) 1 2400 9 16 5 10 4 6 5 5 0 0 5 9 0 1 2 6 8 9 4 27 12 2 10 93 83 39 21 1 3 1 1  Available
Bg9 0 KEN W(93-83) 0 0 0 0 0 0 0 0 0 0 0 0 0 0 0 0 0 0 0 0 0 0 0 0 0 0 0 0 0 0 0 0 0  Available
Ea6 0 KEN W(93-83) 1 2400 10 17 9 16 1 1 0 0 2 2 8 11 1 5 3 9 12 1 2 21 16 8 10 93 83 18 1 2 0 0 0  Available
Dj3 0 KEN L(90-100) 1 2400 8 19 1 7 7 12 2 2 1 1 1 1 0 6 1 4 5 15 0 25 4 2 -10 90 100 53 33 0 0 1 0 Available
Ge7 0 KEN L(90-100) 1 2400 4 9 2 6 2 3 4 4 0 0 1 2 1 4 3 6 9 0 1 14 6 0 -10 90 100 11 0 0 1 2 0 Available
Ig2 0 KEN L(90-100) 0 0 0 0 0 0 0 0 0 0 0 0 0 0 0 0 0 0 0 0 0 0 0 0 0 0 0 0 0 0 0 0 0 Available
Hi6 0 KEN L(90-100) 0 0 0 0 0 0 0 0 0 0 0 0 0 0 0 0 0 0 0 0 0 0 0 0 0 0 0 0 0 0 0 0 0 Available
Fa3 0 KEN L(90-100) 1 2307 7 12 7 12 0 0 4 8 0 0 4 4 3 8 1 7 8 0 3 18 12 4 -12 88 100 16 0 3 0 4 0 Available
Hf2 0 KEN L(90-100) 0 0 0 0 0 0 0 0 0 0 0 0 0 0 0 0 0 0 0 0 0 0 0 0 0 0 0 0 0 0 0 0 0 Available
Fd1 0 KEN L(90-100) 0 462 2 5 1 3 1 2 0 0 0 0 1 2 0 1 1 0 1 0 1 5 2 0 3 21 18 5 0 0 1 0 0 Available
Ce3 0 KEN L(90-100) 0 93 0 0 0 0 0 0 0 0 0 0 0 0 0 0 0 0 0 0 0 0 0 0 2 2 0 0 0 0 0 0 0 Available
Gc7 0 KEN L(90-100) 0 0 0 0 0 0 0 0 0 0 0 0 0 0 0 0 0 0 0 0 0 0 0 0 0 0 0 0 0 0 0 0 0 Available
Cg1 0 KEN L(90-100) 1 1954 6 15 4 9 2 6 2 3 1 1 3 5 1 4 2 2 4 4 2 16 6 2 -8 76 84 27 11 0 2 0 1 Available
Bg9 0 KEN L(90-100) 0 446 2 5 2 5 0 0 0 0 0 0 2 3 0 2 0 4 4 0 0 4 4 0 -2 14 16 5 0 0 0 0 0 Available
Ea6 0 KEN L(90-100) 1 1938 2 10 2 9 0 1 4 4 1 2 2 4 0 5 4 6 10 0 1 8 8 2 -13 69 82 13 1 1 0 2 0 Available
Dj3 0 KEN L(111-122) 1 2400 6 14 1 5 5 9 3 3 0 0 0 1 1 4 0 4 4 17 1 20 0 0 -11 111 122 51 36 0 1 0 1 Available
Ge7 0 KEN L(111-122) 1 2091 4 14 4 11 0 3 4 4 0 1 3 4 1 7 4 7 11 2 2 12 10 2 -1 101 102 19 3 1 1 2 0 Available
Ig2 0 KEN L(111-122) 0 0 0 0 0 0 0 0 0 0 0 0 0 0 0 0 0 0 0 0 0 0 0 0 0 0 0 0 0 0 0 0 0 Available
Hi6 0 KEN L(111-122) 0 0 0 0 0 0 0 0 0 0 0 0 0 0 0 0 0 0 0 0 0 0 0 0 0 0 0 0 0 0 0 0 0 Available
Fa3 0 KEN L(111-122) 1 1555 6 9 6 9 0 0 1 4 0 0 5 5 1 4 1 5 6 0 2 13 11 0 3 73 70 11 0 2 0 2 0 Available
Hf2 0 KEN L(111-122) 0 0 0 0 0 0 0 0 0 0 0 0 0 0 0 0 0 0 0 0 0 0 0 0 0 0 0 0 0 0 0 0 0 Available
Fd1 0 KEN L(111-122) 0 2132 9 13 5 7 4 6 6 7 0 0 2 3 3 4 3 7 10 1 0 28 6 7 3 105 102 17 1 0 0 1 2 Available
Ce3 0 KEN L(111-122) 0 347 0 0 0 0 0 0 0 0 0 0 0 0 0 0 0 0 0 1 0 0 0 0 -12 10 22 1 1 0 0 0 0 Available
Gc7 0 KEN L(111-122) 0 0 0 0 0 0 0 0 0 0 0 0 0 0 0 0 0 0 0 0 0 0 0 0 0 0 0 0 0 0 0 0 0 Available
Cg1 0 KEN L(111-122) 1 2400 13 21 8 11 5 10 3 6 0 0 7 9 1 2 0 3 3 5 1 34 14 0 -11 111 122 35 12 1 0 0 2 Available
Bg9 0 KEN L(111-122) 0 0 0 0 0 0 0 0 0 0 0 0 0 0 0 0 0 0 0 0 0 0 0 0 0 0 0 0 0 0 0 0 0 Available
Ea6 0 KEN L(111-122) 1 1075 1 6 1 6 0 0 2 2 0 0 1 3 0 3 0 2 2 0 0 4 4 0 -26 44 70 7 0 0 0 1 0 Available
Dj3 0 KEN L(95-107) 1 2373 9 20 2 7 7 13 0 0 0 0 0 0 2 7 3 0 3 16 3 25 0 3 -10 95 105 51 31 0 3 0 0 Available
Ge7 0 KEN L(95-107) 1 2366 8 16 7 12 1 4 0 0 1 1 5 8 2 4 3 8 11 0 3 17 10 4 -8 95 103 17 1 1 2 0 0 Available
Ig2 0 KEN L(95-107) 0 0 0 0 0 0 0 0 0 0 0 0 0 0 0 0 0 0 0 0 0 0 0 0 0 0 0 0 0 0 0 0 0 Available
Hi6 0 KEN L(95-107) 0 27 0 1 0 1 0 0 0 0 0 0 0 1 0 0 0 0 0 0 0 0 0 0 -2 0 2 2 1 0 0 0 0 Available
Fa3 0 KEN L(95-107) 1 1343 2 6 2 6 0 0 0 0 0 0 2 3 0 3 1 4 5 0 2 4 4 2 -8 54 62 6 0 2 0 0 0 Available
Hf2 0 KEN L(95-107) 0 0 0 0 0 0 0 0 0 0 0 0 0 0 0 0 0 0 0 0 0 0 0 0 0 0 0 0 0 0 0 0 0 Available
Fd1 0 KEN L(95-107) 0 1657 3 12 1 6 2 6 2 2 0 2 1 3 0 3 2 8 10 1 2 10 4 0 -1 69 70 14 1 2 0 1 0 Available
Ce3 0 KEN L(95-107) 0 0 0 0 0 0 0 0 0 0 0 0 0 0 0 0 0 0 0 0 0 0 0 0 0 0 0 0 0 0 0 0 0 Available
Gc7 0 KEN L(95-107) 0 0 0 0 0 0 0 0 0 0 0 0 0 0 0 0 0 0 0 0 0 0 0 0 0 0 0 0 0 0 0 0 0 Available
Cg1 0 KEN L(95-107) 1 1823 8 13 6 8 2 5 3 4 0 0 5 5 1 3 2 4 6 6 2 21 13 2 -13 72 85 30 15 0 2 2 0 Available
Bg9 0 KEN L(95-107) 0 611 5 10 5 8 0 2 0 0 0 0 5 6 0 2 0 1 1 0 0 10 10 0 -3 23 26 11 1 0 0 0 0 Available
Ea6 0 KEN L(95-107) 1 1800 4 10 4 10 0 0 0 0 0 0 3 6 1 4 1 6 7 0 2 8 6 0 -15 67 82 11 1 2 0 0 0 Available
Dj3 0 KEN W(113-91) 1 1095 7 9 1 2 6 7 0 0 0 0 0 0 1 2 0 4 4 5 3 20 0 6 -1 46 47 21 12 0 3 0 0 Available
Ge7 0 KEN W(113-91) 1 1869 5 13 3 8 2 5 0 0 0 0 1 4 2 4 0 5 5 0 3 12 2 0 5 85 80 13 0 2 1 0 0 Available
Ig2 0 KEN W(113-91) 0 149 1 1 1 1 0 0 1 2 0 0 0 0 1 1 0 1 1 0 0 3 1 0 5 8 3 2 0 0 0 1 0 Available
Hi6 0 KEN W(113-91) 0 1305 5 8 4 6 1 2 0 0 0 0 3 4 1 2 1 3 4 13 1 11 6 2 23 67 44 26 18 1 0 0 0 Available
Fa3 0 KEN W(113-91) 1 1172 2 3 2 3 0 0 0 0 0 0 1 2 1 1 1 3 4 0 2 4 2 2 8 57 49 3 0 1 1 0 0 Available
Hf2 0 KEN W(113-91) 0 149 0 1 0 1 0 0 0 0 0 0 0 0 0 1 0 0 0 0 0 0 0 0 5 8 3 1 0 0 0 0 0 Available
Fd1 0 KEN W(113-91) 0 1228 4 6 1 2 3 4 1 2 1 1 1 1 0 1 4 3 7 0 2 12 2 2 14 56 42 7 0 2 0 0 1 Available
Ce3 0 KEN W(113-91) 0 382 2 2 1 1 1 1 0 0 0 0 1 1 0 0 1 0 1 0 0 5 2 0 12 20 8 4 2 0 0 0 0 Available
Gc7 0 KEN W(113-91) 0 149 1 2 1 2 0 0 0 0 0 0 1 2 0 0 0 1 1 0 0 2 2 0 5 8 3 2 0 0 0 0 0 Available
Cg1 0 KEN W(113-91) 1 2251 11 23 6 10 5 13 0 0 1 1 5 9 1 1 4 5 9 11 0 27 10 2 17 105 88 41 18 0 0 0 0 Available
Bg9 0 KEN W(113-91) 0 0 0 0 0 0 0 0 0 0 0 0 0 0 0 0 0 0 0 0 0 0 0 0 0 0 0 0 0 0 0 0 0 Available
Ea6 0 KEN W(113-91) 1 2251 8 16 8 15 0 1 1 2 0 1 6 8 2 7 3 9 12 0 0 17 13 2 17 105 88 17 0 0 0 1 0 Available
Dj3 0 QUE W(106-105) 1 2400 8 17 3 5 5 12 0 0 1 1 1 2 2 3 1 2 3 14 0 21 2 2 1 106 105 49 32 0 0 0 0 Available
Ge7 0 QUE W(106-105) 0 0 0 0 0 0 0 0 0 0 0 0 0 0 0 0 0 0 0 0 0 0 0 0 0 0 0 0 0 0 0 0 0 Injured
Ig2 0 QUE W(106-105) 0 1 0 0 0 0 0 0 0 0 0 0 0 0 0 0 0 0 0 0 0 0 0 0 2 2 0 0 0 0 0 0 0 Available
Ja6 0 QUE W(106-105) 0 0 0 0 0 0 0 0 0 0 0 0 0 0 0 0 0 0 0 0 0 0 0 0 0 0 0 0 0 0 0 0 0 Suspended
Fa3 0 QUE W(106-105) 0 1394 10 18 9 17 1 1 0 0 0 0 7 10 2 7 1 4 5 0 0 21 14 5 -2 63 65 18 0 0 0 0 0 Available
Hf2 0 QUE W(106-105) 0 0 0 0 0 0 0 0 0 0 0 0 0 0 0 0 0 0 0 0 0 0 0 0 0 0 0 0 0 0 0 0 0 Available
Jj3 0 QUE W(106-105) 0 0 0 0 0 0 0 0 0 0 0 0 0 0 0 0 0 0 0 0 0 0 0 0 0 0 0 0 0 0 0 0 0 Available
Fd1 0 QUE W(106-105) 1 1356 6 8 4 6 2 2 2 2 1 1 3 4 1 2 1 5 6 1 2 16 8 2 -3 64 67 11 2 2 0 1 0 Available
Ce3 0 QUE W(106-105) 0 1384 2 9 1 8 1 1 2 5 0 0 0 3 1 5 1 6 7 2 1 7 0 5 -10 49 59 14 3 1 0 0 2 Available
Gc7 0 QUE W(106-105) 1 1006 2 6 2 6 0 0 0 0 0 0 2 5 0 1 1 2 3 0 3 4 4 0 3 43 40 7 1 3 0 0 0 Available
Cg1 0 QUE W(106-105) 1 2400 10 19 7 11 3 8 2 2 1 1 5 8 2 3 2 3 5 7 3 25 12 7 1 106 105 37 17 3 0 1 0 Available
Ea6 0 QUE W(106-105) 1 2059 4 9 4 9 0 0 4 4 1 1 4 6 0 3 4 8 12 0 1 12 12 2 13 97 84 11 0 1 0 2 0 Available
Dj3 0 @BRE W(118-109) 1 2115 1 8 0 2 1 6 2 2 0 0 0 1 0 1 0 1 1 14 4 5 2 0 6 103 97 34 25 1 3 1 0 Available
Ge7 0 @BRE W(118-109) 0 0 0 0 0 0 0 0 0 0 0 0 0 0 0 0 0 0 0 0 0 0 0 0 0 0 0 0 0 0 0 0 0 Injured
Ig2 0 @BRE W(118-109) 0 0 0 0 0 0 0 0 0 0 0 0 0 0 0 0 0 0 0 0 0 0 0 0 0 0 0 0 0 0 0 0 0 Available
Ja6 0 @BRE W(118-109) 0 0 0 0 0 0 0 0 0 0 0 0 0 0 0 0 0 0 0 0 0 0 0 0 0 0 0 0 0 0 0 0 0 Suspended
Fa3 0 @BRE W(118-109) 1 2087 5 9 5 9 0 0 2 2 0 0 1 3 4 6 1 8 9 0 3 12 2 0 11 97 86 10 0 3 0 0 1 Available
Hf2 0 @BRE W(118-109) 0 0 0 0 0 0 0 0 0 0 0 0 0 0 0 0 0 0 0 0 0 0 0 0 0 0 0 0 0 0 0 0 0 Available
Jj3 0 @BRE W(118-109) 0 285 2 3 1 2 1 1 0 0 0 0 0 0 1 2 0 0 0 0 0 5 0 0 3 15 12 4 1 0 0 0 0 Available
Fd1 0 @BRE W(118-109) 0 1800 6 12 3 4 3 8 2 2 0 0 2 2 1 2 1 8 9 1 1 17 6 2 16 95 79 14 1 1 0 1 0 Available
Ce3 0 @BRE W(118-109) 1 600 1 6 1 4 0 2 0 0 0 1 0 2 1 2 3 2 5 2 1 2 0 2 -7 23 30 9 3 1 0 0 0 Available
Gc7 0 @BRE W(118-109) 1 2400 16 22 16 20 0 2 1 2 2 2 10 12 6 8 2 9 11 0 1 33 21 4 9 118 109 24 1 1 0 1 0 Available
Cg1 0 @BRE W(118-109) 1 2400 10 18 4 8 6 10 14 17 0 0 4 6 0 2 1 4 5 7 1 40 12 4 9 118 109 45 20 1 0 2 5 Available
Ea6 0 @BRE W(118-109) 0 313 1 1 1 1 0 0 2 2 0 0 1 1 0 0 0 0 0 0 0 4 2 0 -2 21 23 2 0 0 0 0 1 Available
