Ba4 0 QUE L(86-98) 1 2400 6 10 6 10 0 0 0 0 2 3 6 9 0 1 6 6 12 0 3 12 12 4 -12 86 98 10 0 3 0 0 0 Available
Ei5 0 QUE L(86-98) 1 617 3 3 3 3 0 0 0 0 0 0 2 2 1 1 0 1 1 2 3 6 4 0 2 28 26 6 3 2 1 0 0 Available
He2 0 QUE L(86-98) 0 0 0 0 0 0 0 0 0 0 0 0 0 0 0 0 0 0 0 0 0 0 0 0 0 0 0 0 0 0 0 0 0 Suspended
Hc5 0 QUE L(86-98) 0 0 0 0 0 0 0 0 0 0 0 0 0 0 0 0 0 0 0 0 0 0 0 0 0 0 0 0 0 0 0 0 0 Injured
Hf1 0 QUE L(86-98) 0 0 0 0 0 0 0 0 0 0 0 0 0 0 0 0 0 0 0 0 0 0 0 0 0 0 0 0 0 0 0 0 0 Injured
Ee3 0 QUE L(86-98) 1 466 2 5 2 4 0 1 5 5 0 0 2 4 0 0 0 2 2 1 3 9 6 0 -1 21 22 8 1 2 1 1 1 Available
Jh6 0 QUE L(86-98) 0 1333 9 16 3 3 6 13 4 4 0 0 3 3 0 0 0 1 1 0 1 28 10 0 2 46 44 19 1 0 1 2 0 Available
Gi3 0 QUE L(86-98) 1 2376 5 9 3 5 2 4 0 0 0 0 2 2 1 3 0 4 4 4 1 12 4 0 -12 86 98 24 15 1 0 0 0 Available
Ea2 0 QUE L(86-98) 1 1067 3 7 3 7 0 0 0 0 0 0 2 3 1 4 0 2 2 2 3 6 4 0 -14 40 54 9 2 2 1 0 0 Available
Fj6 0 QUE L(86-98) 0 1807 3 15 1 11 2 4 0 0 0 0 1 6 0 5 1 4 5 7 0 8 2 0 -14 58 72 32 17 0 0 0 0 Available
Jg6 0 QUE L(86-98) 0 1934 2 10 2 8 0 2 1 2 0 2 1 6 1 2 3 5 8 2 1 5 2 0 -11 65 76 17 6 0 1 0 1 Available
Ic4 0 QUE L(86-98) 0 0 0 0 0 0 0 0 0 0 0 0 0 0 0 0 0 0 0 0 0 0 0 0 0 0 0 0 0 0 0 0 0 Suspended
