Year:11 Game:None Type:ASG ALP@BET
Alpha CTime FGM FGA 2PM 2PA 3PM 3PA FTM FTA PBM PBA InM InA 2JM 2JA OR DF TR Ast FC FD Pts InP 2CP +/- TPF TPA Tchs Pass IFC PFC IFD PFD
STARTERS
  Ie4  1934   6  11   2   5   4   6   5   5   0   0   2   5   0   0  0  9  9   0  2  2  21   6   5  28 110  82   13    0   1   1   1   1
  Ej5  1714   4   9   1   3   3   6   0   0   1   1   1   2   0   1  2  1  3  22  3  0  11   2   2  25 105  80   43   34   0   3   0   0
  Ic4  1714  12  16  12  16   0   0   2   4   1   1  12  16   0   0  5  7 12   0  2  2  26  26   6  20  89  69   18    0   1   1   2   0
  Ea5  1430   7  12   7  12   0   0   2   4   0   1   7  12   0   0  1 10 11   0  1  2  16  16   0  17  82  65   15    1   1   0   2   0
  Dg3  1314   7  13   4   8   3   5   5   5   0   0   3   5   1   3  1  1  2   2  2  2  22   8   5  27  78  51   21    6   0   2   1   1
BENCH
  Ha2  1436   8   9   7   8   1   1   5   6   0   0   6   6   1   2  3  5  8   0  1  3  22  17   2  13  74  61   12    0   1   0   3   0
  Ei5  1372   2   5   1   2   1   3   0   0   0   0   1   1   0   1  0  1  1   6  3  0   5   2   0  13  72  59   20   15   1   2   0   0
  Hc5  1086   4   5   4   5   0   0   2   2   0   0   3   4   1   1  1  1  2   2  2  1  10   8   2   2  55  53    9    3   1   1   1   0
Ie9   DNP-Injured
Beta CTime FGM FGA 2PM 2PA 3PM 3PA FTM FTA PBM PBA InM InA 2JM 2JA OR DF TR Ast FC FD Pts InP 2CP +/- TPF TPA Tchs Pass IFC PFC IFD PFD
STARTERS
 Gj1  1638   5  12   1   4   4   8  12  13   0   0   1   2   0   2  0  0  0  11  1  5  26   4   0 -23  68  91   33   16   1   0   1   4
 Ge7  1524   3   5   3   4   0   1   0   0   0   0   1   1   2   3  1  2  3   1  2  0   6   2   0 -15  64  79    8    3   2   0   0   0
 Gc7  1496   5  11   5  10   0   1   2   2   0   0   5   6   0   4  0  5  5   1  1  1  12  12   0 -24  61  85   14    2   1   0   1   0
 Ha5  1430   3   8   3   8   0   0   2   4   0   0   3   7   0   1  1  4  5   0  3  2   8   8   1 -17  65  82   10    0   3   0   2   0
 Eh1  1368   2  10   0   2   2   8  10  12   0   0   0   1   0   1  2  1  3   3  0  4  16   0   0 -19  58  77   19    5   0   0   0   4
BENCH
 Eg3  1972  10  16   7  11   3   5   4   5   0   0   4   7   3   4  0  1  1   3  3  2  27   8   2 -24  88 112   28   10   2   1   0   2
 Ga2  1372   1   3   1   3   0   0   1   2   0   0   1   1   0   2  0  2  2   0  1  1   3   3   0 -13  59  72    4    0   0   1   1   0
 Ia7  1200   2   4   2   4   0   0   2   2   0   0   2   3   0   1  2  5  7   0  1  1   6   6   2 -10  57  67    7    2   1   0   1   0
