Year:11 Game:None Type:ASG ALP@BET
Alpha CTime FGM FGA 2PM 2PA 3PM 3PA FTM FTA PBM PBA InM InA 2JM 2JA OR DF TR Ast FC FD Pts InP 2CP +/- TPF TPA Tchs Pass IFC PFC IFD PFD
STARTERS
  Ea5  1772   9  13   9  13   0   0   1   6   0   0   9  13   0   0  0  8  8   1  1  3  19  19   0   8  83  75   19    3   1   0   3   0
  Ej5  1664   3   7   1   4   2   3   3   3   0   0   1   2   0   2  0  1  1  13  1  1  11   2   0   4  81  77   29   21   1   0   0   1
  Ie4  1664   4  10   4   6   0   4   2   2   0   0   3   5   1   1  2  6  8   0  3  1  10   8   0   4  81  77   12    1   2   1   1   0
  Ic4  1601   7  10   7   9   0   1   2   4   0   0   7   9   0   0  0  1  1   0  2  2  16  16   0   8  73  65   12    0   2   0   2   0
  Dg3  1496   6   9   4   5   2   4   3   3   0   0   1   1   3   4  0  4  4   6  1  1  17   2   0  10  77  67   18    8   0   1   0   1
BENCH
  Ei5  1364   5  11   2   6   3   5   2   3   0   1   0   3   2   3  1  3  4   5  1  1  15   0   0   8  64  56   24   12   0   1   0   1
  Ha2  1239   5   5   5   5   0   0   5   6   0   0   5   5   0   0  1  5  6   0  4  3  15  15   2   4  56  52    8    0   3   1   3   0
  Hc5  1200   4   7   4   7   0   0   3   4   0   0   2   4   2   3  1  3  4   0  1  2  11   7   0   4  55  51   10    1   0   1   2   0
  Ie9 DNP-Injured
Beta CTime FGM FGA 2PM 2PA 3PM 3PA FTM FTA PBM PBA InM InA 2JM 2JA OR DF TR Ast FC FD Pts InP 2CP +/- TPF TPA Tchs Pass IFC PFC IFD PFD
STARTERS
 Gj1  1932   4  12   3   4   1   8   2   5   0   0   0   0   3   4  1  6  7  18  0  2  11   1   0  -6  87  93   43   29   0   0   1   1
 Ha5  1800  11  15  11  15   0   0   2   2   0   0  11  14   0   1  1  4  5   0  4  1  24  24   6  -6  78  84   17    1   4   0   1   0
 Ge7  1772   4   7   3   5   1   2   3   3   0   1   0   1   3   4  4  4  8   0  3  1  12   0   3  -8  75  83    8    0   3   0   0   1
 Eh1  1675   5  16   2   5   3  11   4   6   0   1   1   4   1   1  2  0  2   4  1  3  17   2   2  -2  72  74   26    7   0   1   0   3
 Gc7  1161   2   5   2   4   0   1   2   2   0   0   1   2   1   2  0  5  5   0  2  1   6   4   0  -6  52  58    7    1   2   0   1   0
BENCH
 Ga2  1364   3   7   3   7   0   0   6   8   0   0   1   4   2   3  2  6  8   1  2  4  12   8   2  -8  56  64   12    1   1   1   4   0
 Eg3  1193   7  13   6   8   1   5   2   2   0   1   2   3   4   5  1  2  3   2  1  1  17   6   0 -12  49  61   20    6   0   1   1   0
 Ia7  1103   2   5   2   5   0   0   1   2   0   1   1   2   1   3  2  2  4   0  1  1   5   3   2  -2  51  53    7    1   1   0   1   0
