Game Type Opp.     Result OT Ties LChgs FGM FGA 2PM 2PA 3PM 3PA FTM FTA PBM PBA InM InA 2JM 2JA OR DF TR Ast FC Pts InP 2CP Poss Tchs Pass IFC PFC BPts MaxL MUPt oFGM oFGA o2PM o2PA o3PM o3PA oFTM oFTA oPBM oPBA oInM oInA o2JM o2JA oOR oDF oTR oAst oFC oPts oInP o2CP oPoss oTchs oPass oIFC oPFC oBPts oMaxL oMUPt PeriodScores
   2   RS vRAY  W(107-99)  0    6     2  35  72  29  55   6  17  31  41   3   3  22  34   7  21 13 33 46  22  7 107  60  17   91  140   49   3   4    6    9    7   40   82   34   54    6   28   13   18    1    1   20   29   14   25  11  31  42   20  19   99   44   12    89   137    48   11    8    27    13     8 21-30,30-22,31-25,25-22
   4   RS @RAY  L(95-114)  0    2     2  36  78  28  63   8  15  15  22   2   3  21  41   7  22 12 26 38  21  5  95  50  16   89  129   40   2   3    6   15   10   45   82   32   52   13   30   11   11    2    2   24   33    8   19  11  35  46   25  11  114   52   20    87   133    46    6    5    60    21    13 22-17,33-26,24-31,16-40
   6   RS @HAR   L(65-96)  0    0     0  26  80  21  62   5  18   8  15   1   5  14  39   7  23 12 30 42  18 11  65  33  11   87  133   46   7   4   24    0    5   38   74   32   57    6   17   14   22    1    2   24   33    8   24  11  45  56   17   7   96   55    8    85   121    36    5    2    33    31     7 14-25,21-32,13-20,17-19
  10   RS vHAR   L(86-90)  0    9    11  35  82  29  63   6  19  10  10   3   4  16  31  13  32  9 34 43  15 10  86  40  12   87  123   36   5   5   22    3    8   36   87   31   68    5   19   13   21    6    8   21   41   10   27  19  38  57   19   5   90   49   17    97   142    45    4    1    10     9    12 19-23,25-23,22-22,20-22
  12   RS @RAY  W(107-77)  0    8     9  39  68  33  58   6  10  23  32   0   0  21  35  12  23  6 41 47  22  2 107  58   7   83  132   49   1   1   31   30   10   33   83   26   54    7   29    4    5    1    3   19   34    7   20   9  28  37   22  15   77   39    4    85   133    48   12    3    23     4     5 21-25,29-20,32-15,25-17
  18   RS vHAR   W(91-88)  0    0     4  37  81  30  64   7  17  10  16   6   7  24  49   6  15 16 33 49  20  6  91  56  16   89  140   51   2   4    0   10    8   34   78   27   55    7   23   13   15    2    2   18   31    9   24  11  32  43   19   8   88   40   10    84   125    41    6    2    27     1     7 25-21,26-27,22-17,18-23
  26   RS vQUE  W(105-96)  0    7     4  41  78  34  65   7  13  16  19   2   4  18  36  16  29  9 32 41  22 16 105  43  12   86  127   41  12   4   19   25    9   35   78   31   64    4   14   22   33    3    6   19   33   12   31  17  30  47   16   8   96   53   16    94   147    53    4    4    57     2    10 33-19,30-25,16-32,26-20
  29   RS @BRE  L(87-109)  0    5     0  33  81  27  64   6  17  15  23   1   1  16  41  11  23 12 30 42  16 13  87  39  16   92  134   42   8   5   34    0    8   41   78   37   61    4   17   23   31    3    4   32   52    5    9  11  40  51   20  11  109   77   16    91   142    51    5    6    28    22    11 21-26,19-20,24-22,23-41
  33   RS @CRO   L(76-99)  0    1     2  31  77  29  60   2  17  12  17   0   1  21  38   8  22 11 27 38  18 15  76  48   7   85  129   44   4  11   22    1    6   35   69   33   59    2   10   27   35    3    3   19   30   14   29   9  38  47   23   8   99   44   12    84   134    50    5    3    26    28    10 19-27,15-23,18-25,24-24
  34   RS vBRE L(100-102)  0    1     4  34  77  28  66   6  11  26  31   3   6  18  42  10  24 15 31 46  18 11 100  52  13   91  138   47   6   5   35    1    8   40   76   35   61    5   15   17   23    2    4   28   46    7   15   9  29  38   27  14  102   65   12    87   139    52   10    4    11    17     8 25-33,28-25,25-23,22-21
  42   RS vKEN   L(75-98)  0    4     5  36  84  35  75   1   9   2   4   2   2  20  47  15  28 14 32 46  15  8  75  40  12   86  123   37   3   5   28   11    6   36   80   22   45   14   35   12   20    3    4   12   24   10   21  14  35  49   20   2   98   25   14    88   132    44    1    1    22    27    11 25-14,20-32,14-25,16-27
  46   RS @HAR  W(100-92)  0    8     9  42  80  36  65   6  15  10  17   5   6  23  44  13  21 14 33 47  29 10 100  49  21   88  144   56   7   3   29   19   13   36   76   28   55    8   21   12   20    3    5   16   30   12   25  10  28  38   20   8   92   39   13    86   125    39    3    5    46     7    12 19-20,30-18,30-24,21-30
