Year:11 Game:44 Type:RS HAR@RAY
Hartford CTime FGM FGA 2PM 2PA 3PM 3PA FTM FTA PBM PBA InM InA 2JM 2JA OR DF TR Ast FC FD Pts InP 2CP +/- TPF TPA Tchs Pass IFC PFC IFD PFD
STARTERS
     Ha5  2158   6   9   6   9   0   0   2   6   0   0   5   8   1   1  0  5  5   0  0  3  14  12   0 -22  81 103   12    0   0   0   3   0
     Ge8  1843   5  10   4   7   1   3   0   0   1   1   3   5   1   2  2  3  5   0  1  0  11   6   2 -26  65  91   10    0   0   1   0   0
     Ii9  1800   2   8   2   5   0   3   0   0   0   0   0   0   2   5  0  3  3   8  1  0   4   0   0 -17  70  87   21   13   1   0   0   0
     Ga2  1558   5   7   5   7   0   0   3   4   0   0   4   5   1   2  0  6  6   0  3  2  13  11   0 -18  61  79    9    0   3   0   2   0
     Fj4   928   2   4   2   3   0   1   2   2   0   0   0   0   2   3  0  2  2   4  3  1   6   0   0 -14  34  48   17   12   1   2   0   1
BENCH
     Hg4  1118   8  13   8  11   0   2  10  11   0   0   4   6   4   5  2  3  5   3  0  5  26  10   4  -1  48  49   23    5   0   0   1   4
     Gg2   712   2   9   1   7   1   2   0   0   0   0   1   5   0   2  0  0  0   1  0  0   5   2   0  -5  23  28   11    2   0   0   0   0
     Ee1   600   2   4   1   1   1   3   0   3   0   0   1   1   0   0  1  2  3   1  1  1   5   2   0  -4  20  24    8    3   0   1   0   1
     Gc3   315   0   0   0   0   0   0   0   0   0   0   0   0   0   0  0  0  0   0  0  0   0   0   0   4  16  12    1    1   0   0   0   0
     Hi5   242   0   1   0   1   0   0   2   2   0   0   0   0   0   1  0  0  0   2  0  1   2   0   0   7  13   6    4    2   0   0   0   1
     Jg3   242   3   3   3   3   0   0   0   0   0   0   2   2   1   1  0  3  3   0  0  0   6   4   0   7  13   6    4    1   0   0   0   0
     Ka1   242   1   1   1   1   0   0   0   0   0   0   1   1   0   0  0  0  0   0  0  0   2   2   0   7  13   6    1    0   0   0   0   0
    Kf10   242   0   0   0   0   0   0   0   0   0   0   0   0   0   0  0  2  2   0  0  0   0   0   0   7  13   6    0    0   0   0   0   0
Rays CTime FGM FGA 2PM 2PA 3PM 3PA FTM FTA PBM PBA InM InA 2JM 2JA OR DF TR Ast FC FD Pts InP 2CP +/- TPF TPA Tchs Pass IFC PFC IFD PFD
STARTERS
 Cg1  2158  10  17   6   9   4   8   6   9   0   0   2   4   4   5  0  9  9   7  2  4  30   7   5  22 103  81   33   12   1   1   2   2
 Gc7  2158   6  11   6  11   0   0   6   6   1   1   3   5   3   6  2  5  7   0  3  3  18  12   2  22 103  81   15    1   3   0   3   0
 Ge7  2078   3   6   2   4   1   2   3   3   0   0   1   1   1   3  4 10 14   0  2  1  10   2   0  21 100  79    7    0   0   2   0   1
 Dj3  1923   3   9   2   3   1   6   3   3   0   0   0   0   2   3  0  1  1  13  1  1  10   0   0  27  94  67   36   26   0   1   0   1
 Ja6  1474   9  15   9  14   0   1   0   0   1   1   8  10   1   4  3  4  7   1  2  0  18  16   2  14  73  59   17    2   2   0   0   0
BENCH
 Fd1   684   6  11   3   8   3   3   0   0   0   1   2   4   1   4  2  0  2   0  0  0  15   4   2   8  30  22   11    0   0   0   0   0
 Jj3   477   3   7   3   5   0   2   0   0   0   0   0   1   3   4  1  0  1   1  2  0   6   0   0 -12  15  27    9    2   0   2   0   0
 Ig2   322   0   3   0   1   0   2   0   0   0   0   0   1   0   0  0  2  2   1  0  0   0   0   0  -6   9  15    4    1   0   0   0   0
 Hf2   242   0   1   0   1   0   0   0   0   0   0   0   0   0   1  0  0  0   0  0  0   0   0   0  -7   6  13    2    1   0   0   0   0
 Ka7   242   1   1   1   1   0   0   0   0   0   0   1   1   0   0  1  1  2   0  0  0   2   2   2  -7   6  13    1    0   0   0   0   0
Ki12   242   0   0   0   0   0   0   0   0   0   0   0   0   0   0  0  0  0   1  1  0   0   0   0  -7   6  13    4    4   0   1   0   0
Ea6  DNP-CD
Fa3  DNP-CD
