Year:11 Game:56 Type:RS LAT@KEN
Latymer CTime FGM FGA 2PM 2PA 3PM 3PA FTM FTA PBM PBA InM InA 2JM 2JA OR DF TR Ast FC FD Pts InP 2CP +/- TPF TPA Tchs Pass IFC PFC IFD PFD
STARTERS
    Gi6  1951   7  13   7   9   0   4   0   0   2   2   5   6   2   3  3  5  8   3  2  0  14  10   4 -27  57  84   18    5   0   2   0   0
    Ii1  1800   3   9   3   6   0   3   0   0   0   0   2   4   1   2  0  4  4   9  2  0   6   4   0 -26  53  79   31   22   0   2   0   0
    Ga4  1566   1  12   1  11   0   1   0   0   0   1   0   6   1   5  3  2  5   0  1  0   2   0   0 -24  45  69   12    0   1   0   0   0
    Eg3  1155   7  17   6  12   1   5   1   3   1   1   5  11   1   1  1  0  1   0  0  1  16  10   5 -10  37  47   20    2   0   0   0   1
    Ia7  1155   2   3   2   3   0   0   1   2   0   0   2   3   0   0  2  7  9   0  2  1   5   5   0 -10  37  47    4    0   1   1   1   0
BENCH
    Ja1  1630   6  10   6  10   0   0   3   4   1   1   5   8   1   2  4 10 14   0  3  2  15  13   5 -24  47  71   12    0   3   0   2   0
    Ji1   600   1   3   1   2   0   1   0   0   0   0   0   0   1   2  0  0  0   2  1  0   2   0   0  -5  19  24    8    5   0   1   0   0
    Df2   568   0   3   0   1   0   2   0   0   0   1   0   1   0   0  1  1  2   0  2  0   0   0   0 -13  14  27    3    0   0   2   0   0
    Ce2   449   2   5   1   4   1   1   1   3   0   0   1   4   0   0  1  3  4   0  1  1   6   2   1  -4  15  19    6    0   1   0   0   1
    Ka2   449   1   3   1   3   0   0   2   2   0   0   1   1   0   2  0  0  0   0  1  1   4   2   0  -4  15  19    4    0   0   1   0   1
    Ki2   449   1   3   1   2   0   1   0   0   0   0   0   1   1   1  0  1  1   1  1  0   2   0   0  -4  15  19    8    5   0   1   0   0
    Ee6   228   0   1   0   1   0   0   0   0   0   0   0   0   0   1  0  0  0   0  0  0   0   0   0  -4   6  10    2    1   0   0   0   0
Ia6     DNP-CD
Kendal CTime FGM FGA 2PM 2PA 3PM 3PA FTM FTA PBM PBA InM InA 2JM 2JA OR DF TR Ast FC FD Pts InP 2CP +/- TPF TPA Tchs Pass IFC PFC IFD PFD
STARTERS
   Eh1  1951   5  19   0   3   5  16   7   8   0   0   0   2   0   1  3  5  8   2  0  3  22   0   9  27  84  57   30    8   0   0   0   3
   Gj1  1951   3   9   3   9   0   0   6   9   1   1   1   6   2   3  2  6  8   7  1  3  12   2   6  27  84  57   28   16   0   1   0   3
   Hb1  1951   7  12   5  10   2   2   2   2   1   1   4   7   1   3  4  5  9   0  0  1  18  10   2  27  84  57   13    0   0   0   1   0
   Ff2  1800   2   4   1   2   1   2   1   3   0   0   0   0   1   2  0  1  1   1  0  1   6   0   2  26  79  53    7    2   0   0   0   1
   Da1  1323   5  11   5  11   0   0   4   6   1   3   4   9   1   2  5  7 12   0  2  3  14  12   5  15  54  39   14    0   2   0   3   0
BENCH
  Ga11  1077   5   9   5   9   0   0   3   4   0   0   4   7   1   2  1  9 10   0  0  2  13  11   2  16  49  33   12    1   0   0   2   0
   Ge2   600   4   5   3   4   1   1   3   3   0   1   2   3   1   1  2  4  6   0  0  1  12   4   0   5  24  19    7    1   0   0   0   1
   Ii6   449   0   1   0   1   0   0   0   0   0   0   0   1   0   0  0  1  1   2  0  0   0   0   0   4  19  15    6    5   0   0   0   0
   Jc7   449   0   3   0   3   0   0   0   0   0   0   0   0   0   3  0  0  0   0  0  0   0   0   0   4  19  15    3    0   0   0   0   0
   Kg9   449   1   3   1   2   0   1   4   4   0   0   1   2   0   0  0  0  0   0  3  2   6   2   0   4  19  15    7    2   1   2   0   2
Jc3    DNP-CD
Ka8    DNP-CD
Ej4    DNP-Injured
