Year:11 Game:63 Type:RS WIL@QUE
Wilson CTime FGM FGA 2PM 2PA 3PM 3PA FTM FTA PBM PBA InM InA 2JM 2JA OR DF TR Ast FC FD Pts InP 2CP +/- TPF TPA Tchs Pass IFC PFC IFD PFD
STARTERS
   Gi3  2150   6  16   4   8   2   8   2   2   1   1   2   2   2   6  3  5  8   5  1  1  16   6   7 -20  68  88   32   15   0   1   1   0
   Hc5  1924   7  16   7  16   0   0   3   6   3   3   6  10   1   6  5  6 11   1  2  3  17  15   9 -12  64  76   22    3   1   1   3   0
   Ic4  1776   5  13   5  13   0   0   2   2   1   1   5  12   0   1  4  4  8   0  2  1  12  12   2 -17  54  71   16    2   1   1   1   0
   Ei5  1550   0   5   0   4   0   1   0   0   0   0   0   0   0   4  1  2  3   1  1  0   0   0   0  -9  50  59   13    8   0   1   0   0
   He2  1550   4  11   3   6   1   5   5   7   0   0   2   4   1   2  2  6  8   0  2  3  14   5   4  -9  50  59   14    0   1   1   1   2
BENCH
   Ee3   850   3   5   3   4   0   1   0   0   0   0   2   3   1   1  1  1  2   2  1  0   6   4   0  -9  31  40   12    7   1   0   0   0
   Ka4   850   2   8   2   8   0   0   2   2   0   0   1   6   1   2  0  3  3   0  0  1   6   4   0  -9  31  40   10    1   0   0   1   0
   Jg6   600   0   2   0   2   0   0   1   2   0   0   0   0   0   2  0  1  1   0  1  1   1   1   0 -11  18  29    7    4   0   1   1   0
   Fj6   250   0   0   0   0   0   0   0   0   0   0   0   0   0   0  0  0  0   1  1  0   0   0   0   2  13  11    1    1   0   1   0   0
   Jh6   250   1   1   1   1   0   0   5   5   0   0   1   1   0   0  0  0  0   2  0  2   7   4   0   2  13  11    5    2   0   0   1   1
   Kh2   250   1   1   1   1   0   0   0   0   0   0   0   0   1   1  0  0  0   0  1  0   2   0   0   2  13  11    1    0   0   1   0   0
Ea2    DNP-Injured
Hf1    DNP-Injured
Queens CTime FGM FGA 2PM 2PA 3PM 3PA FTM FTA PBM PBA InM InA 2JM 2JA OR DF TR Ast FC FD Pts InP 2CP +/- TPF TPA Tchs Pass IFC PFC IFD PFD
STARTERS
   Ej5  2150   7  13   4   6   3   7   7   8   0   0   1   2   3   4  1  2  3  12  0  3  24   2   0  20  88  68   45   29   0   0   0   3
   Ga5  2150   5  13   5  10   0   3   3   4   0   0   4   7   1   3  2 12 14   0  2  2  13  11   1  20  88  68   15    0   2   0   2   0
   Ie9  2150  10  14   9  11   1   3   2   2   0   0   4   4   5   7  1  7  8   3  2  1  23   8   4  20  88  68   19    4   2   0   0   1
   Dg3  1800   1   7   1   4   0   3   8   8   0   0   1   4   0   0  2  6  8   4  1  3  10   4   2  15  72  57   19    9   0   1   1   2
   Fa7  1296   2   7   2   7   0   0   0   0   0   0   1   3   1   4  0  5  5   1  3  0   4   2   0   3  47  44    8    1   3   0   0   0
BENCH
   Ia2  1104   5   6   5   6   0   0   2   2   0   0   4   5   1   1  0  2  2   1  2  1  12  10   2  15  52  37    8    1   1   1   1   0
   Jg1   600   3   4   3   4   0   0   0   0   0   0   0   0   3   4  0  1  1   0  1  0   6   0   0   3  27  24    4    0   0   1   0   0
   Ec2   250   0   0   0   0   0   0   0   0   0   0   0   0   0   0  0  1  1   0  0  0   0   0   0  -2  11  13    0    0   0   0   0   0
   He5   250   1   2   1   1   0   1   0   0   0   0   0   0   1   1  0  1  1   0  0  0   2   0   0  -2  11  13    2    0   0   0   0   0
  Kj10   250   1   2   1   1   0   1   3   4   0   0   1   1   0   0  0  0  0   2  1  2   5   2   0  -2  11  13    7    3   1   0   0   2
Hi3    DNP-CD
Jc4    DNP-CD
Ih4    DNP-Injured
