Year Game Type Opp.     Result OT Ties LChgs FGM FGA 2PM 2PA 3PM 3PA FTM FTA PBM PBA InM InA 2JM 2JA OR DF TR Ast FC Pts InP 2CP Poss Tchs Pass IFC PFC BPts MaxL MUPt oFGM oFGA o2PM o2PA o3PM o3PA oFTM oFTA oPBM oPBA oInM oInA o2JM o2JA oOR oDF oTR oAst oFC oPts oInP o2CP oPoss oTchs oPass oIFC oPFC oBPts oMaxL oMUPt PeriodScores
  11    3   RS vBRE   W(93-74)  0    3     5  35  70  31  54   4  16  19  27   2   3  18  33  13  21 13 36 49  20 12  93  52  15   83  128   45   7   5   22   19    6   28   70   23   49    5   21   13   27    0    1   19   36    4   13  12  26  38   19  13   74   47   11    82   131    49   10    3    31     3     6 23-17,26-23,18-18,26-16
  11   11   RS vCRO  W(110-95)  0    1     4  45  80  37  65   8  15  12  13   0   3  20  38  17  27 10 33 43  27  4 110  47   8   86  131   45   3   1   31   17    8   41   82   32   58    9   24    4    8    3    3   21   36   11   22   9  26  35   27   6   95   45   10    86   141    55    4    2    21     5     9 22-25,34-22,25-27,29-21
  11   13   RS @BRE  L(99-111)  0    2     0  41  79  39  74   2   5  15  18   2   3  27  47  12  27 14 24 38  22 11  99  62  22   87  133   46   7   4    8    0    6   42   76   32   58   10   18   17   23    1    3   30   48    2   10  13  24  37   31   8  111   69   17    87   148    61    4    4     6    15     5 25-33,29-29,21-27,24-22
  11   15   RS @QUE  W(101-89)  0    2     3  39  80  33  63   6  17  17  24   3   5  21  41  12  22 14 34 48  19  7 101  54  12   91  139   48   5   2   11   15    7   36   77   30   59    6   18   11   14    1    2   25   37    5   22   8  30  38   21  11   89   58    5    84   124    40    7    4    38     2     6 22-14,20-25,32-25,27-25
  11   19   RS vBRE L(107-108)  0    3     3  41  83  33  66   8  17  17  21   4   6  23  41  10  25 15 29 44  22 13 107  54  20   92  148   56   3  10   17   10   12   40   77   32   51    8   26   20   28    2    3   24   37    8   14  12  28  40   29   9  108   52   21    90   149    59    5    4    20    12     7 25-31,28-14,14-26,40-37
  11   27   RS vKEN  W(113-79)  0    5     2  42  71  36  59   6  12  23  29   2   2  29  43   7  16  9 41 50  16 11 113  74   8   84  123   39   6   5   40   34   12   26   79   16   49   10   30   17   25    4    7   13   33    3   16  14  23  37   12  13   79   33   16    90   132    42   10    3    45     2     5 32-18,27-19,30-23,24-19
  11   32   RS @KEN  W(108-91)  0    0     0  48  85  42  68   6  17   6  12   3   3  27  39  15  29 12 38 50  24 10 108  60  14   91  139   48   4   6   15   21   10   30   78   20   47   10   31   21   23    1    3    9   21   11   26  11  30  41   17   6   91   26   14    88   135    47    6    0    40     0    10 27-18,32-29,24-20,25-24
  11   35   RS vRAY   W(95-70)  0    2     2  40  79  37  66   3  13  12  17   4   6  26  44  11  22 14 43 57  18  5  95  59  16   87  127   40   2   3   18   30   10   26   80   17   56    9   24    9   11    0    4   12   30    5   26  12  29  41   15   8   70   27    2    85   132    47    6    2    31     1     8 31-18,23-14,23-18,18-20
  11   36   RS @RAY  L(94-111)  0   10     9  37  76  34  65   3  11  17  20   2   3  21  32  13  33 13 23 36  19 12  94  52  14   85  136   51   8   4   20    6    7   41   79   30   47   11   32   18   27    5    8   23   33    7   14  20  27  47   21   9  111   57   25    91   133    42    5    4    34    20     8 25-21,25-29,21-30,23-31
  11   41   RS @CRO   L(74-77)  0    7    12  28  77  24  61   4  16  14  24   2   6  18  38   6  23 17 36 53  19 10  74  47  13   89  138   49   9   1   14    3   10   29   75   25   60    4   15   15   20    0    1   16   32    9   28  13  37  50   15  12   77   45   17    85   125    40    9    3    23    11     9 24-24,8-15,22-22,20-16
  11   43   RS vCRO L(101-111)  0   11    13  42  81  42  70   0  11  17  22   5   6  34  52   8  18 11 32 43  23 12 101  74  15   91  140   49   4   8   11    4    7   40   80   32   65    8   15   23   29    2    4   21   35   11   30  12  31  43   27  10  111   48    6    92   143    51    4    6    10    16     8 26-28,13-23,31-27,31-33
  11   45   RS @BRE   W(82-81)  0    0     3  32  78  27  64   5  14  13  15   1   6  19  49   8  15 13 33 46  17  6  82  48  10   85  123   38   5   1   14    1    6   36   83   32   65    4   18    5   13    2    4   21   47   11   18  18  33  51   21   7   81   47   14    89   140    51    5    2    19    16     7 17-26,18-19,24-20,23-16
  11   49   RS @CRO   L(84-85)  0    9     4  29  66  26  58   3   8  23  31   0   0  17  37   9  21  7 36 43  11 12  84  54   5   81  124   43   2  10    5    2    4   28   70   23   56    5   14   24   28    2    3   11   26   12   30   8  33  41   19  15   85   24   10    82   135    53   14    1    13     7     7 16-19,19-19,25-23,24-24
