Game Type Opp.     Result OT Ties LChgs FGM FGA 2PM 2PA 3PM 3PA FTM FTA PBM PBA InM InA 2JM 2JA OR DF TR Ast FC Pts InP 2CP Poss Tchs Pass IFC PFC BPts MaxL MUPt oFGM oFGA o2PM o2PA o3PM o3PA oFTM oFTA oPBM oPBA oInM oInA o2JM o2JA oOR oDF oTR oAst oFC oPts oInP o2CP oPoss oTchs oPass oIFC oPFC oBPts oMaxL oMUPt PeriodScores
   6   RS vLAT   W(96-65)  0    0     0  38  74  32  57   6  17  14  22   1   2  24  33   8  24 11 45 56  17  7  96  55   8   85  121   36   5   2   33   31    7   26   80   21   62    5   18    8   15    1    5   14   39    7   23  12  30  42   18  11   65   33   11    87   133    46    7    4    24     0     5 25-14,32-21,20-13,19-17
  10   RS @LAT   W(90-86)  0    9    11  36  87  31  68   5  19  13  21   6   8  21  41  10  27 19 38 57  19  5  90  49  17   97  142   45   4   1   10    9   12   35   82   29   63    6   19   10   10    3    4   16   31   13   32   9  34  43   15  10   86   40   12    87   123    36    5    5    22     3     8 23-19,23-25,22-22,22-20
  14   RS vRAY   L(78-91)  0    1     6  29  78  24  53   5  25  15  18   1   2  15  32   9  21  9 36 45  17  9  78  39   4   87  132   45   6   3   18    2    8   35   83   28   61    7   22   14   19    3    6   18   33   10   28  14  41  55   24   9   91   46   20    92   151    59    6    3    32    15    11 16-24,22-20,23-18,17-29
  16   RS @KEN  L(85-101)  0    4     3  31  75  26  56   5  19  18  23   1   3  15  28  11  28 11 30 41  19  4  85  43   5   86  128   42   2   2   28    3    6   42   83   31   58   11   25    6    8    1    1   21   31   10   27  12  34  46   26  11  101   44   13    87   133    46    9    2    17    21     7 18-23,16-26,26-26,25-26
  18   RS @LAT   L(88-91)  0    0     4  34  78  27  55   7  23  13  15   2   2  18  31   9  24 11 32 43  19  8  88  40  10   84  125   41   6   2   27    1    7   37   81   30   64    7   17   10   16    6    7   24   49    6   15  16  33  49   20   6   91   56   16    89   140    51    2    4     0    10     8 21-25,27-26,17-22,23-18
  20   RS @RAY L(105-112)  1   20    18  41  96  35  69   6  27  17  24   6   7  26  39   9  30 18 40 58  22  8 105  59  21  107  160   53   4   4   19    9    7   44   89   32   54   12   35   12   16    1    1   24   29    8   25   8  42  50   22  11  112   54   10    97   146    49    5    6    18     7     6 31-24,18-27,19-20,24-21,13-20
  22   RS vKEN   W(99-92)  0    0     0  37  77  31  63   6  14  19  24   1   1  21  38  10  25 14 36 50  22  7  99  51  19   88  135   47   2   5   13   21    9   36   86   29   57    7   29   13   18    2    6   21   37    8   20  17  30  47   20  11   92   42   13    93   138    45    6    5    20     0     8 30-12,27-27,19-27,23-26
  25   RS @CRO  W(101-92)  0    8    12  34  69  28  54   6  15  27  37   2   3  15  29  13  25 11 35 46  19 10 101  40  15   86  132   46   5   5   34    9    7   33   75   24   56    9   19   17   23    1    2   13   24   11   32  10  28  38   21  17   92   32   14    85   126    41    9    8    21     6     6 29-25,23-31,24-17,25-19
  30   RS vBRE   W(91-77)  0    0     0  32  72  27  58   5  14  22  26   1   3  17  34  10  24 12 37 49  17  6  91  39  11   84  126   42   4   2   46   20   15   32   74   27   55    5   19    8   12    0    1   23   45    4   10   7  30  37   14  12   77   51    9    80   113    33    4    8    38     0     8 20-16,27-17,21-19,23-25
  31   RS @QUE   W(96-90)  0    9     5  39  77  35  63   4  14  14  21   3   4  27  45   8  18 12 36 48  24  6  96  60  16   86  131   45   3   3   10    8    8   34   86   25   57    9   29   13   14    2    3   17   29    8   28  16  30  46   24   9   90   39   22    92   146    54    5    4    14     9     8 24-26,19-23,28-25,25-16
  38   RS vQUE  W(105-83)  0    3     4  43  73  40  61   3  12  16  20   2   2  23  34  17  27  8 36 44  30  5 105  47  13   81  137   56   3   2   17   25    6   37   85   34   68    3   17    6   10    3    4   21   40   13   28  15  23  38   21   8   83   45   20    90   135    45    2    6    25     4     5 33-24,26-19,21-19,25-21
  44   RS @RAY  L(94-109)  0    4    10  36  69  33  55   3  14  19  28   1   1  21  33  12  22  5 29 34  19  9  94  49   6   82  121   39   5   4   46    2    7   41   81   32   57    9   24   18   21    2    3   17   27   15   30  13  32  45   24  13  109   43   13    90   139    49    6    7    23    22     8 20-28,20-24,30-35,24-22
  46   RS vLAT  L(92-100)  0    8     9  36  76  28  55   8  21  12  20   3   5  16  30  12  25 10 28 38  20  8  92  39  13   86  125   39   3   5   46    7   12   42   80   36   65    6   15   10   17    5    6   23   44   13   21  14  33  47   29  10  100   49   21    88   144    56    7    3    29    19    13 20-19,18-30,24-30,30-21
  48   RS @KEN  L(95-114)  0    2     1  37  82  28  61   9  21  12  15   2   4  21  35   7  26 18 23 41  18  8  95  46  13   89  126   37   3   5   42    2    6   40   75   23   41   17   34   17   19    3    4   11   21   12   20  12  28  40   21   7  114   28   22    83   121    38    3    4    31    28     7 16-21,34-37,18-32,27-24
  54   RS vRAY  W(100-82)  0    2     6  37  73  31  48   6  25  20  24   0   0  24  27   7  21 11 35 46  22  5 100  56  14   84  130   46   5   0   24   20    9   33   81   26   60    7   21    9   10    5    6   17   35    9   25  14  28  42   19  11   82   43   14    86   132    46    6    5    15     1     7 29-25,28-18,15-23,28-16
  58   RS @LAT   W(90-83)  0    9     5  34  68  28  53   6  15  16  23   1   1  20  31   8  22  9 32 41  20  9  90  50   8   79  122   43   6   3    0   14    9   31   79   26   52    5   27   16   20    5    6   23   35    3   17  18  29  47   21  11   83   56   21    88   140    52    7    4    18     5     7 21-17,19-19,26-23,24-24
  60   RS @RAY  L(95-102)  0    9    16  34  84  27  62   7  22  20  20   1   5  18  40   9  22 14 36 50  23 15  95  38   8   92  142   50   2  13   44    9    7   35   80   26   52    9   28   23   33    1    2   20   34    6   18  16  36  52   17   8  102   43   19    95   135    40    1    7    31    12    10 22-24,23-20,19-27,31-31
  62   RS vKEN   W(90-77)  0    7     9  33  74  29  58   4  16  20  22   2   3  17  36  12  22 13 36 49  16  7  90  42  14   83  124   41   2   5   13   14    8   30   78   26   56    4   22   13   17    1    2   14   27   12   29  14  30  44   19   9   77   30   13    85   124    39    5    4    25     9     7 21-19,23-31,24-12,22-15
  67   RS @WIL  W(102-87)  0    4     1  39  76  34  58   5  18  19  32   2   4  26  39   8  19 19 29 48  19  6 102  63  21   90  136   46   4   2   20   19    8   37   82   34   72    3   10   10   12    3    3   22   42   12   30  18  24  42   20  14   87   51   20    88   134    46    7    7    30     2     6 27-19,26-23,21-17,28-28
  70   RS vCRO   W(97-73)  0    0     0  36  67  32  46   4  21  21  31   3   3  25  31   7  15 10 37 47  14  4  97  65  19   82  117   35   3   1   35   35   10   32   89   30   72    2   17    7    9    2    5   16   37   14   35  21  25  46   17  15   73   37   14    93   145    52   12    3    19     0     6 28-15,23-15,26-14,20-29
  71   RS @QUE  L(98-105)  1    8     2  36  94  29  63   7  31  19  20   3   5  22  39   7  24 18 36 54  18 15  98  55  23  103  152   49   7   8   30    3    7   39   77   34   63    5   14   22   32    0    1   22   40   12   23   7  40  47   20   9  105   54    9    92   146    54    6    3     0    14     9 19-25,22-22,28-23,23-22,6-13
  78   RS vBRE  W(105-78)  0    3     3  35  75  26  53   9  22  26  32   4   8  20  32   6  21 15 41 56  16  7 105  47  17   90  138   48   3   4   48   27    8   30   84   22   60    8   24   10   16    1    3   15   35    7   25  15  27  42   21  15   78   33   17    91   149    58    6    9    16    11     6 21-28,30-14,32-23,22-13
