Year:11 Game:17 Type:RS BRE@CRO
Breton CTime FGM FGA 2PM 2PA 3PM 3PA FTM FTA PBM PBA InM InA 2JM 2JA OR DF TR Ast FC FD Pts InP 2CP +/- TPF TPA Tchs Pass IFC PFC IFD PFD
STARTERS
   Dg5  2400   6  16   4   9   2   7   6   9   0   0   2   6   2   3  1  6  7   8  2  4  20   4   3   5 105 100   34   14   1   1   0   4
   Ea5  2400  11  13  11  13   0   0   4   4   0   0  11  13   0   0  1 13 14   3  0  2  26  26   2   5 105 100   22    7   0   0   2   0
   Ha2  2394   6  14   6  14   0   0   4   4   0   1   6  10   0   4  3  8 11   0  0  2  16  16   0   5 105 100   16    0   0   0   2   0
   Jj5  2355   5  11   2   6   3   5   1   2   0   0   0   1   2   5  2  1  3  12  0  1  14   0   2   9 103  94   42   30   0   0   0   1
   Ie4  1131   6   9   4   5   2   4   0   0   0   0   4   5   0   0  0  3  3   2  3  0  14   8   2   1  49  48   12    3   1   2   0   0
BENCH
   Hh9  1269   4  10   0   2   4   8   3   7   0   0   0   0   0   2  0  2  2   2  1  3  15   0   0   4  56  52   17    4   0   1   0   3
   Hi6    45   0   0   0   0   0   0   0   0   0   0   0   0   0   0  0  0  0   0  0  0   0   0   0  -4   2   6    0    0   0   0   0   0
   Fj2     6   0   0   0   0   0   0   0   0   0   0   0   0   0   0  0  0  0   0  0  0   0   0   0   0   0   0    0    0   0   0   0   0
Cc10   DNP-CD
De5    DNP-CD
Gc8    DNP-CD
Kg3    DNP-CD
Kj6    DNP-CD
Cromwell CTime FGM FGA 2PM 2PA 3PM 3PA FTM FTA PBM PBA InM InA 2JM 2JA OR DF TR Ast FC FD Pts InP 2CP +/- TPF TPA Tchs Pass IFC PFC IFD PFD
STARTERS
    He10  2400  10  15  10  14   0   1   4   6   0   0   3   4   7  10  3  4  7   2  3  3  24   6   2  -5 100 105   22    4   2   1   0   3
    Kc11  2400  10  15  10  13   0   2   0   0   2   2   8  11   2   2  3  6  9   0  1  0  20  16   6  -5 100 105   15    0   0   1   0   0
     Ji7  2201   3   7   3   7   0   0   0   0   0   1   1   4   2   3  3  9 12  11  3  0   6   2   0  -3  90  93   29   22   0   3   0   0
     Ja3  1800   4  15   4  15   0   0   3   4   0   0   4   9   0   6  1  7  8   0  1  2  11  11   4 -15  69  84   18    1   1   0   2   0
     Fi3   645   5   9   3   5   2   4   0   0   0   0   1   2   2   3  0  0  0   3  1  0  12   2   3  -4  31  35   14    5   0   1   0   0
BENCH
     Fj3  1354   6  14   3   8   3   6   3   3   0   0   0   2   3   6  0  3  3   4  0  1  18   0   0   0  57  57   23    8   0   0   0   1
     Jc5   600   3   6   3   6   0   0   0   0   0   0   2   4   1   2  1  0  1   1  1  0   6   4   0  10  31  21    7    1   0   1   0   0
     If1   320   1   3   0   2   1   1   0   0   0   0   0   0   0   2  0  0  0   2  0  0   3   0   0  -1  15  16    5    2   0   0   0   0
     Eg6   280   0   0   0   0   0   0   0   0   0   0   0   0   0   0  0  0  0   0  2  0   0   0   0  -2   7   9    0    0   1   1   0   0
Ia3      DNP-CD
Kf2      DNP-CD
Ie8      DNP-Injured
