Year:11 Game:35 Type:RS RAY@WIL
Rays CTime FGM FGA 2PM 2PA 3PM 3PA FTM FTA PBM PBA InM InA 2JM 2JA OR DF TR Ast FC FD Pts InP 2CP +/- TPF TPA Tchs Pass IFC PFC IFD PFD
STARTERS
 Cg1  1800   7  12   5   7   2   5   1   2   0   0   5   6   0   1  0  3  3   2  1  1  17  10   2 -27  50  77   25   12   1   0   0   1
 Gc7  1800   5  14   5  14   0   0   2   2   0   0   4   8   1   6  1  4  5   0  2  1  12  10   0 -27  50  77   16    1   1   1   1   0
 Ge7  1800   1   2   1   2   0   0   0   0   0   1   1   2   0   0  1  5  6   0  1  0   2   2   0 -27  50  77    2    0   1   0   0   0
 Dj3  1656   3  11   1   4   2   7   0   0   0   0   0   1   1   3  0  2  2   6  0  0   8   0   0 -19  50  69   25   14   0   0   0   0
 Fa3   600   0   3   0   3   0   0   0   0   0   0   0   1   0   2  1  2  3   0  1  0   0   0   0 -13  18  31    3    0   1   0   0   0
BENCH
 Jj3  1297   6  13   1   6   5   7   3   3   0   0   0   0   1   6  0  5  5   1  1  1  20   0   0 -11  36  47   21    7   1   0   0   1
 Ig2  1103   2  11   2   7   0   4   1   2   0   1   1   3   1   4  2  2  4   2  1  1   5   3   0   1  36  35   18    6   1   0   1   0
 Hf2   600   0   4   0   4   0   0   2   2   0   1   0   2   0   2  1  1  2   2  0  1   2   0   0   2  20  18    7    2   0   0   0   1
 Ka7   600   0   3   0   3   0   0   0   0   0   0   0   3   0   0  2  4  6   0  1  0   0   0   0   2  20  18    3    0   0   1   0   0
Ki12   600   2   3   2   3   0   0   0   0   0   0   1   1   1   2  2  1  3   2  0  0   4   2   0   2  20  18    8    5   0   0   0   0
 Fd1   144   0   4   0   3   0   1   0   0   0   1   0   3   0   0  2  0  2   0  0  0   0   0   0  -8   0   8    4    0   0   0   0   0
Ea6  DNP-CD
Ja6  DNP-Injured
Wilson CTime FGM FGA 2PM 2PA 3PM 3PA FTM FTA PBM PBA InM InA 2JM 2JA OR DF TR Ast FC FD Pts InP 2CP +/- TPF TPA Tchs Pass IFC PFC IFD PFD
STARTERS
   Ei5  2118   6  13   6  12   0   1   2   2   1   1   4   6   2   6  4  7 11   7  1  1  14   8   4  18  81  63   27   13   0   1   0   1
   Gi3  1800   4  10   3   6   1   4   0   0   0   0   0   1   3   5  0  3  3   9  0  0   9   0   0  27  77  50   28   18   0   0   0   0
   Hc5  1800   7  13   7  13   0   0   1   4   1   1   6  11   1   2  4  6 10   0  0  2  15  13   3  27  77  50   16    1   0   0   2   0
   He2  1800   5   7   4   5   1   2   0   0   0   0   2   3   2   2  2  8 10   0  1  0  11   4   0  27  77  50    7    0   1   0   0   0
   Ic4  1800  11  16  11  16   0   0   6   8   0   1  11  15   0   1  1  8  9   1  1  4  28  28   5  27  77  50   21    1   0   1   4   0
BENCH
   Hf1   600   1   2   0   1   1   1   3   3   0   0   0   1   0   0  0  3  3   0  1  1   6   0   0  -2  18  20    4    1   0   1   0   1
   Jg6   600   0   4   0   2   0   2   0   0   0   0   0   0   0   2  0  2  2   1  0  0   0   0   0  -2  18  20    6    2   0   0   0   0
   Ka4   600   3   5   3   5   0   0   0   0   2   2   3   5   0   0  2  5  7   0  1  0   6   6   4  -2  18  20    5    0   1   0   0   0
   Kh2   600   3   8   3   6   0   2   0   0   0   1   0   2   3   4  1  0  1   0  0  0   6   0   0  -2  18  20   12    4   0   0   0   0
   Jh6   282   0   1   0   0   0   1   0   0   0   0   0   0   0   0  0  1  1   0  0  0   0   0   0   7  14   7    1    0   0   0   0   0
Ea2    DNP-CD
Ee3    DNP-CD
Fj6    DNP-CD
