Year:11 Game:34 Type:RS BRE@LAT
Breton CTime FGM FGA 2PM 2PA 3PM 3PA FTM FTA PBM PBA InM InA 2JM 2JA OR DF TR Ast FC FD Pts InP 2CP +/- TPF TPA Tchs Pass IFC PFC IFD PFD
STARTERS
   Gc8  2400  10  18  10  15   0   3   4   6   0   0   7  10   3   5  3 11 14   1  2  3  24  15   2   2 102 100   23    2   2   0   1   2
   Jj5  2366   4   7   2   5   2   2   0   0   0   1   0   2   2   3  1  2  3  18  1  0  10   0   0   5  99  94   42   35   1   0   0   0
   Ea5  1998   7  12   7  11   0   1   4   6   0   0   7  11   0   0  0  5  5   1  3  3  18  18   2   2  86  84   16    1   3   0   3   0
   Dg5  1834   5  13   4  10   1   3   5   7   0   0   2   5   2   5  0  4  4   5  2  3  16   4   2   0  84  84   24    8   1   1   0   3
   Ie4  1632   9  12   8  10   1   2   4   4   2   2   8   9   0   1  2  6  8   0  3  2  23  20   6   9  65  56   14    0   1   2   2   0
BENCH
   Hh9  1230   1   8   0   4   1   4   0   0   0   0   0   3   0   1  2  0  2   2  3  0   3   0   0  -2  48  50   14    6   2   1   0   0
  Cc10   402   4   6   4   6   0   0   0   0   0   1   4   6   0   0  1  1  2   0  0  0   8   8   0   0  16  16    6    0   0   0   0   0
   De5    71   0   0   0   0   0   0   0   0   0   0   0   0   0   0  0  0  0   0  0  0   0   0   0   0   4   4    0    0   0   0   0   0
   Hi6    34   0   0   0   0   0   0   0   0   0   0   0   0   0   0  0  0  0   0  0  0   0   0   0  -3   3   6    0    0   0   0   0   0
   Fj2    33   0   0   0   0   0   0   0   0   0   0   0   0   0   0  0  0  0   0  0  0   0   0   0  -3   3   6    0    0   0   0   0   0
Kg3    DNP-CD
Kj6    DNP-CD
Ha2    DNP-Injured
Latymer CTime FGM FGA 2PM 2PA 3PM 3PA FTM FTA PBM PBA InM InA 2JM 2JA OR DF TR Ast FC FD Pts InP 2CP +/- TPF TPA Tchs Pass IFC PFC IFD PFD
STARTERS
    Ia7  1800   8  18   8  16   0   2   0   0   2   2   6  12   2   4  3  3  6   0  3  0  16  12   4  -5  72  77   18    0   1   2   0   0
    Df2  1552   2   6   1   5   1   1   0   0   0   2   1   5   0   0  5  7 12   0  2  0   5   2   0   0  64  64    7    1   1   1   0   0
    Eg3  1448   6  15   4  13   2   2   8   9   0   0   4  10   0   3  1  0  1   4  1  4  22  13   5 -10  61  71   25    6   0   1   3   1
    Ii1  1448   3   8   1   4   2   4   0   0   0   0   0   0   1   4  1  2  3   6  2  0   8   0   0 -10  61  71   29   21   2   0   0   0
    Ga4  1131   4  13   4  13   0   0   6   6   1   2   3  10   1   3  2  4  6   1  1  3  14  12   4  -5  49  54   17    1   0   1   3   0
BENCH
    Gi6  1800   6   7   5   6   1   1   1   2   0   0   2   2   3   4  1  6  7   2  0  1  14   4   0   6  75  69   12    4   0   0   0   1
    Ja1  1799   2   6   2   6   0   0   5   8   0   0   2   3   0   3  2  9 11   0  1  4   9   9   0   6  75  69   12    2   1   0   4   0
    Ji1   952   3   4   3   3   0   1   6   6   0   0   0   0   3   3  0  0  0   5  1  2  12   0   0   8  39  31   18   12   1   0   0   2
    Ia6    70   0   0   0   0   0   0   0   0   0   0   0   0   0   0  0  0  0   0  0  0   0   0   0   0   4   4    0    0   0   0   0   0
Ce2     DNP-CD
Ee6     DNP-CD
Ka2     DNP-CD
Ki2     DNP-CD
