Year:11 Game:42 Type:RS KEN@LAT
Kendal CTime FGM FGA 2PM 2PA 3PM 3PA FTM FTA PBM PBA InM InA 2JM 2JA OR DF TR Ast FC FD Pts InP 2CP +/- TPF TPA Tchs Pass IFC PFC IFD PFD
STARTERS
   Eh1  2156  10  19   3   4   7  15   4   6   1   1   1   2   2   2  1  6  7   9  1  2  31   2   7  21  88  67   35   14   1   0   0   2
   Gj1  2156   9  18   4   9   5   9   3   3   0   0   0   2   4   7  2  5  7   7  1  1  26   0   0  21  88  67   41   22   0   1   0   1
   Jc7  2156   6  14   6  14   0   0   1   4   1   2   5   9   1   5  5  5 10   0  0  2  13  11   5  21  88  67   16    0   0   0   2   0
  Ga11   600   2   6   2   6   0   0   0   2   0   0   1   3   1   3  1  3  4   2  0  1   4   2   0 -11  14  25   12    5   0   0   1   0
   Ge2   600   1   3   1   1   0   2   0   0   0   0   1   1   0   0  0  1  1   0  0  0   2   2   0 -11  14  25    3    0   0   0   0   0
BENCH
   Hb1  1800   5  12   4   9   1   3   0   0   1   1   4   7   0   2  5  6 11   0  0  0  11   8   2  34  84  50   12    0   0   0   0   0
   Ff2  1556   1   3   1   1   0   2   2   2   0   0   0   0   1   1  0  7  7   0  0  1   4   0   0  32  74  42    5    1   0   0   0   1
   Ej4   244   1   4   0   0   1   4   2   3   0   0   0   0   0   0  0  0  0   2  0  1   5   0   0   2  10   8    7    2   0   0   0   1
   Ii6   244   0   0   0   0   0   0   0   0   0   0   0   0   0   0  0  0  0   0  0  0   0   0   0   2  10   8    0    0   0   0   0   0
   Ka8   244   0   0   0   0   0   0   0   0   0   0   0   0   0   0  0  1  1   0  0  0   0   0   0   2  10   8    0    0   0   0   0   0
   Kg9   244   1   1   1   1   0   0   0   0   0   0   0   0   1   1  0  1  1   0  0  0   2   0   0   2  10   8    1    0   0   0   0   0
Jc3    DNP-CD
Da1    DNP-Injured
Latymer CTime FGM FGA 2PM 2PA 3PM 3PA FTM FTA PBM PBA InM InA 2JM 2JA OR DF TR Ast FC FD Pts InP 2CP +/- TPF TPA Tchs Pass IFC PFC IFD PFD
STARTERS
    Ga4  2156  11  23  11  23   0   0   0   2   1   1   5  14   6   9  2  9 11   1  1  1  22  10   6 -21  67  88   25    1   1   0   1   0
    Ia7  2156   8  14   8  14   0   0   0   0   0   0   7  10   1   4  5 10 15   0  2  0  16  14   2 -21  67  88   14    0   1   1   0   0
    Ii1  1399   1   4   1   3   0   1   0   0   0   0   1   3   0   0  0  2  2   7  0  0   2   2   0 -10  47  57   19   15   0   0   0   0
    Df2  1200   0   3   0   1   0   2   0   0   0   0   0   1   0   0  2  3  5   0  2  0   0   0   0   0  39  39    3    0   1   1   0   0
    Eg3   961   3  13   2   9   1   4   0   0   0   0   1   6   1   3  0  2  2   2  1  0   7   2   0  -8  27  35   18    5   0   1   0   0
BENCH
    Gi6  1357   6  11   6  10   0   1   0   0   1   1   1   3   5   7  2  1  3   1  0  0  12   2   2 -23  40  63   15    4   0   0   0   0
    Ji1  1001   1   3   1   2   0   1   0   0   0   0   0   1   1   1  0  2  2   4  0  0   2   0   0 -13  28  41   14   11   0   0   0   0
    Ee6   794   3   5   3   5   0   0   2   2   0   0   2   4   1   1  1  0  1   0  1  1   8   4   0 -11  28  39    6    0   0   1   0   1
    Ce2   244   0   0   0   0   0   0   0   0   0   0   0   0   0   0  0  1  1   0  1  0   0   0   0  -2   8  10    0    0   0   1   0   0
    Ja1   244   1   1   1   1   0   0   0   0   0   0   1   1   0   0  0  1  1   0  0  0   2   2   0  -2   8  10    1    0   0   0   0   0
    Ka2   244   1   3   1   3   0   0   0   0   0   0   1   2   0   1  0  1  1   0  0  0   2   2   0  -2   8  10    3    0   0   0   0   0
    Ki2   244   1   4   1   4   0   0   0   0   0   0   1   2   0   2  2  0  2   0  0  0   2   2   2  -2   8  10    5    1   0   0   0   0
Ia6     DNP-CD
