Year:11 Game:28 Type:RS QUE@RAY
Queens CTime FGM FGA 2PM 2PA 3PM 3PA FTM FTA PBM PBA InM InA 2JM 2JA OR DF TR Ast FC FD Pts InP 2CP +/- TPF TPA Tchs Pass IFC PFC IFD PFD
STARTERS
   Dg3  2094   9  14   6  10   3   4   5   5   0   0   4   6   2   4  0  4  4   4  1  2  26   8   5 -21  85 106   31   15   0   1   0   2
   Ia2  2094   8  14   8  13   0   1   7  12   0   0   5   6   3   7  1  9 10   0  2  6  23  17   1 -21  85 106   22    2   1   1   6   0
   Ej5  1494   5  14   3   8   2   6   2   2   0   0   2   3   1   5  1  0  1  12  2  1  14   4   0 -10  69  79   37   22   0   2   0   1
   Ec2  1305   2   7   2   7   0   0   0   0   1   1   2   5   0   2  3  3  6   0  1  0   4   4   2  -4  57  61    7    0   1   0   0   0
   He5  1291   1   3   1   2   0   1   3   4   0   0   1   1   0   1  2  1  3   0  2  2   5   5   0 -23  45  68    5    0   1   1   2   0
BENCH
   Ga5  1494   4   5   4   5   0   0   0   0   0   0   2   2   2   3  2  5  7   1  1  0   8   4   0 -17  66  83    6    1   1   0   0   0
   Fa7   710   1   5   1   5   0   0   0   0   1   1   1   1   0   4  3  1  4   0  0  0   2   2   2   0  26  26    6    1   0   0   0   0
   Hi3   600   3   9   2   4   1   5   0   0   0   0   2   2   0   2  2  1  3   2  1  0   7   4   2 -11  16  27   14    5   0   1   0   0
   Jc4   306   1   3   1   3   0   0   0   0   0   0   1   3   0   0  1  0  1   0  1  0   2   2   0  -1  12  13    3    0   1   0   0   0
   Jg1   306   2   5   1   3   1   2   0   0   1   1   1   2   0   1  2  0  2   0  1  0   5   2   2  -1  12  13    6    1   0   1   0   0
  Kj10   306   0   3   0   1   0   2   1   3   0   0   0   0   0   1  0  0  0   1  0  1   1   0   0  -1  12  13    7    3   0   0   0   1
Ie9    DNP-Injured
Ih4    DNP-Injured
Rays CTime FGM FGA 2PM 2PA 3PM 3PA FTM FTA PBM PBA InM InA 2JM 2JA OR DF TR Ast FC FD Pts InP 2CP +/- TPF TPA Tchs Pass IFC PFC IFD PFD
STARTERS
 Cg1  2094   8  15   4   5   4  10   2   3   0   0   4   5   0   0  0  5  5   8  2  1  22   8   0  21 106  85   36   20   1   1   0   1
 Dj3  2094   8  12   6   9   2   3   3   5   1   1   1   2   5   7  1  0  1  11  2  2  21   2   2  21 106  85   34   20   0   2   0   2
 Fa3  2094   6  16   6  16   0   0   1   2   1   1   6   8   0   8  2 14 16   0  2  1  13  13   2  21 106  85   17    0   2   0   1   0
 Gc7  1826   8  10   8  10   0   0   3   6   1   1   5   6   3   4  4  7 11   1  2  3  19  13   2  28 100  72   15    2   2   0   3   0
 Ge7  1079   4   6   2   4   2   2   5   5   0   0   1   1   1   3  0  2  2   0  3  2  15   2   0   6  53  47    8    0   3   0   0   2
BENCH
 Jj3   801   6   6   4   4   2   2   0   0   0   0   2   2   2   2  0  1  1   0  0  0  14   4   2   8  44  36    8    2   0   0   0   0
 Fd1   574   1   2   1   2   0   0   0   0   0   0   1   2   0   0  1  2  3   0  0  0   2   2   0  -6  19  25    2    0   0   0   0   0
 Ig2   520   2   4   2   4   0   0   3   3   0   0   2   3   0   1  0  2  2   0  0  1   7   4   0   8  22  14    5    0   0   0   0   1
 Hf2   306   1   2   1   2   0   0   0   0   0   0   1   2   0   0  0  0  0   0  0  0   2   2   0   1  13  12    2    0   0   0   0   0
 Ka7   306   1   1   1   1   0   0   0   2   0   0   1   1   0   0  0  0  0   0  1  1   2   2   0   1  13  12    2    0   0   1   1   0
Ki12   306   0   0   0   0   0   0   2   2   0   0   0   0   0   0  0  1  1   3  0  1   2   0   0   1  13  12    5    4   0   0   0   1
Ea6  DNP-CD
Ja6  DNP-Injured
