Year:11 Game:6 Type:RS LAT@HAR
Latymer CTime FGM FGA 2PM 2PA 3PM 3PA FTM FTA PBM PBA InM InA 2JM 2JA OR DF TR Ast FC FD Pts InP 2CP +/- TPF TPA Tchs Pass IFC PFC IFD PFD
STARTERS
    Ga4  1800   4  10   4  10   0   0   2   6   0   0   3   7   1   3  0  9  9   0  0  3  10   8   0 -29  48  77   13    0   0   0   3   0
    Ia7  1800   7  13   6  12   1   1   0   0   0   1   4  10   2   2  2  3  5   1  2  0  15   8   0 -29  48  77   15    2   2   0   0   0
    Gi6  1519   3  10   2   7   1   3   0   0   0   2   0   2   2   5  2  4  6   2  2  0   7   0   0 -27  38  65   15    5   1   1   0   0
    Eg3  1190   2  11   1  10   1   1   2   5   0   0   0   6   1   4  3  3  6   3  0  2   7   1   0 -18  30  48   18    5   0   0   1   1
    Ii1   919   1   7   1   6   0   1   0   0   0   0   1   4   0   2  0  0  0   2  1  0   2   2   2 -20  25  45   19   12   1   0   0   0
BENCH
    Ji1  1481   2  10   1   4   1   6   0   0   0   0   0   0   1   4  1  1  2   5  0  0   5   0   3 -11  40  51   23   13   0   0   0   0
    Ee6   891   0   3   0   1   0   2   2   2   0   0   0   0   0   1  0  2  2   2  1  1   2   2   0 -13  28  41    9    5   1   0   1   0
    Df2   600   5   6   4   4   1   2   0   0   1   1   4   4   0   0  2  2  4   0  1  0  11   8   4  -2  17  19    6    0   0   1   0   0
    Ja1   600   0   3   0   2   0   1   2   2   0   1   0   1   0   1  1  3  4   0  1  1   2   0   2  -2  17  19    4    0   1   0   0   1
    Ka2   600   2   4   2   4   0   0   0   0   0   0   2   4   0   0  0  3  3   0  1  0   4   4   0  -2  17  19    4    0   1   0   0   0
    Ki2   600   0   3   0   2   0   1   0   0   0   0   0   1   0   1  1  0  1   3  2  0   0   0   0  -2  17  19    7    4   0   2   0   0
Ce2     DNP-CD
Ia6     DNP-CD
Hartford CTime FGM FGA 2PM 2PA 3PM 3PA FTM FTA PBM PBA InM InA 2JM 2JA OR DF TR Ast FC FD Pts InP 2CP +/- TPF TPA Tchs Pass IFC PFC IFD PFD
STARTERS
     Ga2  1800   6  11   6  11   0   0   2   2   0   0   4   6   2   5  2 10 12   0  0  1  14  10   2  29  77  48   12    0   0   0   1   0
     Ha5  1800   6   7   6   7   0   0   1   2   0   0   6   7   0   0  2 11 13   0  2  1  13  13   0  29  77  48    8    0   2   0   1   0
     Fj4  1509   4   9   1   4   3   5   2   2   0   0   1   2   0   2  0  4  4  11  1  1  13   2   0  27  68  41   29   19   1   0   0   1
     Gg2  1509   7  13   5   9   2   4   1   4   0   1   4   7   1   2  2  3  5   1  0  2  17   9   0  27  68  41   17    2   0   0   2   0
     Ge8  1044   3   7   3   6   0   1   0   0   1   1   3   4   0   2  1  6  7   0  2  0   6   6   2  20  49  29    8    1   1   1   0   0
BENCH
     Ee1   756   5   9   4   7   1   2   1   2   0   0   4   4   0   3  0  2  2   2  0  1  12   9   0   9  28  19   13    3   0   0   1   0
     Hg4   628   2   3   2   3   0   0   4   6   0   0   1   1   1   2  0  2  2   1  0  3   8   3   0   0  20  20   10    4   0   0   1   2
     Ii9   628   1   3   1   3   0   0   2   2   0   0   0   0   1   3  0  2  2   1  2  1   4   0   0   0  20  20    8    4   1   1   0   1
     Gc3   600   1   3   1   1   0   2   0   0   0   0   1   1   0   0  1  1  2   0  0  0   2   2   2   2  19  17    3    0   0   0   0   0
     Ka1   600   1   3   1   3   0   0   1   2   0   0   0   1   1   2  0  1  1   1  0  1   3   1   2   2  19  17    5    1   0   0   1   0
    Kf10   600   0   1   0   0   0   1   0   0   0   0   0   0   0   0  1  1  2   0  0  0   0   0   0   2  19  17    2    1   0   0   0   0
     Hi5   263   2   4   2   3   0   1   0   0   0   0   0   0   2   3  2  1  3   0  0  0   4   0   0   4   8   4    5    1   0   0   0   0
     Jg3   263   0   1   0   0   0   1   0   0   0   0   0   0   0   0  0  1  1   0  0  0   0   0   0   4   8   4    1    0   0   0   0   0
