Year:11 Game:48 Type:RS HAR@KEN
Hartford CTime FGM FGA 2PM 2PA 3PM 3PA FTM FTA PBM PBA InM InA 2JM 2JA OR DF TR Ast FC FD Pts InP 2CP +/- TPF TPA Tchs Pass IFC PFC IFD PFD
STARTERS
     Fj4  1996   3   8   2   5   1   3   2   2   0   0   1   2   1   3  0  1  1   5  2  1   9   2   0 -25  72  97   30   21   2   0   0   1
     Ga2  1996   7  14   7  14   0   0   4   6   2   3   7  10   0   4  9  7 16   0  1  3  18  18  11 -25  72  97   17    0   0   1   3   0
     Ha5  1996   5   7   5   7   0   0   0   0   0   0   4   5   1   2  3  4  7   0  0  0  10   8   0 -25  72  97    7    0   0   0   0   0
     Ge8  1200   5   8   4   7   1   1   2   2   0   1   2   4   2   3  2  3  5   0  0  1  13   4   0  -8  50  58    9    0   0   0   0   1
     Ii9   713   1   7   0   5   1   2   0   0   0   0   0   1   0   4  1  1  2   4  3  0   3   0   0  -9  18  27   12    5   0   3   0   0
BENCH
     Gg2   885   4  14   2   8   2   6   2   2   0   0   2   4   0   4  0  1  1   1  0  1  12   4   0 -13  32  45   17    2   0   0   0   1
     Hg4   751   3   7   2   5   1   2   0   0   0   0   1   2   1   3  1  1  2   4  1  0   7   2   2 -11  31  42   11    4   1   0   0   0
     Ee1   443   0   5   0   1   0   4   0   0   0   0   0   1   0   0  1  0  1   0  0  0   0   0   0  -9  13  22    5    0   0   0   0   0
     Gc3   404   2   3   2   3   0   0   0   0   0   0   2   3   0   0  0  3  3   0  0  0   4   4   0   6  23  17    3    0   0   0   0   0
     Hi5   404   2   4   2   4   0   0   0   0   0   0   0   1   2   3  0  0  0   4  0  0   4   0   0   6  23  17    8    4   0   0   0   0
     Jg3   404   3   3   0   0   3   3   0   0   0   0   0   0   0   0  0  1  1   0  1  0   9   0   0   6  23  17    3    0   0   1   0   0
     Ka1   404   1   1   1   1   0   0   0   0   0   0   1   1   0   0  1  0  1   0  0  0   2   2   0   6  23  17    1    0   0   0   0   0
    Kf10   404   1   1   1   1   0   0   2   3   0   0   1   1   0   0  0  1  1   0  0  1   4   2   0   6  23  17    3    1   0   0   0   1
Kendal CTime FGM FGA 2PM 2PA 3PM 3PA FTM FTA PBM PBA InM InA 2JM 2JA OR DF TR Ast FC FD Pts InP 2CP +/- TPF TPA Tchs Pass IFC PFC IFD PFD
STARTERS
   Da1  1996   8  12   8  11   0   1   2   2   2   2   5   8   3   3  3  9 12   0  2  1  18  12   6  25  97  72   13    0   1   1   1   0
   Gj1  1996   9  14   4   7   5   7   6   6   0   0   0   0   4   7  1  1  2   9  1  2  29   0   8  25  97  72   33   17   0   1   0   2
   Hb1  1996   8  12   5   7   3   5   4   4   0   1   3   4   2   3  2  6  8   1  1  2  23   8   0  25  97  72   15    1   1   0   1   1
   Eh1  1598   4   9   1   1   3   8   0   0   0   0   0   0   1   1  1  8  9   0  1  0  11   0   3  22  72  50   11    2   1   0   0   0
   Ge2   600   0   4   0   2   0   2   2   2   0   0   0   1   0   1  1  0  1   0  1  1   2   2   0   5  21  16    5    0   0   1   1   0
BENCH
   Ej4  1194   5  11   2   4   3   7   1   3   1   1   1   2   1   2  2  1  3   9  0  1  14   2   3  20  64  44   25   13   0   0   0   1
   Ff2   600   0   0   0   0   0   0   0   0   0   0   0   0   0   0  0  1  1   0  0  0   0   0   0   3  37  34    0    0   0   0   0   0
  Ga11   404   1   4   1   4   0   0   0   0   0   0   0   2   1   2  1  1  2   0  0  0   2   0   2  -6  17  23    6    2   0   0   0   0
   Ii6   404   4   5   1   1   3   4   2   2   0   0   1   1   0   0  0  0  0   0  0  1  13   2   0  -6  17  23    7    1   0   0   0   1
   Jc7   404   0   1   0   1   0   0   0   0   0   0   0   0   0   1  0  1  1   0  0  0   0   0   0  -6  17  23    1    0   0   0   0   0
   Ka8   404   1   2   1   2   0   0   0   0   0   0   1   2   0   0  1  0  1   1  0  0   2   2   0  -6  17  23    3    1   0   0   0   0
   Kg9   404   0   1   0   1   0   0   0   0   0   0   0   1   0   0  0  0  0   1  1  0   0   0   0  -6  17  23    2    1   0   1   0   0
Jc3    DNP-CD
