Year:11 Game:37 Type:RS RAY@BRE
Rays CTime FGM FGA 2PM 2PA 3PM 3PA FTM FTA PBM PBA InM InA 2JM 2JA OR DF TR Ast FC FD Pts InP 2CP +/- TPF TPA Tchs Pass IFC PFC IFD PFD
STARTERS
 Cg1  2153  12  19  10  13   2   6   6   6   0   0   7   9   3   4  2  6  8   8  1  2  32  14   4  18 100  82   36   15   0   1   0   2
 Dj3  1800   1   6   0   2   1   4   0   0   0   0   0   0   0   2  0  4  4  10  1  0   3   0   0  14  84  70   25   19   0   1   0   0
 Fa3  1716   7  11   7  11   0   0   2   2   0   0   6   8   1   3  4  1  5   1  3  1  16  14   0  11  79  68   13    1   3   0   1   0
 Ge7  1711   8  12   6   8   2   4   0   0   0   0   2   3   4   5  1  3  4   0  2  0  18   4   0  11  79  68   12    0   0   2   0   0
 Gc7  1168   3   5   3   5   0   0   3   4   0   0   3   4   0   1  2  5  7   1  3  2   9   9   5   5  54  49    9    2   3   0   2   0
BENCH
 Ig2  1232   6  13   4   8   2   5   4   4   0   1   2   4   2   4  2  4  6   2  0  2  18   8   4  11  54  43   21    6   0   0   2   0
 Fd1   879   2   4   1   2   1   2   0   0   1   1   1   2   0   0  1  7  8   0  0  0   5   2   2  23  45  22    4    0   0   0   0   0
 Jj3   600   1   2   1   1   0   1   0   0   1   1   1   1   0   0  1  0  1   4  0  0   2   2   2  11  27  16    7    5   0   0   0   0
 Hf2   247   1   2   1   2   0   0   0   0   0   0   1   1   0   1  1  1  2   1  0  0   2   2   0   7  11   4    3    1   0   0   0   0
 Ka7   247   1   1   1   1   0   0   0   0   0   0   1   1   0   0  0  1  1   0  0  0   2   2   0   7  11   4    1    0   0   0   0   0
Ki12   247   2   3   2   3   0   0   0   0   0   0   0   1   2   2  0  0  0   0  0  0   4   0   2   7  11   4    3    0   0   0   0   0
Ea6  DNP-CD
Ja6  DNP-Injured
Breton CTime FGM FGA 2PM 2PA 3PM 3PA FTM FTA PBM PBA InM InA 2JM 2JA OR DF TR Ast FC FD Pts InP 2CP +/- TPF TPA Tchs Pass IFC PFC IFD PFD
STARTERS
   Gc8  2153  11  15  10  13   1   2   1   2   1   1   8  10   2   3  4  5  9   4  1  1  24  17   2 -18  82 100   22    6   0   1   1   0
   Jj5  2153   1   1   0   0   1   1   3   3   0   0   0   0   0   0  0  1  1   8  0  1   6   0   3 -18  82 100   31   29   0   0   0   1
   Ie4  1800   3  12   0   4   3   8   6   7   0   0   0   3   0   1  1  4  5   0  1  3  15   4   3 -14  70  84   16    1   1   0   2   1
   Dg5  1553   5  14   3   6   2   8   0   0   0   0   3   4   0   2  1  4  5   2  1  0  12   6   0 -10  63  73   18    4   1   0   0   0
   Ea5  1488   7  12   7  10   0   2   2   6   1   1   7  10   0   0  1  1  2   1  4  3  16  16   4 -11  60  71   16    1   3   1   3   0
BENCH
   Hh9   953   1   4   1   3   0   1   3   4   0   0   1   2   0   1  0  0  0   2  0  2   5   2   0 -12  31  43    9    3   0   0   0   2
  Cc10   698   1   4   1   4   0   0   0   0   0   0   1   3   0   1  0  3  3   0  0  0   2   2   0  -6  22  28    5    1   0   0   0   0
   De5   461   2   3   2   2   0   1   0   0   0   0   2   2   0   0  0  1  1   0  0  0   4   4   0 -15   8  23    4    1   0   0   0   0
   Hi6   247   1   2   1   1   0   1   0   0   0   0   0   0   1   1  0  1  1   0  0  0   2   0   0  -7   4  11    4    2   0   0   0   0
   Kg3   247   0   1   0   1   0   0   0   0   0   0   0   0   0   1  0  0  0   0  0  0   0   0   0  -7   4  11    1    0   0   0   0   0
   Kj6   247   0   1   0   1   0   0   0   0   0   0   0   1   0   0  0  0  0   0  0  0   0   0   0  -7   4  11    2    1   0   0   0   0
Fj2    DNP-CD
Ha2    DNP-Injured
