Year:11 Game:15 Type:RS WIL@QUE
Wilson CTime FGM FGA 2PM 2PA 3PM 3PA FTM FTA PBM PBA InM InA 2JM 2JA OR DF TR Ast FC FD Pts InP 2CP +/- TPF TPA Tchs Pass IFC PFC IFD PFD
STARTERS
   Hc5  2400   6  13   6  13   0   0   7   8   0   0   4   9   2   4  2  7  9   2  1  4  19  15   0  12 101  89   21    4   1   0   4   0
   Ic4  2400  10  16  10  16   0   0   5   6   0   1   9  15   1   1  4 11 15   0  2  3  25  23   2  12 101  89   20    1   2   0   3   0
   Ei5  2035  12  18   9  11   3   7   0   0   2   2   5   6   4   5  2  5  7   6  0  0  27  10   4  22  92  70   33   15   0   0   0   0
   Gi3  1807   3   9   3   8   0   1   1   3   0   0   1   2   2   6  0  2  2  10  2  1   7   2   2  13  76  63   32   22   1   1   0   1
   He2  1674   4  12   3   6   1   6   3   5   0   1   1   4   2   2  3  7 10   1  1  2  12   2   2   6  68  62   15    1   1   0   0   2
BENCH
   Hf1   726   2   4   1   2   1   2   0   0   1   1   1   2   0   0  1  1  2   0  1  0   5   2   2   6  33  27    5    1   0   1   0   0
   Jg6   600   2   7   1   6   1   1   0   0   0   0   0   3   1   3  1  1  2   0  0  0   5   0   0  -5  20  25    9    2   0   0   0   0
   Fj6   179   0   1   0   1   0   0   1   2   0   0   0   0   0   1  1  0  1   0  0  1   1   0   0  -3   7  10    4    2   0   0   0   1
   Kh2   179   0   0   0   0   0   0   0   0   0   0   0   0   0   0  0  0  0   0  0  0   0   0   0  -3   7  10    0    0   0   0   0   0
Ea2    DNP-CD
Ee3    DNP-CD
Jh6    DNP-CD
Ka4    DNP-Injured
Queens CTime FGM FGA 2PM 2PA 3PM 3PA FTM FTA PBM PBA InM InA 2JM 2JA OR DF TR Ast FC FD Pts InP 2CP +/- TPF TPA Tchs Pass IFC PFC IFD PFD
STARTERS
   Dg3  2221   8  17   5   9   3   8   0   0   0   1   4   5   1   4  2  5  7   4  0  0  19   8   0 -15  79  94   25    8   0   0   0   0
   Ie9  2221   4   8   4   8   0   0   3   4   0   0   4   6   0   2  0  5  5   1  1  2  11   8   0 -15  79  94   14    4   1   0   0   2
   Ga5  2095   2   5   2   5   0   0   3   4   0   0   2   4   0   1  0 10 10   0  2  2   7   7   0 -11  77  88    7    0   1   1   2   0
   Ia2  1147   6  11   6  10   0   1   2   2   1   1   4   6   2   4  1  4  5   1  1  1  14  10   2 -17  31  48   13    1   1   0   1   0
   Ej5   600   0   4   0   2   0   2   0   0   0   0   0   1   0   1  1  0  1   2  0  0   0   0   0  -8  14  22   11    7   0   0   0   0
BENCH
   Hi3  1621   7  15   5  11   2   4   2   2   0   0   5   7   0   4  1  4  5  10  2  1  18  12   0  -7  65  72   32   16   0   2   1   0
   Ec2  1200   5  11   5  10   0   1   0   0   0   0   5   7   0   3  2  1  3   0  1  0  10  10   0  -2  50  52   11    0   1   0   0   0
   Fa7   179   2   3   2   3   0   0   0   0   0   0   0   0   2   3  1  0  1   0  1  0   4   0   0   3  10   7    3    0   1   0   0   0
   He5   179   1   1   0   0   1   1   0   0   0   0   0   0   0   0  0  1  1   0  3  0   3   0   3   3  10   7    1    0   2   1   0   0
   Jc4   179   1   1   1   1   0   0   1   2   0   0   1   1   0   0  0  0  0   1  0  1   3   3   0   3  10   7    3    1   0   0   1   0
   Jg1   179   0   0   0   0   0   0   0   0   0   0   0   0   0   0  0  0  0   0  0  0   0   0   0   3  10   7    0    0   0   0   0   0
  Kj10   179   0   1   0   0   0   1   0   0   0   0   0   0   0   0  0  0  0   2  0  0   0   0   0   3  10   7    4    3   0   0   0   0
Ih4    DNP-Injured
