Year:11 Game:29 Type:RS LAT@BRE
Latymer CTime FGM FGA 2PM 2PA 3PM 3PA FTM FTA PBM PBA InM InA 2JM 2JA OR DF TR Ast FC FD Pts InP 2CP +/- TPF TPA Tchs Pass IFC PFC IFD PFD
STARTERS
    Eg3  2187  10  20   8  15   2   5   4   6   0   0   6  12   2   3  1  5  6   1  2  3  26  14   0 -15  78  93   37   14   0   2   2   1
    Ji1  2067   5  15   3   9   2   6   0   0   0   0   0   2   3   7  1  1  2  10  1  0  12   0   3 -13  74  87   33   18   0   1   0   0
    Ia7  1680   2   7   2   6   0   1   1   2   0   0   1   4   1   2  4  6 10   0  1  1   5   3   0  -2  60  62    9    1   0   1   1   0
    Ga4  1435   3  10   3  10   0   0   4   4   0   0   2   6   1   4  1  8  9   0  3  2  10   8   4  -6  56  62   12    0   3   0   2   0
    Df2   166   0   1   0   1   0   0   0   0   0   0   0   1   0   0  0  0  0   0  1  0   0   0   0 -11   0  11    1    0   1   0   0   0
BENCH
    Gi6  2021   6  12   5   9   1   3   4   7   1   1   2   5   3   4  2  2  4   1  0  3  17   4   6  -4  78  82   19    4   0   0   0   3
    Ja1   962   1   2   1   2   0   0   2   4   0   0   0   1   1   1  3  6  9   0  4  2   4   0   3  -8  31  39    4    0   4   0   0   2
    Ia6   365   1   2   1   2   0   0   0   0   0   0   1   1   0   1  0  2  2   0  0  0   2   2   0 -15  12  27    2    0   0   0   0   0
    Ka2   358   3   6   3   6   0   0   0   0   0   0   3   5   0   1  0  0  0   0  0  0   6   6   0 -13  15  28    6    0   0   0   0   0
    Ki2   333   0   2   0   2   0   0   0   0   0   0   0   2   0   0  0  0  0   4  0  0   0   0   0  -9  13  22    6    4   0   0   0   0
    Ce2   213   2   2   1   1   1   1   0   0   0   0   1   1   0   0  0  0  0   0  1  0   5   2   0  -7   9  16    2    0   0   1   0   0
    Ee6   213   0   2   0   1   0   1   0   0   0   0   0   1   0   0  0  0  0   0  0  0   0   0   0  -7   9  16    3    1   0   0   0   0
Ii1     DNP-Injured
Breton CTime FGM FGA 2PM 2PA 3PM 3PA FTM FTA PBM PBA InM InA 2JM 2JA OR DF TR Ast FC FD Pts InP 2CP +/- TPF TPA Tchs Pass IFC PFC IFD PFD
STARTERS
   Ea5  2187  12  20  12  20   0   0   2   4   0   0  12  20   0   0  3 11 14   1  2  2  26  26   1  15  93  78   23    1   2   0   2   0
   Ie4  2187  11  19  10  15   1   4   8   8   1   1   7  12   3   3  2 12 14   0  0  4  31  22   6  15  93  78   26    3   0   0   4   0
   Jj5  2187   1   1   1   1   0   0   3   3   1   1   1   1   0   0  2  3  5  15  0  1   5   2   5  15  93  78   35   33   0   0   0   1
   Gc8  1680   7  12   7  11   0   1   3   5   1   1   5   8   2   3  3  5  8   0  3  2  17  11   2   2  62  60   14    0   2   1   1   1
   Dg5  1080   0   9   0   4   0   5   2   3   0   1   0   2   0   2  1  2  3   1  0  1   2   0   0   1  42  41   15    5   0   0   0   1
BENCH
   Hh9   981   1   6   0   2   1   4   1   3   0   0   0   2   0   0  0  2  2   0  4  1   4   0   0  12  43  31   10    3   0   4   0   1
  Cc10   720   3   4   3   4   0   0   2   2   0   0   3   3   0   1  0  2  2   1  2  1   8   8   0  20  47  27    7    2   1   1   1   0
   Hi6   339   4   5   2   2   2   3   0   0   0   0   2   2   0   0  0  2  2   1  0  0  10   4   2   9  24  15    8    3   0   0   0   0
   De5   213   0   0   0   0   0   0   0   0   0   0   0   0   0   0  0  1  1   0  0  0   0   0   0   7  16   9    0    0   0   0   0   0
   Kg3   213   1   1   1   1   0   0   0   0   0   0   1   1   0   0  0  0  0   0  0  0   2   2   0   7  16   9    1    0   0   0   0   0
   Kj6   213   1   1   1   1   0   0   2   3   0   0   1   1   0   0  0  0  0   1  0  1   4   2   0   7  16   9    3    1   0   0   0   1
Fj2    DNP-CD
Ha2    DNP-Injured
