Year:11 Game:38 Type:RS QUE@HAR
Queens CTime FGM FGA 2PM 2PA 3PM 3PA FTM FTA PBM PBA InM InA 2JM 2JA OR DF TR Ast FC FD Pts InP 2CP +/- TPF TPA Tchs Pass IFC PFC IFD PFD
STARTERS
   Ia2  1997  10  21  10  21   0   0   3   6   1   2   5  12   5   9  7  5 12   0  1  3  23  12   5 -22  69  91   25    1   1   0   2   1
   Ie9  1997   9  13   9  12   0   1   0   0   0   0   6   8   3   4  0  3  3   1  1  0  18  12   0 -22  69  91   15    2   0   1   0   0
   Ga5  1800   3  10   3  10   0   0   0   0   0   0   3   8   0   2  2  5  7   0  0  0   6   6   2 -18  62  80   10    0   0   0   0   0
   Ej5  1200   2   7   2   6   0   1   2   2   0   0   1   1   1   5  0  1  1   6  0  1   6   2   2 -16  43  59   23   15   0   0   0   1
   Dg3   832   2   8   1   1   1   7   0   0   0   0   0   0   1   1  0  0  0   3  1  0   5   0   0 -15  30  45   14    6   0   1   0   0
BENCH
   Hi3  1568   6  13   5   7   1   6   0   0   2   2   4   5   1   2  2  1  3   9  3  0  13   8   6  -7  53  60   29   16   1   2   0   0
   Jg1  1200   1   3   1   2   0   1   0   0   0   0   0   1   1   1  3  3  6   2  1  0   2   0   0  -6  40  46    8    5   0   1   0   0
   Ec2   600   2   5   2   5   0   0   0   0   0   0   1   3   1   2  0  1  1   0  0  0   4   2   2  -4  21  25    5    0   0   0   0   0
   He5   403   1   2   0   1   1   1   0   0   0   0   0   1   0   0  0  2  2   0  1  0   3   0   0   0  14  14    2    0   0   1   0   0
   Jc4   403   1   3   1   3   0   0   1   2   0   0   1   1   0   2  1  2  3   0  0  1   3   3   3   0  14  14    4    0   0   0   1   0
Fa7    DNP-CD
Kj10   DNP-CD
Ih4    DNP-Injured
Hartford CTime FGM FGA 2PM 2PA 3PM 3PA FTM FTA PBM PBA InM InA 2JM 2JA OR DF TR Ast FC FD Pts InP 2CP +/- TPF TPA Tchs Pass IFC PFC IFD PFD
STARTERS
     Fj4  1997   5   7   5   6   0   1   4   4   0   0   0   0   5   6  0  5  5  12  0  2  14   0   0  22  91  69   31   22   0   0   0   2
     Ga2  1997   8  15   8  15   0   0   1   2   0   0   4   6   4   9  3 12 15   0  2  1  17   9   0  22  91  69   16    0   1   1   1   0
     Ha5  1997  11  17  11  16   0   1   0   0   0   0   9  14   2   2  0  3  3   1  1  0  22  18   2  22  91  69   18    1   0   1   0   0
     Ii9  1997   5   6   5   6   0   0   0   0   1   1   1   1   4   5  2  7  9  14  1  0  10   2   4  22  91  69   29   23   1   0   0   0
     Ge8  1800   9  18   7  12   2   6   5   6   1   1   7   9   0   3  2  3  5   1  0  2  25  14   2  18  80  62   23    3   0   0   0   2
BENCH
     Ee1   600   1   2   1   2   0   0   3   3   0   0   1   2   0   0  0  1  1   1  0  1   5   2   5   4  25  21    5    2   0   0   0   1
     Gg2   403   2   3   1   1   1   2   3   3   0   0   1   1   0   0  1  2  3   0  0  1   8   2   0   0  14  14    4    0   0   0   0   1
     Hi5   403   1   2   1   1   0   1   0   0   0   0   0   0   1   1  0  1  1   1  0  0   2   0   0   0  14  14    7    5   0   0   0   0
     Ka1   403   0   1   0   1   0   0   0   2   0   0   0   1   0   0  0  1  1   0  1  1   0   0   0   0  14  14    2    0   1   0   1   0
    Kf10   403   1   2   1   1   0   1   0   0   0   0   0   0   1   1  0  1  1   0  0  0   2   0   0   0  14  14    2    0   0   0   0   0
Gc3      DNP-CD
Hg4      DNP-CD
Jg3      DNP-Injured
