Year:11 Game:40 Type:RS BRE@KEN
Breton CTime FGM FGA 2PM 2PA 3PM 3PA FTM FTA PBM PBA InM InA 2JM 2JA OR DF TR Ast FC FD Pts InP 2CP +/- TPF TPA Tchs Pass IFC PFC IFD PFD
STARTERS
   Gc8  2400   6  15   6  11   0   4   4   6   2   2   6   8   0   3  7 10 17   3  0  3  16  16   9  -8  84  92   21    3   0   0   3   0
   Jj5  2400   0   3   0   1   0   2   0   0   0   0   0   1   0   0  1  2  3  16  3  0   0   0   0  -8  84  92   39   36   0   3   0   0
   Ie4  2163  11  23   9  16   2   7   2   2   0   1   7  13   2   3  5  8 13   1  1  1  26  14   4  -7  76  83   28    4   1   0   0   1
   Ea5  1979   7  16   7  15   0   1   0   0   0   2   7  15   0   0  5  9 14   0  3  0  14  14   2 -15  69  84   16    0   2   1   0   0
   Dg5  1218   2  11   1   7   1   4   1   2   0   0   0   3   1   4  0  3  3   1  0  1   6   1   0 -15  29  44   15    3   0   0   1   0
BENCH
   Hh9  1386   6  12   2   3   4   9   2   2   0   0   0   1   2   2  0  1  1   0  0  1  18   0   3   7  60  53   17    4   0   0   0   1
  Cc10   421   1   4   1   4   0   0   2   4   0   1   1   4   0   0  2  0  2   0  0  2   4   4   0   7  15   8    7    1   0   0   2   0
   Fj2    33   0   2   0   0   0   2   0   0   0   0   0   0   0   0  0  0  0   0  1  0   0   0   0  -1   3   4    2    0   0   1   0   0
De5    DNP-CD
Hi6    DNP-CD
Kg3    DNP-CD
Kj6    DNP-CD
Ha2    DNP-Injured
Kendal CTime FGM FGA 2PM 2PA 3PM 3PA FTM FTA PBM PBA InM InA 2JM 2JA OR DF TR Ast FC FD Pts InP 2CP +/- TPF TPA Tchs Pass IFC PFC IFD PFD
STARTERS
   Gj1  2400  10  13   6   7   4   6   3   3   0   0   0   1   6   6  1  4  5   5  0  1  27   0   2   8  92  84   29   15   0   0   0   1
   Da1  2367   8  15   8  14   0   1   2   2   0   0   5  11   3   3  2 10 12   2  1  1  18  12   0   7  88  81   19    3   1   0   1   0
   Ge2  1833   1   7   1   4   0   3   0   0   0   0   1   3   0   1  2  5  7   1  0  0   2   2   0   3  64  61   10    3   0   0   0   0
  Ga11  1800   8  19   8  17   0   2   1   2   1   1   6   7   2  10  1  6  7   1  1  1  17  13   2  19  77  58   23    3   1   0   1   0
   Eh1  1751   6  11   2   3   4   8   1   3   0   0   1   2   1   1  1  4  5   4  3  1  17   2   0  10  70  60   17    5   1   2   0   1
BENCH
   Ff2   981   1   3   1   2   0   1   2   2   0   0   0   0   1   2  0  1  1   0  0  1   4   0   0  12  44  32    4    0   0   0   0   1
   Jc3   396   0   2   0   1   0   1   0   0   0   0   0   1   0   0  0  0  0   0  0  0   0   0   0 -11  10  21    2    0   0   0   0   0
   Ej4   235   0   2   0   1   0   1   4   4   0   0   0   1   0   0  0  1  1   1  1  2   4   0   0  -9   6  15    9    5   1   0   0   2
   Jc7   204   1   1   1   1   0   0   1   2   0   0   1   1   0   0  0  1  1   0  2  1   3   3   0   0   5   5    2    0   2   0   1   0
   Hb1    33   0   0   0   0   0   0   0   0   0   0   0   0   0   0  0  1  1   0  0  0   0   0   0   1   4   3    0    0   0   0   0   0
Ii6    DNP-CD
Ka8    DNP-CD
Kg9    DNP-CD
