Year:11 Game:39 Type:RS KEN@QUE
Kendal CTime FGM FGA 2PM 2PA 3PM 3PA FTM FTA PBM PBA InM InA 2JM 2JA OR DF TR Ast FC FD Pts InP 2CP +/- TPF TPA Tchs Pass IFC PFC IFD PFD
STARTERS
   Da1  2400  10  22  10  22   0   0   3   6   0   1   8  16   2   6  9  8 17   2  0  3  23  18   3  -9  88  97   29    4   0   0   2   1
   Gj1  2400   5  16   3   9   2   7   4   5   0   1   0   3   3   6  1  3  4   8  0  2  16   2   0  -9  88  97   41   23   0   0   1   1
   Eh1  2187   5  13   0   3   5  10   0   0   0   1   0   3   0   0  3  2  5   2  2  0  15   0   0 -13  76  89   17    4   1   1   0   0
  Ga11  1081   4  12   4  11   0   1   0   0   0   1   4   7   0   4  2  6  8   1  1  0   8   8   0 -17  31  48   15    3   1   0   0   0
   Ge2   804   1   5   0   1   1   4   2   3   0   0   0   1   0   0  0  2  2   1  0  1   5   0   0 -19  23  42    7    1   0   0   0   1
BENCH
   Jc7  1106   3   9   3   9   0   0   0   0   0   0   3   7   0   2  2  5  7   0  2  0   6   6   0   4  45  41   10    1   2   0   0   0
   Hb1   874   3   4   2   2   1   2   0   0   0   0   2   2   0   0  1  2  3   0  2  0   7   4   5   2  32  30    6    2   2   0   0   0
   Ej4   658   2   7   0   1   2   6   2   2   0   0   0   1   0   0  0  0  0   3  0  1   8   0   3  10  37  27   12    4   0   0   0   1
   Ff2   277   0   0   0   0   0   0   0   0   0   0   0   0   0   0  0  1  1   0  0  0   0   0   0   2   8   6    0    0   0   0   0   0
   Jc3   213   0   1   0   1   0   0   0   0   0   0   0   0   0   1  1  0  1   0  0  0   0   0   0   4  12   8    1    0   0   0   0   0
Ii6    DNP-CD
Ka8    DNP-CD
Kg9    DNP-CD
Queens CTime FGM FGA 2PM 2PA 3PM 3PA FTM FTA PBM PBA InM InA 2JM 2JA OR DF TR Ast FC FD Pts InP 2CP +/- TPF TPA Tchs Pass IFC PFC IFD PFD
STARTERS
   Ej5  2400   6  15   5   9   1   6   1   2   0   0   1   3   4   6  1  1  2  22  1  1  14   3   3   9  97  88   52   36   0   1   1   0
   Ia2  2400  11  22  10  20   1   2   1   4   0   0   8  11   2   9  4 13 17   0  0  2  24  17   2   9  97  88   24    0   0   0   2   0
   Ie9  2400  11  17  11  14   0   3   0   0   0   0   4   6   7   8  1 12 13   1  0  0  22   8   0   9  97  88   18    1   0   0   0   0
   Dg3  1934   6  10   5   6   1   4   2   2   0   0   4   4   1   2  0  3  3   5  2  1  15  10   2   9  84  75   18    7   0   2   1   0
   Ga5   993   4   6   4   5   0   1   0   0   1   1   3   3   1   2  1  6  7   0  3  0   8   6   2  17  49  32    6    0   2   1   0   0
BENCH
   Fa7   714   2   7   2   7   0   0   4   4   0   0   1   2   1   5  0  3  3   0  0  2   8   6   0  -6  25  31    9    0   0   0   2   0
   Ec2   693   1   1   1   1   0   0   2   2   0   0   1   1   0   0  2  1  3   0  0  1   4   2   0  -2  23  25    2    0   0   0   0   1
   Jg1   466   1   1   1   1   0   0   0   0   0   0   0   0   1   1  1  0  1   0  1  0   2   0   2   0  13  13    2    1   1   0   0   0
He5    DNP-CD
Hi3    DNP-CD
Jc4    DNP-CD
Kj10   DNP-CD
Ih4    DNP-Injured
