Player Game Type Opp.     Result OT St CTime FGM FGA 2PM 2PA 3PM 3PA FTM FTA PBM PBA InM InA 2JM 2JA OR DF TR Ast FC FD Pts InP 2CP +/- TPF TPA Tchs Pass IFC PFC IFD PFD CS
   Fj2    1   RS @CRO  L(97-105)  0  0     0   0   0   0   0   0   0   0   0   0   0   0   0   0   0  0  0  0   0  0  0   0   0   0   0   0   0    0    0   0   0   0   0  A
   Kg3    1   RS @CRO  L(97-105)  0  0     0   0   0   0   0   0   0   0   0   0   0   0   0   0   0  0  0  0   0  0  0   0   0   0   0   0   0    0    0   0   0   0   0  A
   Hi6    1   RS @CRO  L(97-105)  0  0   782   3   6   3   5   0   1   5   5   0   0   1   3   2   2  0  0  0   3  1  2  11   4   0   1  34  33   12    4   0   1   1   1  A
   Hh9    1   RS @CRO  L(97-105)  0  0  1628  12  20   7  11   5   9   1   5   0   0   3   4   4   7  0  3  3   3  2  2  30   6   2  -3  68  71   29    7   1   1   0   2  A
   Ie4    1   RS @CRO  L(97-105)  0  1  1124   4   7   4   5   0   2   0   0   1   1   4   5   0   0  2  4  6   0  3  0   8   8   4  -6  38  44    7    0   2   1   0   0  A
   De5    1   RS @CRO  L(97-105)  0  0   471   3   6   3   6   0   0   0   0   0   1   2   5   1   1  3  0  3   0  0  0   6   4   2  -3  20  23    7    1   0   0   0   0  A
   Kj6    1   RS @CRO  L(97-105)  0  0     0   0   0   0   0   0   0   0   0   0   0   0   0   0   0  0  0  0   0  0  0   0   0   0   0   0   0    0    0   0   0   0   0  A
   Dg5    1   RS @CRO  L(97-105)  0  1  1577   7  14   4   9   3   5   0   2   0   0   2   5   2   4  0  1  1   2  3  1  17   4   0  -4  68  72   18    3   0   3   1   0  A
   Gc8    1   RS @CRO  L(97-105)  0  0     0   0   0   0   0   0   0   0   0   0   0   0   0   0   0  0  0  0   0  0  0   0   0   0   0   0   0    0    0   0   0   0   0  A
   Ha2    1   RS @CRO  L(97-105)  0  1  2400   6  12   6  11   0   1   2   2   1   2   4   7   2   4  5  8 13   0  2  1  14  10   4  -8  97 105   14    1   2   0   1   0  A
   Ea5    1   RS @CRO  L(97-105)  0  1  2400   4  10   4  10   0   0   1   4   0   1   4  10   0   0  2  7  9   2  1  2   9   9   0  -8  97 105   18    6   0   1   2   0  A
   Jj5    1   RS @CRO  L(97-105)  0  1  1618   1   2   1   2   0   0   0   0   0   0   1   1   0   1  0  0  0  12  0  0   2   2   0  -9  63  72   25   23   0   0   0   0  A
  Cc10    1   RS @CRO  L(97-105)  0  0     0   0   0   0   0   0   0   0   0   0   0   0   0   0   0  0  0  0   0  0  0   0   0   0   0   0   0    0    0   0   0   0   0  A
   Fj2    3   RS @WIL   L(74-93)  0  0   252   2   3   1   2   1   1   0   0   0   0   0   0   1   2  0  1  1   0  1  0   5   0   0  -1   7   8    4    1   1   0   0   0  A
   Kg3    3   RS @WIL   L(74-93)  0  0   252   0   2   0   2   0   0   0   0   0   0   0   2   0   0  0  1  1   0  0  0   0   0   0  -1   7   8    2    0   0   0   0   0  A
   Hi6    3   RS @WIL   L(74-93)  0  0   600   2   7   0   3   2   4   0   0   0   0   0   1   0   2  1  0  1   4  0  0   6   0   0  -3  23  26   12    5   0   0   0   0  A
   Hh9    3   RS @WIL   L(74-93)  0  0  1990   4  10   2   6   2   4   4  13   0   0   0   0   2   6  0  2  2   0  1  5  14   0   4 -17  60  77   19    4   0   1   0   5  A
   Ie4    3   RS @WIL   L(74-93)  0  1  1800   4  13   4   9   0   4   5   6   0   0   4   8   0   1  2  8 10   0  1  3  13  13   1  -9  58  67   18    2   1   0   3   0  A
   De5    3   RS @WIL   L(74-93)  0  0     0   0   0   0   0   0   0   0   0   0   0   0   0   0   0  0  0  0   0  0  0   0   0   0   0   0   0    0    0   0   0   0   0  A
   Kj6    3   RS @WIL   L(74-93)  0  0   252   0   0   0   0   0   0   0   0   0   0   0   0   0   0  0  0  0   2  0  0   0   0   0  -1   7   8    4    4   0   0   0   0  A
   Dg5    3   RS @WIL   L(74-93)  0  1   506   2   2   2   2   0   0   0   0   0   0   1   1   1   1  1  1  2   1  2  0   4   2   2 -10  16  26    7    5   1   1   0   0  A
   Gc8    3   RS @WIL   L(74-93)  0  0  1327   3   8   3   4   0   4   0   0   0   0   3   4   0   0  1  1  2   0  2  0   6   6   0 -16  36  52    9    1   2   0   0   0  A
   Ha2    3   RS @WIL   L(74-93)  0  1  2148   6   9   6   9   0   0   2   2   0   0   6   8   0   1  3  7 10   0  3  1  14  14   2 -18  67  85   10    0   3   0   1   0  A
   Ea5    3   RS @WIL   L(74-93)  0  1  1073   5  12   5  10   0   2   1   4   0   1   5  10   0   0  2  5  7   1  3  2  11  11   1  -3  38  41   15    1   2   1   2   0  A
   Jj5    3   RS @WIL   L(74-93)  0  1  1548   0   3   0   1   0   2   1   2   0   0   0   1   0   0  1  0  1  11  0  1   1   1   1 -15  44  59   30   26   0   0   1   0  A
  Cc10    3   RS @WIL   L(74-93)  0  0   252   0   1   0   1   0   0   0   0   0   0   0   1   0   0  1  0  1   0  0  0   0   0   0  -1   7   8    1    0   0   0   0   0  A
   Fj2    5   RS vCRO   W(94-70)  0  0     0   0   0   0   0   0   0   0   0   0   0   0   0   0   0  0  0  0   0  0  0   0   0   0   0   0   0    0    0   0   0   0   0  A
   Kg3    5   RS vCRO   W(94-70)  0  0   600   1   5   0   3   1   2   2   2   0   0   0   1   0   2  0  2  2   1  1  1   5   0   0  -4  14  18    7    1   1   0   0   1  A
   Hi6    5   RS vCRO   W(94-70)  0  0     0   0   0   0   0   0   0   0   0   0   0   0   0   0   0  0  0  0   0  0  0   0   0   0   0   0   0    0    0   0   0   0   0  A
   Hh9    5   RS vCRO   W(94-70)  0  0   600   0   1   0   0   0   1   1   6   0   0   0   0   0   0  0  1  1   0  0  2   1   0   0  -4  14  18    5    2   0   0   0   2  A
   Ie4    5   RS vCRO   W(94-70)  0  1  1800   8  15   4   7   4   8   3   3   0   0   4   7   0   0  0  6  6   1  0  1  23   8   2  28  80  52   17    1   0   0   0   1  A
   De5    5   RS vCRO   W(94-70)  0  0     0   0   0   0   0   0   0   0   0   0   0   0   0   0   0  0  0  0   0  0  0   0   0   0   0   0   0    0    0   0   0   0   0  A
   Kj6    5   RS vCRO   W(94-70)  0  0   600   0   3   0   2   0   1   0   0   0   0   0   1   0   1  1  1  2   1  0  0   0   0   0  -4  14  18   10    7   0   0   0   0  A
   Dg5    5   RS vCRO   W(94-70)  0  1  1800   3   8   2   6   1   2   7   9   0   0   0   3   2   3  1  3  4   3  2  3  14   0   0  28  80  52   19    8   1   1   0   3  A
   Gc8    5   RS vCRO   W(94-70)  0  0   919   3  10   3  10   0   0   2   2   0   0   2   8   1   2  2  5  7   0  1  1   8   6   2  -8  20  28   12    1   1   0   1   0  A
   Ha2    5   RS vCRO   W(94-70)  0  1  1481   9  12   9  12   0   0   2   2   1   1   7   8   2   4  2 12 14   0  2  1  20  16   6  32  74  42   13    0   2   0   1   0  A
   Ea5    5   RS vCRO   W(94-70)  0  1  1800   8  14   8  14   0   0   0   0   0   0   8  14   0   0  2  4  6   1  0  0  16  16   4  28  80  52   15    1   0   0   0   0  A
   Jj5    5   RS vCRO   W(94-70)  0  1  1800   2   3   1   2   1   1   0   0   0   0   0   0   1   2  2  2  4  17  2  0   5   0   0  28  80  52   34   31   1   1   0   0  A
  Cc10    5   RS vCRO   W(94-70)  0  0   600   1   4   1   4   0   0   0   0   0   0   1   4   0   0  0  6  6   1  1  0   2   2   0  -4  14  18    5    1   1   0   0   0  A
   Kj6    7   RS @QUE  L(96-102)  0  0     0   0   0   0   0   0   0   0   0   0   0   0   0   0   0  0  0  0   0  0  0   0   0   0   0   0   0    0    0   0   0   0   0  A
   Dg5    7   RS @QUE  L(96-102)  0  1  1574   6  14   4   8   2   6   3   5   0   0   2   5   2   3  0  2  2   6  2  2  17   4   2  -8  63  71   26   10   1   1   0   2  A
   Gc8    7   RS @QUE  L(96-102)  0  0     0   0   0   0   0   0   0   0   0   0   0   0   0   0   0  0  0  0   0  0  0   0   0   0   0   0   0    0    0   0   0   0   0  A
  Cc10    7   RS @QUE  L(96-102)  0  0     0   0   0   0   0   0   0   0   0   0   0   0   0   0   0  0  0  0   0  0  0   0   0   0   0   0   0    0    0   0   0   0   0  A
   Kg3    7   RS @QUE  L(96-102)  0  0     0   0   0   0   0   0   0   0   0   0   0   0   0   0   0  0  0  0   0  0  0   0   0   0   0   0   0    0    0   0   0   0   0  A
   Ie4    7   RS @QUE  L(96-102)  0  1  2257   2   9   1   6   1   3   9  10   0   1   1   4   0   2  3  7 10   2  1  4  14   4   2  -4  87  91   15    2   1   0   1   3  A
   Ea5    7   RS @QUE  L(96-102)  0  1  2400   6  13   6  13   0   0   4   8   0   1   6  13   0   0  4  6 10   2  3  4  16  16   4  -6  96 102   22    5   2   1   4   0  A
   Hi6    7   RS @QUE  L(96-102)  0  0  1530   6  13   4   8   2   5   2   2   0   0   2   4   2   4  2  2  4   5  1  1  16   6   0  -4  56  60   28   14   1   0   1   0  A
   Fj2    7   RS @QUE  L(96-102)  0  0     0   0   0   0   0   0   0   0   0   0   0   0   0   0   0  0  0  0   0  0  0   0   0   0   0   0   0    0    0   0   0   0   0  A
   Jj5    7   RS @QUE  L(96-102)  0  1   870   2   5   0   1   2   4   3   3   0   0   0   1   0   0  0  0  0   2  0  1   9   0   0  -2  40  42   17   11   0   0   0   1  A
   De5    7   RS @QUE  L(96-102)  0  0     0   0   0   0   0   0   0   0   0   0   0   0   0   0   0  0  0  0   0  0  0   0   0   0   0   0   0    0    0   0   0   0   0  A
   Hh9    7   RS @QUE  L(96-102)  0  0   969   5   9   2   4   3   5   0   0   0   0   2   3   0   1  1  1  2   1  1  0  13   4   0   0  42  42   14    5   0   1   0   0  A
   Ha2    7   RS @QUE  L(96-102)  0  1  2400   4  12   4  10   0   2   3   4   0   1   4   9   0   1  4  8 12   0  1  2  11  11   0  -6  96 102   15    1   1   0   2   0  A
   Fj2   13   RS vWIL  W(111-99)  0  0     0   0   0   0   0   0   0   0   0   0   0   0   0   0   0  0  0  0   0  0  0   0   0   0   0   0   0    0    0   0   0   0   0  A
   Kg3   13   RS vWIL  W(111-99)  0  0     0   0   0   0   0   0   0   0   0   0   0   0   0   0   0  0  0  0   0  0  0   0   0   0   0   0   0    0    0   0   0   0   0  A
   Hi6   13   RS vWIL  W(111-99)  0  0     0   0   0   0   0   0   0   0   0   0   0   0   0   0   0  0  0  0   0  0  0   0   0   0   0   0   0    0    0   0   0   0   0  A
   Hh9   13   RS vWIL  W(111-99)  0  0   798   2   6   1   4   1   2   1   2   0   0   1   1   0   3  0  1  1   1  0  1   6   2   0   1  34  33    9    2   0   0   0   1  A
   Ie4   13   RS vWIL  W(111-99)  0  1  2400  11  18   5   9   6   9   3   3   0   1   4   8   1   1  3  7 10   0  2  1  31   8   0  12 111  99   19    0   2   0   0   1  A
   De5   13   RS vWIL  W(111-99)  0  0     0   0   0   0   0   0   0   0   0   0   0   0   0   0   0  0  0  0   0  0  0   0   0   0   0   0   0    0    0   0   0   0   0  A
   Kj6   13   RS vWIL  W(111-99)  0  0     0   0   0   0   0   0   0   0   0   0   0   0   0   0   0  0  0  0   0  0  0   0   0   0   0   0   0    0    0   0   0   0   0  A
   Dg5   13   RS vWIL  W(111-99)  0  1  1602   3  11   1   6   2   5   2   2   0   0   1   4   0   2  1  1  2   3  2  1  10   2   2  11  77  66   18    6   0   2   0   1  A
   Gc8   13   RS vWIL  W(111-99)  0  0     0   0   0   0   0   0   0   0   0   0   0   0   0   0   0  0  0  0   0  0  0   0   0   0   0   0   0    0    0   0   0   0   0  A
   Ha2   13   RS vWIL  W(111-99)  0  1  2400   9  15   9  15   0   0   4   4   0   1   8  13   1   2  5  8 13   1  2  2  22  18   4  12 111  99   18    1   1   1   1   1  A
   Ea5   13   RS vWIL  W(111-99)  0  1  2400  16  22  16  22   0   0   7  12   1   1  16  22   0   0  2  7  9   1  1  6  39  39   8  12 111  99   32    4   1   0   6   0  A
   Jj5   13   RS vWIL  W(111-99)  0  1  2400   1   4   0   2   1   2   0   0   0   0   0   0   0   2  2  0  2  25  1  0   3   0   3  12 111  99   52   48   0   1   0   0  A
  Cc10   13   RS vWIL  W(111-99)  0  0     0   0   0   0   0   0   0   0   0   0   0   0   0   0   0  0  0  0   0  0  0   0   0   0   0   0   0    0    0   0   0   0   0  A
   Fj2   17   RS @CRO W(105-100)  0  0     6   0   0   0   0   0   0   0   0   0   0   0   0   0   0  0  0  0   0  0  0   0   0   0   0   0   0    0    0   0   0   0   0  A
   Kg3   17   RS @CRO W(105-100)  0  0     0   0   0   0   0   0   0   0   0   0   0   0   0   0   0  0  0  0   0  0  0   0   0   0   0   0   0    0    0   0   0   0   0  A
   Hi6   17   RS @CRO W(105-100)  0  0    45   0   0   0   0   0   0   0   0   0   0   0   0   0   0  0  0  0   0  0  0   0   0   0  -4   2   6    0    0   0   0   0   0  A
   Hh9   17   RS @CRO W(105-100)  0  0  1269   4  10   0   2   4   8   3   7   0   0   0   0   0   2  0  2  2   2  1  3  15   0   0   4  56  52   17    4   0   1   0   3  A
   Ie4   17   RS @CRO W(105-100)  0  1  1131   6   9   4   5   2   4   0   0   0   0   4   5   0   0  0  3  3   2  3  0  14   8   2   1  49  48   12    3   1   2   0   0  A
   De5   17   RS @CRO W(105-100)  0  0     0   0   0   0   0   0   0   0   0   0   0   0   0   0   0  0  0  0   0  0  0   0   0   0   0   0   0    0    0   0   0   0   0  A
   Kj6   17   RS @CRO W(105-100)  0  0     0   0   0   0   0   0   0   0   0   0   0   0   0   0   0  0  0  0   0  0  0   0   0   0   0   0   0    0    0   0   0   0   0  A
   Dg5   17   RS @CRO W(105-100)  0  1  2400   6  16   4   9   2   7   6   9   0   0   2   6   2   3  1  6  7   8  2  4  20   4   3   5 105 100   34   14   1   1   0   4  A
   Gc8   17   RS @CRO W(105-100)  0  0     0   0   0   0   0   0   0   0   0   0   0   0   0   0   0  0  0  0   0  0  0   0   0   0   0   0   0    0    0   0   0   0   0  A
   Ha2   17   RS @CRO W(105-100)  0  1  2394   6  14   6  14   0   0   4   4   0   1   6  10   0   4  3  8 11   0  0  2  16  16   0   5 105 100   16    0   0   0   2   0  A
   Ea5   17   RS @CRO W(105-100)  0  1  2400  11  13  11  13   0   0   4   4   0   0  11  13   0   0  1 13 14   3  0  2  26  26   2   5 105 100   22    7   0   0   2   0  A
   Jj5   17   RS @CRO W(105-100)  0  1  2355   5  11   2   6   3   5   1   2   0   0   0   1   2   5  2  1  3  12  0  1  14   0   2   9 103  94   42   30   0   0   0   1  A
  Cc10   17   RS @CRO W(105-100)  0  0     0   0   0   0   0   0   0   0   0   0   0   0   0   0   0  0  0  0   0  0  0   0   0   0   0   0   0    0    0   0   0   0   0  A
   Fj2   19   RS @WIL W(108-107)  0  0     0   0   0   0   0   0   0   0   0   0   0   0   0   0   0  0  0  0   0  0  0   0   0   0   0   0   0    0    0   0   0   0   0  A
   Kg3   19   RS @WIL W(108-107)  0  0     0   0   0   0   0   0   0   0   0   0   0   0   0   0   0  0  0  0   0  0  0   0   0   0   0   0   0    0    0   0   0   0   0  A
   Hi6   19   RS @WIL W(108-107)  0  0    30   0   0   0   0   0   0   0   0   0   0   0   0   0   0  0  0  0   0  0  0   0   0   0  -7   5  12    0    0   0   0   0   0  A
   Hh9   19   RS @WIL W(108-107)  0  0  1647   7  11   3   3   4   8   2   4   0   0   1   1   2   2  1  4  5   5  3  2  20   2   4   2  74  72   20    7   2   1   0   2  A
   Ie4   19   RS @WIL W(108-107)  0  1  1200   3  11   3   4   0   7   3   3   0   0   2   3   1   1  2  1  3   0  0  1   9   4   5  -8  45  53   14    2   0   0   0   1  A
   De5   19   RS @WIL W(108-107)  0  0     0   0   0   0   0   0   0   0   0   0   0   0   0   0   0  0  0  0   0  0  0   0   0   0   0   0   0    0    0   0   0   0   0  A
   Kj6   19   RS @WIL W(108-107)  0  0     0   0   0   0   0   0   0   0   0   0   0   0   0   0   0  0  0  0   0  0  0   0   0   0   0   0   0    0    0   0   0   0   0  A
   Dg5   19   RS @WIL W(108-107)  0  1  1953   7  15   5   8   2   7  10  11   1   1   2   3   3   5  1  1  2   2  3  5  26   6   2   8  97  89   26    6   1   2   1   4  A
   Gc8   19   RS @WIL W(108-107)  0  0     0   0   0   0   0   0   0   0   0   0   0   0   0   0   0  0  0  0   0  0  0   0   0   0   0   0   0    0    0   0   0   0   0  A
   Ha2   19   RS @WIL W(108-107)  0  1  2400  11  23  11  22   0   1   3   4   1   1   9  16   2   6  2  9 11   1  1  2  25  19   8   1 108 107   26    1   0   1   1   1  A
   Ea5   19   RS @WIL W(108-107)  0  1  2400  11  14  10  13   1   1   2   6   0   0  10  13   0   0  4 11 15   1  2  3  25  21   2   1 108 107   20    3   2   0   1   2  A
   Jj5   19   RS @WIL W(108-107)  0  1  2370   1   3   0   1   1   2   0   0   0   1   0   1   0   0  2  2  4  20  0  0   3   0   0   8 103  95   43   40   0   0   0   0  A
  Cc10   19   RS @WIL W(108-107)  0  0     0   0   0   0   0   0   0   0   0   0   0   0   0   0   0  0  0  0   0  0  0   0   0   0   0   0   0    0    0   0   0   0   0  A
   Fj2   21   RS vQUE  L(97-106)  0  0     0   0   0   0   0   0   0   0   0   0   0   0   0   0   0  0  0  0   0  0  0   0   0   0   0   0   0    0    0   0   0   0   0  A
   Kg3   21   RS vQUE  L(97-106)  0  0     0   0   0   0   0   0   0   0   0   0   0   0   0   0   0  0  0  0   0  0  0   0   0   0   0   0   0    0    0   0   0   0   0  A
   Hi6   21   RS vQUE  L(97-106)  0  0   375   1   4   1   1   0   3   0   0   0   0   0   0   1   1  2  0  2   1  0  0   2   0   2  -2   9  11    6    2   0   0   0   0  A
   Hh9   21   RS vQUE  L(97-106)  0  0   859   2   7   1   4   1   3   0   5   0   0   1   4   0   0  2  2  4   2  0  2   5   2   0  -4  28  32   13    4   0   0   0   2  A
   Ie4   21   RS vQUE  L(97-106)  0  1  1541   2   9   0   3   2   6   4   4   0   0   0   2   0   1  4  1  5   0  1  2  10   4   0  -5  69  74   11    0   0   1   2   0  A
   De5   21   RS vQUE  L(97-106)  0  0     0   0   0   0   0   0   0   0   0   0   0   0   0   0   0  0  0  0   0  0  0   0   0   0   0   0   0    0    0   0   0   0   0  A
   Kj6   21   RS vQUE  L(97-106)  0  0     0   0   0   0   0   0   0   0   0   0   0   0   0   0   0  0  0  0   0  0  0   0   0   0   0   0   0    0    0   0   0   0   0  A
   Dg5   21   RS vQUE  L(97-106)  0  1  2025   6  18   3  10   3   8   8   8   1   1   1   3   2   7  2  2  4   5  1  4  23   4   9  -7  88  95   32   10   0   1   1   3  A
   Gc8   21   RS vQUE  L(97-106)  0  0   851   2   3   2   3   0   0   2   2   0   0   0   1   2   2  1  2  3   0  1  1   6   2   2  -8  32  40    7    3   0   1   1   0  A
   Ha2   21   RS vQUE  L(97-106)  0  1  2012   7  11   7  11   0   0   7  10   0   0   6   9   1   2  2  9 11   0  3  5  21  19   3 -10  83  93   16    0   2   1   5   0  A
   Ea5   21   RS vQUE  L(97-106)  0  1  1808  14  19  14  18   0   1   2   8   1   1  14  18   0   0  5  7 12   0  2  4  30  30   4   3  75  72   24    1   2   0   4   0  A
   Jj5   21   RS vQUE  L(97-106)  0  1  2400   0   3   0   2   0   1   0   0   0   0   0   0   0   2  1  1  2  12  0  0   0   0   0  -9  97 106   40   37   0   0   0   0  A
  Cc10   21   RS vQUE  L(97-106)  0  0   129   0   1   0   1   0   0   0   0   0   0   0   1   0   0  0  0  0   0  0  0   0   0   0  -3   4   7    1    0   0   0   0   0  A
   Fj2   29   RS vLAT  W(109-87)  0  0     0   0   0   0   0   0   0   0   0   0   0   0   0   0   0  0  0  0   0  0  0   0   0   0   0   0   0    0    0   0   0   0   0  A
   Kg3   29   RS vLAT  W(109-87)  0  0   213   1   1   1   1   0   0   0   0   0   0   1   1   0   0  0  0  0   0  0  0   2   2   0   7  16   9    1    0   0   0   0   0  A
   Hi6   29   RS vLAT  W(109-87)  0  0   339   4   5   2   2   2   3   0   0   0   0   2   2   0   0  0  2  2   1  0  0  10   4   2   9  24  15    8    3   0   0   0   0  A
   Hh9   29   RS vLAT  W(109-87)  0  0   981   1   6   0   2   1   4   1   3   0   0   0   2   0   0  0  2  2   0  4  1   4   0   0  12  43  31   10    3   0   4   0   1  A
   Ie4   29   RS vLAT  W(109-87)  0  1  2187  11  19  10  15   1   4   8   8   1   1   7  12   3   3  2 12 14   0  0  4  31  22   6  15  93  78   26    3   0   0   4   0  A
   De5   29   RS vLAT  W(109-87)  0  0   213   0   0   0   0   0   0   0   0   0   0   0   0   0   0  0  1  1   0  0  0   0   0   0   7  16   9    0    0   0   0   0   0  A
   Kj6   29   RS vLAT  W(109-87)  0  0   213   1   1   1   1   0   0   2   3   0   0   1   1   0   0  0  0  0   1  0  1   4   2   0   7  16   9    3    1   0   0   0   1  A
   Dg5   29   RS vLAT  W(109-87)  0  1  1080   0   9   0   4   0   5   2   3   0   1   0   2   0   2  1  2  3   1  0  1   2   0   0   1  42  41   15    5   0   0   0   1  A
   Gc8   29   RS vLAT  W(109-87)  0  1  1680   7  12   7  11   0   1   3   5   1   1   5   8   2   3  3  5  8   0  3  2  17  11   2   2  62  60   14    0   2   1   1   1  A
   Ha2   29   RS vLAT  W(109-87)  0  0     0   0   0   0   0   0   0   0   0   0   0   0   0   0   0  0  0  0   0  0  0   0   0   0   0   0   0    0    0   0   0   0   0  I
   Ea5   29   RS vLAT  W(109-87)  0  1  2187  12  20  12  20   0   0   2   4   0   0  12  20   0   0  3 11 14   1  2  2  26  26   1  15  93  78   23    1   2   0   2   0  A
   Jj5   29   RS vLAT  W(109-87)  0  1  2187   1   1   1   1   0   0   3   3   1   1   1   1   0   0  2  3  5  15  0  1   5   2   5  15  93  78   35   33   0   0   0   1  A
  Cc10   29   RS vLAT  W(109-87)  0  0   720   3   4   3   4   0   0   2   2   0   0   3   3   0   1  0  2  2   1  2  1   8   8   0  20  47  27    7    2   1   1   1   0  A
   Fj2   30   RS @HAR   L(77-91)  0  0   238   0   0   0   0   0   0   0   0   0   0   0   0   0   0  0  1  1   1  1  0   0   0   0   4  13   9    1    1   1   0   0   0  A
   Kg3   30   RS @HAR   L(77-91)  0  0   238   1   1   1   1   0   0   0   0   0   0   1   1   0   0  0  1  1   1  1  0   2   2   0   4  13   9    2    1   0   1   0   0  A
   Hi6   30   RS @HAR   L(77-91)  0  0  1123   5   9   3   5   2   4   3   4   0   0   3   4   0   1  2  1  3   2  0  2  15   8   7  -3  37  40   19    8   0   0   1   1  A
   Hh9   30   RS @HAR   L(77-91)  0  0   962   3   5   2   2   1   3   1   2   0   0   1   1   1   1  0  0  0   1  0  1   8   3   0 -12  29  41    7    1   0   0   1   0  A
   Ie4   30   RS @HAR   L(77-91)  0  1  1359   3   8   3   6   0   2   0   0   0   0   2   4   1   2  0  6  6   0  2  0   6   4   0 -15  35  50    9    1   0   2   0   0  A
   De5   30   RS @HAR   L(77-91)  0  0   683   1   4   1   3   0   1   2   2   0   0   1   3   0   0  0  0  0   1  1  1   4   2   0   7  30  23    6    1   1   0   0   1  A
   Kj6   30   RS @HAR   L(77-91)  0  0   238   2   2   1   1   1   1   0   0   0   0   1   1   0   0  0  0  0   0  0  0   5   2   0   4  13   9    2    0   0   0   0   0  A
   Dg5   30   RS @HAR   L(77-91)  0  1  1558   1   8   0   4   1   4   0   0   0   1   0   3   0   1  2  3  5   2  2  0   3   0   0 -12  47  59   12    4   0   2   0   0  A
   Gc8   30   RS @HAR   L(77-91)  0  1  1717   4  13   4  11   0   2   0   2   0   0   3  10   1   1  2  4  6   0  0  1   8   6   0 -21  47  68   15    1   0   0   1   0  A
   Ha2   30   RS @HAR   L(77-91)  0  0     0   0   0   0   0   0   0   0   0   0   0   0   0   0   0  0  0  0   0  0  0   0   0   0   0   0   0    0    0   0   0   0   0  I
   Ea5   30   RS @HAR   L(77-91)  0  1  2162  10  17  10  16   0   1   0   0   0   0  10  16   0   0  1  9 10   0  2  0  20  20   2 -18  64  82   17    0   1   1   0   0  A
   Jj5   30   RS @HAR   L(77-91)  0  1  1039   1   4   1   3   0   1   0   0   0   0   0   0   1   3  0  2  2   4  3  0   2   0   0 -15  27  42   15   11   1   2   0   0  A
  Cc10   30   RS @HAR   L(77-91)  0  0   683   1   3   1   3   0   0   2   2   0   0   1   2   0   1  0  3  3   2  0  1   4   4   0   7  30  23    8    4   0   0   1   0  A
   Fj2   34   RS @LAT W(102-100)  0  0    33   0   0   0   0   0   0   0   0   0   0   0   0   0   0  0  0  0   0  0  0   0   0   0  -3   3   6    0    0   0   0   0   0  A
   Kg3   34   RS @LAT W(102-100)  0  0     0   0   0   0   0   0   0   0   0   0   0   0   0   0   0  0  0  0   0  0  0   0   0   0   0   0   0    0    0   0   0   0   0  A
   Hi6   34   RS @LAT W(102-100)  0  0    34   0   0   0   0   0   0   0   0   0   0   0   0   0   0  0  0  0   0  0  0   0   0   0  -3   3   6    0    0   0   0   0   0  A
   Hh9   34   RS @LAT W(102-100)  0  0  1230   1   8   0   4   1   4   0   0   0   0   0   3   0   1  2  0  2   2  3  0   3   0   0  -2  48  50   14    6   2   1   0   0  A
   Ie4   34   RS @LAT W(102-100)  0  1  1632   9  12   8  10   1   2   4   4   2   2   8   9   0   1  2  6  8   0  3  2  23  20   6   9  65  56   14    0   1   2   2   0  A
   De5   34   RS @LAT W(102-100)  0  0    71   0   0   0   0   0   0   0   0   0   0   0   0   0   0  0  0  0   0  0  0   0   0   0   0   4   4    0    0   0   0   0   0  A
   Kj6   34   RS @LAT W(102-100)  0  0     0   0   0   0   0   0   0   0   0   0   0   0   0   0   0  0  0  0   0  0  0   0   0   0   0   0   0    0    0   0   0   0   0  A
   Dg5   34   RS @LAT W(102-100)  0  1  1834   5  13   4  10   1   3   5   7   0   0   2   5   2   5  0  4  4   5  2  3  16   4   2   0  84  84   24    8   1   1   0   3  A
   Gc8   34   RS @LAT W(102-100)  0  1  2400  10  18  10  15   0   3   4   6   0   0   7  10   3   5  3 11 14   1  2  3  24  15   2   2 102 100   23    2   2   0   1   2  A
   Ha2   34   RS @LAT W(102-100)  0  0     0   0   0   0   0   0   0   0   0   0   0   0   0   0   0  0  0  0   0  0  0   0   0   0   0   0   0    0    0   0   0   0   0  I
   Ea5   34   RS @LAT W(102-100)  0  1  1998   7  12   7  11   0   1   4   6   0   0   7  11   0   0  0  5  5   1  3  3  18  18   2   2  86  84   16    1   3   0   3   0  A
   Jj5   34   RS @LAT W(102-100)  0  1  2366   4   7   2   5   2   2   0   0   0   1   0   2   2   3  1  2  3  18  1  0  10   0   0   5  99  94   42   35   1   0   0   0  A
  Cc10   34   RS @LAT W(102-100)  0  0   402   4   6   4   6   0   0   0   0   0   1   4   6   0   0  1  1  2   0  0  0   8   8   0   0  16  16    6    0   0   0   0   0  A
   Fj2   37   RS vRAY  L(86-111)  0  0     0   0   0   0   0   0   0   0   0   0   0   0   0   0   0  0  0  0   0  0  0   0   0   0   0   0   0    0    0   0   0   0   0  A
   Kg3   37   RS vRAY  L(86-111)  0  0   247   0   1   0   1   0   0   0   0   0   0   0   0   0   1  0  0  0   0  0  0   0   0   0  -7   4  11    1    0   0   0   0   0  A
   Hi6   37   RS vRAY  L(86-111)  0  0   247   1   2   1   1   0   1   0   0   0   0   0   0   1   1  0  1  1   0  0  0   2   0   0  -7   4  11    4    2   0   0   0   0  A
   Hh9   37   RS vRAY  L(86-111)  0  0   953   1   4   1   3   0   1   3   4   0   0   1   2   0   1  0  0  0   2  0  2   5   2   0 -12  31  43    9    3   0   0   0   2  A
   Ie4   37   RS vRAY  L(86-111)  0  1  1800   3  12   0   4   3   8   6   7   0   0   0   3   0   1  1  4  5   0  1  3  15   4   3 -14  70  84   16    1   1   0   2   1  A
   De5   37   RS vRAY  L(86-111)  0  0   461   2   3   2   2   0   1   0   0   0   0   2   2   0   0  0  1  1   0  0  0   4   4   0 -15   8  23    4    1   0   0   0   0  A
   Kj6   37   RS vRAY  L(86-111)  0  0   247   0   1   0   1   0   0   0   0   0   0   0   1   0   0  0  0  0   0  0  0   0   0   0  -7   4  11    2    1   0   0   0   0  A
   Dg5   37   RS vRAY  L(86-111)  0  1  1553   5  14   3   6   2   8   0   0   0   0   3   4   0   2  1  4  5   2  1  0  12   6   0 -10  63  73   18    4   1   0   0   0  A
   Gc8   37   RS vRAY  L(86-111)  0  1  2153  11  15  10  13   1   2   1   2   1   1   8  10   2   3  4  5  9   4  1  1  24  17   2 -18  82 100   22    6   0   1   1   0  A
   Ha2   37   RS vRAY  L(86-111)  0  0     0   0   0   0   0   0   0   0   0   0   0   0   0   0   0  0  0  0   0  0  0   0   0   0   0   0   0    0    0   0   0   0   0  I
   Ea5   37   RS vRAY  L(86-111)  0  1  1488   7  12   7  10   0   2   2   6   1   1   7  10   0   0  1  1  2   1  4  3  16  16   4 -11  60  71   16    1   3   1   3   0  A
   Jj5   37   RS vRAY  L(86-111)  0  1  2153   1   1   0   0   1   1   3   3   0   0   0   0   0   0  0  1  1   8  0  1   6   0   3 -18  82 100   31   29   0   0   0   1  A
  Cc10   37   RS vRAY  L(86-111)  0  0   698   1   4   1   4   0   0   0   0   0   0   1   3   0   1  0  3  3   0  0  0   2   2   0  -6  22  28    5    1   0   0   0   0  A
   Fj2   40   RS @KEN   L(84-92)  0  0    33   0   2   0   0   0   2   0   0   0   0   0   0   0   0  0  0  0   0  1  0   0   0   0  -1   3   4    2    0   0   1   0   0  A
   Kg3   40   RS @KEN   L(84-92)  0  0     0   0   0   0   0   0   0   0   0   0   0   0   0   0   0  0  0  0   0  0  0   0   0   0   0   0   0    0    0   0   0   0   0  A
   Hi6   40   RS @KEN   L(84-92)  0  0     0   0   0   0   0   0   0   0   0   0   0   0   0   0   0  0  0  0   0  0  0   0   0   0   0   0   0    0    0   0   0   0   0  A
   Hh9   40   RS @KEN   L(84-92)  0  0  1386   6  12   2   3   4   9   2   2   0   0   0   1   2   2  0  1  1   0  0  1  18   0   3   7  60  53   17    4   0   0   0   1  A
   Ie4   40   RS @KEN   L(84-92)  0  1  2163  11  23   9  16   2   7   2   2   0   1   7  13   2   3  5  8 13   1  1  1  26  14   4  -7  76  83   28    4   1   0   0   1  A
   De5   40   RS @KEN   L(84-92)  0  0     0   0   0   0   0   0   0   0   0   0   0   0   0   0   0  0  0  0   0  0  0   0   0   0   0   0   0    0    0   0   0   0   0  A
   Kj6   40   RS @KEN   L(84-92)  0  0     0   0   0   0   0   0   0   0   0   0   0   0   0   0   0  0  0  0   0  0  0   0   0   0   0   0   0    0    0   0   0   0   0  A
   Dg5   40   RS @KEN   L(84-92)  0  1  1218   2  11   1   7   1   4   1   2   0   0   0   3   1   4  0  3  3   1  0  1   6   1   0 -15  29  44   15    3   0   0   1   0  A
   Gc8   40   RS @KEN   L(84-92)  0  1  2400   6  15   6  11   0   4   4   6   2   2   6   8   0   3  7 10 17   3  0  3  16  16   9  -8  84  92   21    3   0   0   3   0  A
   Ha2   40   RS @KEN   L(84-92)  0  0     0   0   0   0   0   0   0   0   0   0   0   0   0   0   0  0  0  0   0  0  0   0   0   0   0   0   0    0    0   0   0   0   0  I
   Ea5   40   RS @KEN   L(84-92)  0  1  1979   7  16   7  15   0   1   0   0   0   2   7  15   0   0  5  9 14   0  3  0  14  14   2 -15  69  84   16    0   2   1   0   0  A
   Jj5   40   RS @KEN   L(84-92)  0  1  2400   0   3   0   1   0   2   0   0   0   0   0   1   0   0  1  2  3  16  3  0   0   0   0  -8  84  92   39   36   0   3   0   0  A
  Cc10   40   RS @KEN   L(84-92)  0  0   421   1   4   1   4   0   0   2   4   0   1   1   4   0   0  2  0  2   0  0  2   4   4   0   7  15   8    7    1   0   0   2   0  A
   Fj2   45   RS vWIL   L(81-82)  0  0     0   0   0   0   0   0   0   0   0   0   0   0   0   0   0  0  0  0   0  0  0   0   0   0   0   0   0    0    0   0   0   0   0  A
   Kg3   45   RS vWIL   L(81-82)  0  0     0   0   0   0   0   0   0   0   0   0   0   0   0   0   0  0  0  0   0  0  0   0   0   0   0   0   0    0    0   0   0   0   0  A
   Hi6   45   RS vWIL   L(81-82)  0  0     0   0   0   0   0   0   0   0   0   0   0   0   0   0   0  0  0  0   0  0  0   0   0   0   0   0   0    0    0   0   0   0   0  A
   Hh9   45   RS vWIL   L(81-82)  0  0   829   5   7   4   6   1   1   0   3   0   1   0   1   4   5  1  1  2   1  0  1  11   0   4  -7  26  33    9    1   0   0   0   1  A
   Ie4   45   RS vWIL   L(81-82)  0  1  2400   8  13   6   9   2   4   2   2   0   0   5   7   1   2  2 10 12   0  2  1  20  12   4  -1  81  82   17    3   2   0   1   0  A
   De5   45   RS vWIL   L(81-82)  0  0     0   0   0   0   0   0   0   0   0   0   0   0   0   0   0  0  0  0   0  0  0   0   0   0   0   0   0    0    0   0   0   0   0  A
   Kj6   45   RS vWIL   L(81-82)  0  0     0   0   0   0   0   0   0   0   0   0   0   0   0   0   0  0  0  0   0  0  0   0   0   0   0   0   0    0    0   0   0   0   0  A
   Dg5   45   RS vWIL   L(81-82)  0  1  1571   5  19   4   9   1  10   0   0   0   0   1   5   3   4  1  5  6   1  2  0  11   2   0   6  55  49   21    2   1   1   0   0  A
   Gc8   45   RS vWIL   L(81-82)  0  1  1739   5  16   5  16   0   0   1   2   0   1   3  13   2   3  5  4  9   1  1  1  11   7   2   4  63  59   22    5   1   0   1   0  A
   Ha2   45   RS vWIL   L(81-82)  0  0     0   0   0   0   0   0   0   0   0   0   0   0   0   0   0  0  0  0   0  0  0   0   0   0   0   0   0    0    0   0   0   0   0  I
   Ea5   45   RS vWIL   L(81-82)  0  1  2400   8  15   8  14   0   1   2   6   1   1   8  14   0   0  6  6 12   1  2  3  18  18   2  -1  81  82   20    2   1   1   3   0  A
   Jj5   45   RS vWIL   L(81-82)  0  1  2400   1   4   1   3   0   1   0   0   0   0   0   0   1   3  1  4  5  17  0  0   2   0   0  -1  81  82   40   36   0   0   0   0  A
  Cc10   45   RS vWIL   L(81-82)  0  0   661   4   9   4   8   0   1   0   0   1   1   4   7   0   1  2  3  5   0  0  0   8   8   2  -5  18  23   11    2   0   0   0   0  A
   Fj2   47   RS @QUE   W(94-86)  0  0    43   0   0   0   0   0   0   0   0   0   0   0   0   0   0  0  0  0   1  0  0   0   0   0   4   7   3    1    1   0   0   0   0  A
   Kg3   47   RS @QUE   W(94-86)  0  0     0   0   0   0   0   0   0   0   0   0   0   0   0   0   0  0  0  0   0  0  0   0   0   0   0   0   0    0    0   0   0   0   0  A
   Hi6   47   RS @QUE   W(94-86)  0  0     0   0   0   0   0   0   0   0   0   0   0   0   0   0   0  0  0  0   0  0  0   0   0   0   0   0   0    0    0   0   0   0   0  A
   Hh9   47   RS @QUE   W(94-86)  0  0     0   0   0   0   0   0   0   0   0   0   0   0   0   0   0  0  0  0   0  0  0   0   0   0   0   0   0    0    0   0   0   0   0  A
   Ie4   47   RS @QUE   W(94-86)  0  1  2400   8  19   5  12   3   7  10  11   1   1   4  10   1   2  5 10 15   0  3  5  29  10   7   8  94  86   24    0   2   1   1   4  A
   De5   47   RS @QUE   W(94-86)  0  0  1159   2   8   1   6   1   2   2   4   0   1   1   6   0   0  2  4  6   0  0  2   7   2   3   5  43  38   10    0   0   0   0   2  A
   Kj6   47   RS @QUE   W(94-86)  0  0     0   0   0   0   0   0   0   0   0   0   0   0   0   0   0  0  0  0   0  0  0   0   0   0   0   0   0    0    0   0   0   0   0  A
   Dg5   47   RS @QUE   W(94-86)  0  1  2400   6  16   2   7   4   9   1   2   0   0   1   3   1   4  0  6  6   4  1  1  17   2   3   8  94  86   31   14   1   0   0   1  A
   Gc8   47   RS @QUE   W(94-86)  0  1   895   3   8   3   7   0   1   0   0   0   0   1   4   2   3  1  2  3   1  3  0   6   2   0   9  43  34   10    2   3   0   0   0  A
   Ha2   47   RS @QUE   W(94-86)  0  0     0   0   0   0   0   0   0   0   0   0   0   0   0   0   0  0  0  0   0  0  0   0   0   0   0   0   0    0    0   0   0   0   0  I
   Ea5   47   RS @QUE   W(94-86)  0  1  2400  13  21  12  19   1   2   4   6   0   0  12  19   0   0  1 16 17   1  1  3  31  28   4   8  94  86   28    4   1   0   2   1  A
   Jj5   47   RS @QUE   W(94-86)  0  1  2357   0   4   0   1   0   3   0   0   0   0   0   0   0   1  3  2  5  14  0  0   0   0   0   4  87  83   34   30   0   0   0   0  A
  Cc10   47   RS @QUE   W(94-86)  0  0   346   2   5   2   5   0   0   0   0   0   0   2   4   0   1  0  1  1   0  0  0   4   4   0  -6   8  14    5    0   0   0   0   0  A
