Year:0 Game:3 Type:RS QUE@WIL
Queens Time FGM FGA 2PM 2PA 3PM 3PA FTM FTA PBM PBA InM InA 2JM 2JA OR DR TR Ast FC FD Pts InP 2CP +/- TPF TPA Tchs Pass IFC PFC IFD PFD
STARTERS
Ej5    2054   4  13   3   9   1   4   0   0   2   2   3   6   0   3  2  4  6  19  2  0   9   6   4 -28  70  98   49   36   1   1   0   0
Ie9    2054   8  12   6   9   2   3   2   3   0   0   4   6   2   3  0  7  7   0  0  1  20   8   0 -28  70  98   16    3   0   0   0   1
Ia2    1418   2   8   2   8   0   0   0   0   0   0   2   7   0   1  0  3  3   0  1  0   4   4   0 -25  44  69    9    1   1   0   0   0
Dg3     814   1   9   0   4   1   5   0   0   0   0   0   1   0   3  1  1  2   3  2  0   3   0   0 -17  26  43   14    5   0   2   0   0
Ga5     810   4   6   4   6   0   0   0   0   0   0   4   5   0   1  0  4  4   0  3  0   8   8   0 -13  30  43    6    0   3   0   0   0
BENCH
Ec2    1525   5  10   5  10   0   0   2   6   0   2   3   8   2   2  2  2  4   0  2  3  12   8   0 -16  50  66   13    0   0   2   3   0
Ih4     982   2   7   0   3   2   4   2   2   0   0   0   1   0   2  3  2  5   1  0  1   8   2   0  -4  35  39   10    2   0   0   1   0
Jg1     950   2   6   2   3   0   3   0   0   0   0   2   2   0   1  0  2  2   1  1  0   4   4   0  -9  27  36    7    1   1   0   0   0
Fa7     760   3   8   3   8   0   0   1   2   0   0   1   5   2   3  1  3  4   1  1  1   7   3   4  -5  25  30   10    1   0   1   1   0
He5     346   0   1   0   1   0   0   0   0   0   0   0   1   0   0  0  1  1   0  0  0   0   0   0  -1   9  10    1    0   0   0   0   0
Jc4     287   2   3   2   3   0   0   0   0   0   0   2   2   0   1  0  1  1   0  0  0   4   4   0   1   9   8    3    0   0   0   0   0
Hi3    DNP-Suspended
Wilson Time FGM FGA 2PM 2PA 3PM 3PA FTM FTA PBM PBA InM InA 2JM 2JA OR DR TR Ast FC FD Pts InP 2CP +/- TPF TPA Tchs Pass IFC PFC IFD PFD
STARTERS
Ba4    2400   8  14   8  14   0   0   0   0   1   1   6   8   2   6  3 12 15   1  1  0  16  12   2  29 108  79   15    1   1   0   0   0
Ea2    2400   7  17   7  16   0   1   4   4   1   1   4   9   3   7  2 11 13   1  0  2  18  12   4  29 108  79   23    4   0   0   2   0
Ei5    2041   7  13   6   8   1   5   5   5   0   0   1   3   5   5  3  6  9   7  0  2  20   4   0  28  98  70   24    9   0   0   1   1
Gi3    1800   6  10   6   8   0   2   5   5   0   0   2   3   4   5  0  3  3   9  0  2  17   4   2  23  84  61   32   20   0   0   0   2
Ee3    1590   6  11   5   8   1   3   6   7   0   0   4   7   1   1  1  7  8   5  2  3  19  11   0  24  74  50   23    9   1   1   2   1
BENCH
Jg6     810   3   7   3   6   0   1   2   2   0   0   1   3   2   3  0  2  2   1  2  1   8   4   0   5  34  29   10    2   2   0   1   0
Fj6     600   3   6   2   4   1   2   3   4   0   0   2   3   0   1  0  1  1   3  1  2  10   4   0   6  24  18   16    8   1   0   0   2
Jh6     359   0   0   0   0   0   0   0   0   0   0   0   0   0   0  0  1  1   1  0  0   0   0   0   1  10   9    3    3   0   0   0   0
He2    DNP-Suspended
Ic4    DNP-Suspended
Hc5    DNP-Injured
Hf1    DNP-Injured
