Year:0 Game:2 Type:RS HAR@CRO
Hartford Time FGM FGA 2PM 2PA 3PM 3PA FTM FTA PBM PBA InM InA 2JM 2JA OR DR TR Ast FC FD Pts InP 2CP +/- TPF TPA Tchs Pass IFC PFC IFD PFD
STARTERS
Fj4      2275   5  11   2   5   3   6   2   2   0   0   1   1   1   4  0  4  4  17  0  1  15   2   3  14 105  91   47   35   0   0   0   1
Ga2      2275   7  10   7  10   0   0   0   0   1   1   6   8   1   2  3  4  7   0  1  0  14  12   2  14 105  91   10    0   1   0   0   0
Gc3      2275  13  16  13  14   0   2   3  10   0   0  11  11   2   3  2 10 12   1  1  5  29  25   6  14 105  91   22    1   0   1   4   1
Ge8      2275   6  10   4   7   2   3   5   8   1   1   4   5   0   2  6  6 12   1  0  3  19   9   4  14 105  91   15    2   0   0   1   2
Gg2      1902   9  23   5  11   4  12   0   0   0   0   2   7   3   4  1  5  6   2  0  0  22   4   0   5  84  79   25    2   0   0   0   0
BENCH
Ee1       498   3   4   1   1   2   3   0   0   0   0   1   1   0   0  0  1  1   1  1  0   8   2   0  10  26  16    6    2   0   1   0   0
Ha5       125   0   0   0   0   0   0   0   0   0   0   0   0   0   0  0  0  0   1  0  0   0   0   0   1   5   4    1    1   0   0   0   0
Hg4       125   0   0   0   0   0   0   0   0   0   0   0   0   0   0  0  1  1   1  0  0   0   0   0   1   5   4    1    1   0   0   0   0
Ii9       125   1   2   0   0   1   2   0   0   0   0   0   0   0   0  0  0  0   0  0  0   3   0   3   1   5   4    2    0   0   0   0   0
Ja2       125   0   0   0   0   0   0   0   0   0   0   0   0   0   0  0  0  0   0  0  0   0   0   0   1   5   4    0    0   0   0   0   0
Hi5      DNP-CD
Jg3      DNP-CD
Cromwell Time FGM FGA 2PM 2PA 3PM 3PA FTM FTA PBM PBA InM InA 2JM 2JA OR DR TR Ast FC FD Pts InP 2CP +/- TPF TPA Tchs Pass IFC PFC IFD PFD
STARTERS
Cc5      2290  16  23  16  20   0   3   0   0   2   2  14  17   2   3  4  5  9   1  2  0  32  28   4 -17  91 108   25    2   2   0   0   0
Fj3      2290   7  17   4  10   3   7   3   3   1   1   2   6   2   4  2  4  6  10  0  1  20   4   2 -17  91 108   39   21   0   0   0   1
He10     2290   7  14   5   9   2   5   2   3   0   1   2   5   3   4  3  4  7   4  2  1  18   4   7 -17  91 108   19    4   1   1   0   1
Ia3      1537   5  12   5  11   0   1   2   2   0   0   3   6   2   5  1  6  7   2  2  1  12   8   0 -15  62  77   16    3   1   1   1   0
Ie8      1482   2   6   1   5   1   1   0   0   0   0   0   2   1   3  0  1  1   0  1  0   5   0   0 -14  59  73    7    1   1   0   0   0
BENCH
Eg6       655   1   2   1   1   0   1   0   0   0   0   0   0   1   1  0  1  1   0  2  0   2   0   2   1  28  27    3    1   0   2   0   0
Ja3       600   1   3   1   3   0   0   0   0   0   0   1   1   0   2  1  0  1   0  0  0   2   2   0   2  25  23    4    1   0   0   0   0
Fi3       263   1   3   1   2   0   1   0   0   0   0   0   1   1   1  1  0  1   0  0  0   2   0   0  -2   8  10    5    2   0   0   0   0
Jc5       263   0   2   0   2   0   0   0   0   0   0   0   1   0   1  0  2  2   0  0  0   0   0   0  -2   8  10    2    0   0   0   0   0
Ca1       110   1   1   1   1   0   0   0   0   0   0   1   1   0   0  0  0  0   0  0  0   2   2   2   2   4   2    1    0   0   0   0   0
If1       110   0   0   0   0   0   0   0   0   0   0   0   0   0   0  0  0  0   1  0  0   0   0   0   2   4   2    1    1   0   0   0   0
Ji7       110   0   0   0   0   0   0   0   0   0   0   0   0   0   0  0  0  0   0  0  0   0   0   0   2   4   2    0    0   0   0   0   0
