Year:11 Game:78 Type:RS BRE@HAR
Breton CTime FGM FGA 2PM 2PA 3PM 3PA FTM FTA PBM PBA InM InA 2JM 2JA OR DF TR Ast FC FD Pts InP 2CP +/- TPF TPA Tchs Pass IFC PFC IFD PFD
STARTERS
   Dg5  2168   8  18   5  13   3   5   3   6   0   1   0   4   5   9  2  7  9   3  2  2  22   0   2 -20  74  94   28    8   1   1   0   2
   Ha2  2168  11  21  11  20   0   1   0   0   0   0  11  17   0   3  3  9 12   0  2  0  22  22   6 -20  74  94   21    0   0   2   0   0
   Jj5  2168   2   8   0   4   2   4   2   2   0   0   0   0   0   4  4  2  6  13  2  1   8   0   3 -20  74  94   43   34   0   2   0   1
   Ea5  1209   3   7   2   6   1   1   1   2   0   0   2   6   0   0  0  5  5   0  3  1   8   5   0   0  47  47    8    0   1   2   1   0
   Ie4   950   1   5   1   2   0   3   0   0   1   1   1   2   0   0  1  2  3   0  3  0   2   2   2   1  41  40    8    3   3   0   0   0
BENCH
   Hh9   850   3  11   1   5   2   6   0   0   0   0   0   2   1   3  0  1  1   0  1  0   8   0   0 -19  24  43   11    0   0   1   0   0
   Gc8   712   1   4   1   4   0   0   2   4   0   0   0   1   1   3  3  1  4   0  0  2   4   2   2 -15  19  34    7    1   0   0   2   0
  Cc10   711   1   3   1   3   0   0   2   2   0   1   1   2   0   1  2  0  2   1  0  1   4   2   2 -19  16  35    6    2   0   0   0   1
   Hi6   600   0   3   0   1   0   2   0   0   0   0   0   0   0   1  0  0  0   4  2  0   0   0   0  -9  13  22   12    9   1   1   0   0
   Kg3   232   0   2   0   2   0   0   0   0   0   0   0   1   0   1  0  0  0   0  0  0   0   0   0  -7   4  11    2    0   0   0   0   0
   Kj6   232   0   2   0   0   0   2   0   0   0   0   0   0   0   0  0  0  0   0  0  0   0   0   0  -7   4  11    3    1   0   0   0   0
De5    DNP-CD
Fj2    DNP-CD
Hartford CTime FGM FGA 2PM 2PA 3PM 3PA FTM FTA PBM PBA InM InA 2JM 2JA OR DF TR Ast FC FD Pts InP 2CP +/- TPF TPA Tchs Pass IFC PFC IFD PFD
STARTERS
     Fj4  2168   6  12   2   7   4   5   2   2   0   0   0   2   2   5  1  3  4   9  0  1  18   0   0  20  94  74   34   21   0   0   0   1
     Ga2  2168   3  12   3  12   0   0   6   8   1   3   3   8   0   4  4 12 16   0  0  4  12   9   3  20  94  74   18    2   0   0   2   2
     Ha5  2168   7  10   7  10   0   0   1   4   1   1   7   9   0   1  2  9 11   1  1  2  15  15   6  20  94  74   13    1   1   0   2   0
     Ii9  2047   0   6   0   4   0   2  12  12   0   1   0   1   0   3  1  6  7   5  3  5  12   0   0  16  88  72   26   15   0   3   0   5
     Ee1   415   0   2   0   0   0   2   0   0   0   0   0   0   0   0  0  0  0   0  0  0   0   0   0 -11   9  20    2    0   0   0   0   0
BENCH
     Gg2  1753  13  22   9  12   4  10   4   4   0   1   6   8   3   4  3  6  9   0  1  2  34  14   2  31  85  54   27    3   1   0   1   1
     Gc3   232   2   2   2   2   0   0   0   0   2   2   2   2   0   0  2  2  4   0  0  0   4   4   4   7  11   4    2    0   0   0   0   0
     Hi5   232   2   5   2   5   0   0   1   2   0   0   1   1   1   4  1  0  1   1  0  1   5   3   2   7  11   4    8    2   0   0   1   0
     Jg3   232   1   2   1   1   0   1   0   0   0   0   1   1   0   0  1  0  1   0  1  0   2   2   0   7  11   4    4    2   0   1   0   0
     Ka1   232   0   0   0   0   0   0   0   0   0   0   0   0   0   0  0  3  3   0  0  0   0   0   0   7  11   4    0    0   0   0   0   0
    Kf10   232   0   0   0   0   0   0   0   0   0   0   0   0   0   0  0  0  0   0  0  0   0   0   0   7  11   4    1    1   0   0   0   0
     Hg4   121   1   2   0   0   1   2   0   0   0   0   0   0   0   0  0  0  0   0  1  0   3   0   0   4   6   2    3    1   1   0   0   0
Ge8      DNP-CD
