Year:11 Game:27 Type:RS KEN@WIL
Kendal CTime FGM FGA 2PM 2PA 3PM 3PA FTM FTA PBM PBA InM InA 2JM 2JA OR DF TR Ast FC FD Pts InP 2CP +/- TPF TPA Tchs Pass IFC PFC IFD PFD
STARTERS
   Da1  1451   0   4   0   3   0   1   3   4   0   1   0   3   0   0  2  2  4   0  1  2   3   1   0 -31  44  75    8    2   1   0   1   1
   Ge2  1451   3  11   3   9   0   2   0   0   0   0   2   4   1   5  1  2  3   1  1  0   6   4   0 -31  44  75   13    2   0   1   0   0
   Gj1  1451   7  11   3   6   4   5   1   2   1   1   2   5   1   1  1  2  3   5  1  1  19   4   2 -31  44  75   24   12   0   1   0   1
   Jc7   898   2   3   2   2   0   1   0   2   0   0   2   2   0   0  0  3  3   0  3  1   4   4   0  -9  33  42    5    1   2   1   1   0
   Eh1   851   0   6   0   1   0   5   2   3   0   0   0   0   0   1  0  0  0   0  0  1   2   0   0 -23  25  48   10    3   0   0   0   1
BENCH
   Ka8  1366   4  12   4  12   0   0   0   2   1   2   4  10   0   2  5  7 12   0  1  1   8   8   2 -16  44  60   13    0   1   0   1   0
   Ej4   949   2   9   0   2   2   7   0   0   0   0   0   1   0   1  0  0  0   1  2  0   6   0   3  -6  35  41   16    7   2   0   0   0
   Hb1   949   1   6   0   3   1   3   9  10   0   0   0   2   0   1  1  2  3   0  1  4  12   4   5  -3  35  38   10    0   1   0   2   2
   Kg9   949   1   5   1   3   0   2   2   2   1   1   1   1   0   2  1  1  2   1  0  1   4   4   2  -3  35  38    8    2   0   0   1   0
   Ff2   906   5   7   2   4   3   3   0   0   1   2   1   2   1   2  3  1  4   0  2  0  13   2   2 -10  29  39    8    1   2   0   0   0
   Ii6   779   1   5   1   4   0   1   0   0   0   0   1   3   0   1  0  3  3   4  1  0   2   2   0  -7  27  34   17   12   1   0   0   0
Ga11   DNP-Injured
Jc3    DNP-Injured
Wilson CTime FGM FGA 2PM 2PA 3PM 3PA FTM FTA PBM PBA InM InA 2JM 2JA OR DF TR Ast FC FD Pts InP 2CP +/- TPF TPA Tchs Pass IFC PFC IFD PFD
STARTERS
   Ei5  1451   7   8   6   7   1   1   0   0   0   0   4   5   2   2  1  3  4   7  1  0  15   8   2  31  75  44   17    9   0   1   0   0
   Gi3  1451   7  10   6   7   1   3   5   5   0   0   4   4   2   3  0  0  0   5  2  2  20  10   0  31  75  44   26   14   1   1   1   1
   Hc5  1451   5  10   5  10   0   0   2   2   0   0   3   6   2   4  1 10 11   1  0  1  12   8   0  31  75  44   12    1   0   0   1   0
   He2  1451   2   4   1   2   1   2   2   3   0   0   0   1   1   1  1  7  8   0  0  1   7   0   0  31  75  44    5    0   0   0   0   1
   Ic4  1380   7   9   7   9   0   0   5   8   1   1   7   9   0   0  1  5  6   0  3  4  19  19   2  24  71  47   15    2   2   1   4   0
BENCH
   Ka4  1115   7  11   7  11   0   0   5   6   1   1   7  10   0   1  1  6  7   1  0  3  19  19   4   7  44  37   16    2   0   0   3   0
   Hf1   949   0   2   0   1   0   1   2   3   0   0   0   0   0   1  0  1  1   0  1  1   2   0   0   3  38  35    4    1   1   0   0   1
   Ea2   854   4   8   4   8   0   0   0   0   0   0   4   6   0   2  2  3  5   0  2  0   8   8   0   6  36  30    8    0   2   0   0   0
   Fj6   579   1   4   0   2   1   2   2   2   0   0   0   1   0   1  1  2  3   1  1  1   5   2   0  -4  22  26    9    4   0   1   1   0
   Jg6   579   0   0   0   0   0   0   0   0   0   0   0   0   0   0  0  1  1   1  1  0   0   0   0  -4  22  26    3    3   0   1   0   0
   Jh6   370   1   2   0   1   1   1   0   0   0   0   0   1   0   0  1  3  4   0  0  0   3   0   0   7  16   9    3    1   0   0   0   0
   Kh2   370   1   3   0   1   1   2   0   0   0   0   0   0   0   1  0  0  0   0  0  0   3   0   0   7  16   9    5    2   0   0   0   0
Ee3    DNP-CD
