Year:11 Game:57 Type:RS QUE@CRO
Queens CTime FGM FGA 2PM 2PA 3PM 3PA FTM FTA PBM PBA InM InA 2JM 2JA OR DF TR Ast FC FD Pts InP 2CP +/- TPF TPA Tchs Pass IFC PFC IFD PFD
STARTERS
   Dg3  1800   8  12   5   7   3   5   6   6   0   0   1   3   4   4  1  1  2   6  0  2  25   2   2  33  87  54   25   11   0   0   0   2
   Fa7  1800   1   5   1   5   0   0   5   6   0   0   1   3   0   2  5 13 18   0  0  3   7   7   2  33  87  54    8    0   0   0   3   0
   Ej5  1584   6  14   3   9   3   5   6   6   0   0   1   6   2   3  0  2  2  11  1  2  21   2   3  33  77  44   33   17   0   1   0   2
   Ga5  1584   3   7   2   5   1   2   3   4   1   1   2   4   0   1  2 10 12   0  0  2  10   6   2  33  77  44    9    0   0   0   1   1
   Ie9  1584   8  10   8  10   0   0   2   2   0   0   5   7   3   3  1  4  5   1  2  1  18  12   4  33  77  44   13    2   0   2   1   0
BENCH
   He5   816   1   1   0   0   1   1   4   6   0   0   0   0   0   0  0  2  2   0  1  3   7   2   2   1  33  32    4    0   0   1   2   1
   Jc4   816   5   7   5   7   0   0   4   6   1   1   2   4   3   3  2  3  5   1  0  3  14   6   4   1  33  32   11    1   0   0   2   1
  Kj10   816   2   3   2   2   0   1   0   0   0   0   0   0   2   2  1  0  1   2  2  0   4   0   0   1  33  32    9    6   1   1   0   0
   Ia2   600   2   7   2   7   0   0   0   0   1   1   1   3   1   4  1  2  3   1  0  0   4   2   2   1  23  22    8    1   0   0   0   0
   Jg1   600   0   1   0   0   0   1   0   0   0   0   0   0   0   0  1  0  1   0  1  0   0   0   0   1  23  22    2    1   0   1   0   0
Ec2    DNP-CD
Hi3    DNP-CD
Ih4    DNP-Injured
Cromwell CTime FGM FGA 2PM 2PA 3PM 3PA FTM FTA PBM PBA InM InA 2JM 2JA OR DF TR Ast FC FD Pts InP 2CP +/- TPF TPA Tchs Pass IFC PFC IFD PFD
STARTERS
    Kc11  2400   6  16   6  14   0   2   0   0   0   0   4   7   2   7  2  5  7   1  2  0  12   8   2 -34  76 110   17    1   2   0   0   0
     Ia3  1584   2   7   2   7   0   0   0   0   0   0   1   4   1   3  3  3  6   1  2  0   4   2   0 -33  44  77    8    1   1   1   0   0
     Fj3  1208   3  11   1   4   2   7   6   6   0   0   1   3   0   1  1  2  3   1  1  2  14   2   6 -30  29  59   20    7   0   1   0   2
     If1   984   2   7   0   2   2   5   0   0   0   0   0   0   0   2  1  2  3   1  0  0   6   0   0 -30  21  51   11    4   0   0   0   0
     Ji7   206   1   4   1   3   0   1   0   0   0   0   0   1   1   2  0  0  0   0  4  0   2   0   0  -5   2   7    6    2   3   1   0   0
BENCH
     Fi3  1970   7  15   5  12   2   3   0   0   0   0   1   3   4   9  1  1  2   8  3  0  16   2   4 -29  66  95   42   27   0   3   0   0
    He10  1416   2   7   2   7   0   0   5   5   1   2   2   3   0   4  3  2  5   0  2  2   9   4   2  -4  55  59   11    2   2   0   0   2
     Jc5   816   3   5   3   5   0   0   1   2   0   0   2   3   1   2  1  3  4   3  1  1   7   5   2  -1  32  33    9    3   1   0   1   0
     Kf2   816   1   2   1   1   0   1   4   5   0   0   1   1   0   0  1  1  2   0  1  2   6   2   0  -1  32  33    5    1   0   1   0   2
     Eg6   600   0   1   0   0   0   1   0   0   0   0   0   0   0   0  0  0  0   1  0  0   0   0   0  -3  23  26    2    1   0   0   0   0
Ie8      DNP-Injured
Ja3      DNP-Injured
