Year:11 Game:2 Type:RS RAY@LAT
Rays CTime FGM FGA 2PM 2PA 3PM 3PA FTM FTA PBM PBA InM InA 2JM 2JA OR DF TR Ast FC FD Pts InP 2CP +/- TPF TPA Tchs Pass IFC PFC IFD PFD
STARTERS
 Gc7  2400  11  14  10  11   1   3   1   2   0   0   8   8   2   3  3 12 15   2  2  1  24  17   6  -8  99 107   21    6   1   1   1   0
 Dj3  1819   1  11   0   2   1   9   4   6   0   0   0   0   0   2  1  2  3   8  1  2   7   0   2  -9  77  86   26   13   0   1   0   2
 Cg1  1800   5  14   4   9   1   5   0   0   0   0   1   4   3   5  0  3  3   4  0  0  11   2   0  -5  77  82   30   16   0   0   0   0
 Ge7  1608   8  13   6  11   2   2   2   2   1   1   4   6   2   5  1  3  4   0  4  1  20  10   2   1  74  73   14    0   2   2   1   0
 Ja6   907   5   7   5   7   0   0   0   0   0   0   4   5   1   2  1  3  4   1  3  0  10   8   0   6  42  36    8    1   3   0   0   0
BENCH
 Fd1   979   2   7   2   4   0   3   3   3   0   0   1   2   1   2  2  4  6   0  1  1   7   2   0 -10  32  42    9    1   1   0   0   1
 Fa3   893   3   5   3   5   0   0   1   2   0   0   1   2   2   3  2  2  4   0  3  1   7   3   0 -11  35  46    6    0   2   1   1   0
 Ig2   600   3   4   2   3   1   1   2   3   0   0   1   2   1   1  1  1  2   2  0  1   9   2   2  -3  22  25    8    3   0   0   0   1
 Jj3   581   0   3   0   0   0   3   0   0   0   0   0   0   0   0  0  0  0   2  4  0   0   0   0   1  22  21   10    7   1   3   0   0
 Hf2   413   2   4   2   2   0   2   0   0   0   0   0   0   2   2  0  1  1   1  1  0   4   0   0  -2  15  17    5    1   1   0   0   0
Ea6  DNP-CD
Ka7  DNP-CD
Ki12 DNP-CD
Latymer CTime FGM FGA 2PM 2PA 3PM 3PA FTM FTA PBM PBA InM InA 2JM 2JA OR DF TR Ast FC FD Pts InP 2CP +/- TPF TPA Tchs Pass IFC PFC IFD PFD
STARTERS
    Ga4  2400   9  15   8  14   1   1  13  16   0   0   6   8   2   6  5  9 14   0  1  8  32  24   4   8 107  99   23    0   1   0   7   1
    Ii1  2400   4  12   2   4   2   8   0   0   0   0   2   3   0   1  0  2  2  15  0  0  10   4   0   8 107  99   40   28   0   0   0   0
    Eg3  2381   9  18   7  14   2   4  12  17   1   1   4   9   3   5  2  9 11   4  2  7  32  11   5   4 103  99   40   15   0   2   3   4
    Gi6  2381   4  12   3   8   1   4   3   4   1   1   2   3   1   5  2  2  4   1  0  2  12   4   2   4 103  99   18    4   0   0   0   2
    Ia7  1374   7  10   7  10   0   0   1   2   1   1   6   8   1   2  1  5  6   1  4  1  15  13   4   1  60  59   12    1   2   2   1   0
BENCH
    Ja1   991   2   5   2   5   0   0   0   0   0   0   2   3   0   2  3  6  9   1  0  0   4   4   0   5  43  38    6    1   0   0   0   0
    Ee6    35   0   0   0   0   0   0   0   0   0   0   0   0   0   0  0  0  0   0  0  0   0   0   0   2   4   2    0    0   0   0   0   0
    Ji1    19   0   0   0   0   0   0   0   0   0   0   0   0   0   0  0  0  0   0  0  0   0   0   0   4   4   0    0    0   0   0   0   0
    Ki2    19   0   0   0   0   0   0   2   2   0   0   0   0   0   0  0  0  0   0  0  1   2   0   2   4   4   0    1    0   0   0   0   1
Ce2     DNP-CD
Df2     DNP-CD
Ia6     DNP-CD
Ka2     DNP-CD
