Player Game Type Opp.     Result OT St CTime FGM FGA 2PM 2PA 3PM 3PA FTM FTA PBM PBA InM InA 2JM 2JA OR DF TR Ast FC FD Pts InP 2CP +/- TPF TPA Tchs Pass IFC PFC IFD PFD CS
   Gi3    3   RS vBRE   W(93-74)  0  1  2148   9  19   8  12   1   7   0   0   2   2   3   5   5   7  4  8 12   8  2  0  19   6   6  18  85  67   35   16   1   1   0   0  A
   He2    3   RS vBRE   W(93-74)  0  1   601   3   4   3   3   0   1   2   2   0   0   2   2   1   1  0  0  0   0  3  1   8   6   0   0  20  20    5    0   2   1   1   0  A
   Hc5    3   RS vBRE   W(93-74)  0  0     0   0   0   0   0   0   0   0   0   0   0   0   0   0   0  0  0  0   0  0  0   0   0   0   0   0   0    0    0   0   0   0   0  I
   Hf1    3   RS vBRE   W(93-74)  0  0     0   0   0   0   0   0   0   0   0   0   0   0   0   0   0  0  0  0   0  0  0   0   0   0   0   0   0    0    0   0   0   0   0  I
   Kh2    3   RS vBRE   W(93-74)  0  0   252   2   4   1   2   1   2   0   0   0   0   0   0   1   2  0  0  0   0  0  0   5   0   3   1   8   7    4    0   0   0   0   0  A
   Jh6    3   RS vBRE   W(93-74)  0  0   252   0   1   0   0   0   1   0   0   0   0   0   0   0   0  0  0  0   1  0  0   0   0   0   1   8   7    3    2   0   0   0   0  A
   Ee3    3   RS vBRE   W(93-74)  0  0     0   0   0   0   0   0   0   0   0   0   0   0   0   0   0  0  0  0   0  0  0   0   0   0   0   0   0    0    0   0   0   0   0  A
   Ka4    3   RS vBRE   W(93-74)  0  0  1066   2   6   2   6   0   0   1   4   0   1   1   5   1   1  1  2  3   0  0  2   5   3   0   7  41  34    9    1   0   0   2   0  A
   Ei5    3   RS vBRE   W(93-74)  0  0  1547   5   6   4   5   1   1   1   5   0   0   2   3   2   2  1  2  3   5  1  2  12   4   0  18  65  47   19   11   0   1   0   2  A
   Ea2    3   RS vBRE   W(93-74)  0  1  1334   3   5   3   5   0   0   6   6   0   0   2   2   1   3  3  2  5   0  3  3  12   8   0  12  52  40    9    1   3   0   2   1  A
   Fj6    3   RS vBRE   W(93-74)  0  0   252   0   0   0   0   0   0   0   0   0   0   0   0   0   0  1  3  4   1  0  0   0   0   0   1   8   7    4    4   0   0   0   0  A
   Jg6    3   RS vBRE   W(93-74)  0  1  2148   5  14   4  11   1   3   4   4   0   0   2   7   2   4  0  8  8   4  2  2  15   8   2  18  85  67   24    8   1   1   2   0  A
   Ic4    3   RS vBRE   W(93-74)  0  1  2400   6  11   6  10   0   1   5   6   0   0   6   9   0   1  3 11 14   1  1  3  17  17   4  19  93  74   16    2   0   1   3   0  A
   Jg6   11   RS vCRO  W(110-95)  0  1  1463   4   9   4   8   0   1   0   0   0   0   1   4   3   4  0  6  6   3  1  0   8   2   2   3  63  60   14    5   1   0   0   0  A
   Hc5   11   RS vCRO  W(110-95)  0  1  2400  11  17  11  17   0   0   4   4   0   2   8  14   3   3  2  5  7   1  0  2  26  20   4  15 110  95   21    2   0   0   2   0  A
   Ee3   11   RS vCRO  W(110-95)  0  0     0   0   0   0   0   0   0   0   0   0   0   0   0   0   0  0  0  0   0  0  0   0   0   0   0   0   0    0    0   0   0   0   0  A
   Ei5   11   RS vCRO  W(110-95)  0  0   937   4   6   2   3   2   3   0   0   0   0   1   1   1   2  0  6  6   3  0  0  10   2   2  12  47  35   12    6   0   0   0   0  A
   Ka4   11   RS vCRO  W(110-95)  0  0     0   0   0   0   0   0   0   0   0   0   0   0   0   0   0  0  0  0   0  0  0   0   0   0   0   0   0    0    0   0   0   0   0  A
   Fj6   11   RS vCRO  W(110-95)  0  0     0   0   0   0   0   0   0   0   0   0   0   0   0   0   0  0  0  0   0  0  0   0   0   0   0   0   0    0    0   0   0   0   0  A
   Gi3   11   RS vCRO  W(110-95)  0  1  2400  10  19   7  15   3   4   2   2   0   0   2   4   5  11  1  3  4  18  1  1  25   4   0  15 110  95   50   30   0   1   0   1  A
   Jh6   11   RS vCRO  W(110-95)  0  0     0   0   0   0   0   0   0   0   0   0   0   0   0   0   0  0  0  0   0  0  0   0   0   0   0   0   0    0    0   0   0   0   0  A
   He2   11   RS vCRO  W(110-95)  0  0  1800   8  10   6   8   2   2   3   3   0   0   2   2   4   6  1  2  3   1  0  1  21   4   0  18  88  70   12    1   0   0   0   1  A
   Hf1   11   RS vCRO  W(110-95)  0  1   600   2   7   1   3   1   4   0   0   0   1   0   2   1   1  2  1  3   1  0  0   5   0   0  -3  22  25    8    1   0   0   0   0  A
   Ea2   11   RS vCRO  W(110-95)  0  0     0   0   0   0   0   0   0   0   0   0   0   0   0   0   0  0  0  0   0  0  0   0   0   0   0   0   0    0    0   0   0   0   0  A
   Ic4   11   RS vCRO  W(110-95)  0  1  2400   6  12   6  11   0   1   3   4   0   0   6  11   0   0  4 10 14   0  2  2  15  15   0  15 110  95   14    0   2   0   2   0  A
   Kh2   11   RS vCRO  W(110-95)  0  0     0   0   0   0   0   0   0   0   0   0   0   0   0   0   0  0  0  0   0  0  0   0   0   0   0   0   0    0    0   0   0   0   0  A
   Gi3   13   RS @BRE  L(99-111)  0  1  2400   7  14   5  10   2   4   4   5   0   0   2   2   3   8  2  1  3   9  2  2  20   4   5 -12  99 111   40   24   0   2   0   2  A
   He2   13   RS @BRE  L(99-111)  0  0  1128   1   5   1   5   0   0   2   3   0   0   0   3   1   2  1  3  4   0  0  1   4   0   0  -3  47  50    6    0   0   0   0   1  A
   Hc5   13   RS @BRE  L(99-111)  0  0     0   0   0   0   0   0   0   0   0   0   0   0   0   0   0  0  0  0   0  0  0   0   0   0   0   0   0    0    0   0   0   0   0  I
   Hf1   13   RS @BRE  L(99-111)  0  1   657   1   4   1   4   0   0   1   2   0   0   0   1   1   3  0  1  1   1  4  1   3   0   1 -10  28  38    7    2   3   1   0   1  A
   Kh2   13   RS @BRE  L(99-111)  0  0     0   0   0   0   0   0   0   0   0   0   0   0   0   0   0  0  0  0   0  0  0   0   0   0   0   0   0    0    0   0   0   0   0  A
   Jh6   13   RS @BRE  L(99-111)  0  0     0   0   0   0   0   0   0   0   0   0   0   0   0   0   0  0  0  0   0  0  0   0   0   0   0   0   0    0    0   0   0   0   0  A
   Ee3   13   RS @BRE  L(99-111)  0  0   615   1   1   1   1   0   0   0   0   0   0   1   1   0   0  1  2  3   2  1  0   2   2   0   1  24  23    5    4   1   0   0   0  A
   Ka4   13   RS @BRE  L(99-111)  0  0   705   0   2   0   2   0   0   2   2   0   0   0   2   0   0  2  0  2   2  0  1   2   2   0  -3  29  32    5    2   0   0   1   0  A
   Ei5   13   RS @BRE  L(99-111)  0  0     0   0   0   0   0   0   0   0   0   0   0   0   0   0   0  0  0  0   0  0  0   0   0   0   0   0   0    0    0   0   0   0   0  A
   Ea2   13   RS @BRE  L(99-111)  0  1  1695   8  14   8  13   0   1   0   0   1   1   6   9   2   4  4  6 10   3  3  0  16  12   4  -9  70  79   18    4   3   0   0   0  A
   Fj6   13   RS @BRE  L(99-111)  0  0     0   0   0   0   0   0   0   0   0   0   0   0   0   0   0  0  0  0   0  0  0   0   0   0   0   0   0    0    0   0   0   0   0  A
   Jg6   13   RS @BRE  L(99-111)  0  1  2400  14  24  14  24   0   0   2   2   1   2   9  14   5  10  3  4  7   5  1  1  30  20  10 -12  99 111   35   10   0   1   1   0  A
   Ic4   13   RS @BRE  L(99-111)  0  1  2400   9  15   9  15   0   0   4   4   0   0   9  15   0   0  1  7  8   0  0  2  22  22   2 -12  99 111   17    0   0   0   2   0  A
   Gi3   15   RS @QUE  W(101-89)  0  1  1807   3   9   3   8   0   1   1   3   0   0   1   2   2   6  0  2  2  10  2  1   7   2   2  13  76  63   32   22   1   1   0   1  A
   He2   15   RS @QUE  W(101-89)  0  1  1674   4  12   3   6   1   6   3   5   0   1   1   4   2   2  3  7 10   1  1  2  12   2   2   6  68  62   15    1   1   0   0   2  A
   Hc5   15   RS @QUE  W(101-89)  0  1  2400   6  13   6  13   0   0   7   8   0   0   4   9   2   4  2  7  9   2  1  4  19  15   0  12 101  89   21    4   1   0   4   0  A
   Hf1   15   RS @QUE  W(101-89)  0  0   726   2   4   1   2   1   2   0   0   1   1   1   2   0   0  1  1  2   0  1  0   5   2   2   6  33  27    5    1   0   1   0   0  A
   Kh2   15   RS @QUE  W(101-89)  0  0   179   0   0   0   0   0   0   0   0   0   0   0   0   0   0  0  0  0   0  0  0   0   0   0  -3   7  10    0    0   0   0   0   0  A
   Jh6   15   RS @QUE  W(101-89)  0  0     0   0   0   0   0   0   0   0   0   0   0   0   0   0   0  0  0  0   0  0  0   0   0   0   0   0   0    0    0   0   0   0   0  A
   Ee3   15   RS @QUE  W(101-89)  0  0     0   0   0   0   0   0   0   0   0   0   0   0   0   0   0  0  0  0   0  0  0   0   0   0   0   0   0    0    0   0   0   0   0  A
   Ka4   15   RS @QUE  W(101-89)  0  0     0   0   0   0   0   0   0   0   0   0   0   0   0   0   0  0  0  0   0  0  0   0   0   0   0   0   0    0    0   0   0   0   0  I
   Ei5   15   RS @QUE  W(101-89)  0  1  2035  12  18   9  11   3   7   0   0   2   2   5   6   4   5  2  5  7   6  0  0  27  10   4  22  92  70   33   15   0   0   0   0  A
   Ea2   15   RS @QUE  W(101-89)  0  0     0   0   0   0   0   0   0   0   0   0   0   0   0   0   0  0  0  0   0  0  0   0   0   0   0   0   0    0    0   0   0   0   0  A
   Fj6   15   RS @QUE  W(101-89)  0  0   179   0   1   0   1   0   0   1   2   0   0   0   0   0   1  1  0  1   0  0  1   1   0   0  -3   7  10    4    2   0   0   0   1  A
   Jg6   15   RS @QUE  W(101-89)  0  0   600   2   7   1   6   1   1   0   0   0   0   0   3   1   3  1  1  2   0  0  0   5   0   0  -5  20  25    9    2   0   0   0   0  A
   Ic4   15   RS @QUE  W(101-89)  0  1  2400  10  16  10  16   0   0   5   6   0   1   9  15   1   1  4 11 15   0  2  3  25  23   2  12 101  89   20    1   2   0   3   0  A
   Gi3   19   RS vBRE L(107-108)  0  1  2400   8  12   8  11   0   1   7   7   2   2   4   4   4   7  3  2  5  14  1  3  23  12  11  -1 107 108   42   27   0   1   2   1  A
   He2   19   RS vBRE L(107-108)  0  1  2400   8  17   5  10   3   7   4   6   1   1   5   8   0   2  2  6  8   1  2  2  23  10   4  -1 107 108   21    2   1   1   0   2  A
   Hc5   19   RS vBRE L(107-108)  0  1   785   4  13   4  13   0   0   2   2   0   2   1   7   3   6  2  5  7   0  0  1  10   4   0   8  32  24   14    0   0   0   1   0  A
   Hf1   19   RS vBRE L(107-108)  0  0     0   0   0   0   0   0   0   0   0   0   0   0   0   0   0  0  0  0   0  0  0   0   0   0   0   0   0    0    0   0   0   0   0  A
   Kh2   19   RS vBRE L(107-108)  0  0     0   0   0   0   0   0   0   0   0   0   0   0   0   0   0  0  0  0   0  0  0   0   0   0   0   0   0    0    0   0   0   0   0  A
   Jh6   19   RS vBRE L(107-108)  0  0     0   0   0   0   0   0   0   0   0   0   0   0   0   0   0  0  0  0   0  0  0   0   0   0   0   0   0    0    0   0   0   0   0  A
   Ee3   19   RS vBRE L(107-108)  0  0   365   0   3   0   3   0   0   0   0   0   0   0   2   0   1  0  1  1   0  0  0   0   0   0 -12   7  19    5    2   0   0   0   0  A
   Ka4   19   RS vBRE L(107-108)  0  0   673   0   0   0   0   0   0   1   2   0   0   0   0   0   0  1  1  2   0  1  1   1   1   1  -5  31  36    2    1   0   1   1   0  A
   Ei5   19   RS vBRE L(107-108)  0  1  2400  10  15   5   7   5   8   0   0   1   1   3   4   2   3  5  2  7   4  2  0  25   6   2  -1 107 108   35   20   0   2   0   0  A
   Ea2   19   RS vBRE L(107-108)  0  0  2205   7  18   7  17   0   1   2   2   0   0   6  11   1   6  2  8 10   3  1  1  16  12   2   6 103  97   23    4   0   1   0   1  A
   Fj6   19   RS vBRE L(107-108)  0  0    30   0   0   0   0   0   0   0   0   0   0   0   0   0   0  0  0  0   0  3  0   0   0   0   7  12   5    0    0   0   3   0   0  A
   Jg6   19   RS vBRE L(107-108)  0  0     0   0   0   0   0   0   0   0   0   0   0   0   0   0   0  0  0  0   0  0  0   0   0   0   0   0   0    0    0   0   0   0   0  A
   Ic4   19   RS vBRE L(107-108)  0  1   742   4   5   4   5   0   0   1   2   0   0   4   5   0   0  0  4  4   0  3  1   9   9   0  -6  29  35    6    0   2   1   1   0  A
   Gi3   27   RS vKEN  W(113-79)  0  1  1451   7  10   6   7   1   3   5   5   0   0   4   4   2   3  0  0  0   5  2  2  20  10   0  31  75  44   26   14   1   1   1   1  A
   He2   27   RS vKEN  W(113-79)  0  1  1451   2   4   1   2   1   2   2   3   0   0   0   1   1   1  1  7  8   0  0  1   7   0   0  31  75  44    5    0   0   0   0   1  A
   Hc5   27   RS vKEN  W(113-79)  0  1  1451   5  10   5  10   0   0   2   2   0   0   3   6   2   4  1 10 11   1  0  1  12   8   0  31  75  44   12    1   0   0   1   0  A
   Hf1   27   RS vKEN  W(113-79)  0  0   949   0   2   0   1   0   1   2   3   0   0   0   0   0   1  0  1  1   0  1  1   2   0   0   3  38  35    4    1   1   0   0   1  A
   Kh2   27   RS vKEN  W(113-79)  0  0   370   1   3   0   1   1   2   0   0   0   0   0   0   0   1  0  0  0   0  0  0   3   0   0   7  16   9    5    2   0   0   0   0  A
   Jh6   27   RS vKEN  W(113-79)  0  0   370   1   2   0   1   1   1   0   0   0   0   0   1   0   0  1  3  4   0  0  0   3   0   0   7  16   9    3    1   0   0   0   0  A
   Ee3   27   RS vKEN  W(113-79)  0  0     0   0   0   0   0   0   0   0   0   0   0   0   0   0   0  0  0  0   0  0  0   0   0   0   0   0   0    0    0   0   0   0   0  A
   Ka4   27   RS vKEN  W(113-79)  0  0  1115   7  11   7  11   0   0   5   6   1   1   7  10   0   1  1  6  7   1  0  3  19  19   4   7  44  37   16    2   0   0   3   0  A
   Ei5   27   RS vKEN  W(113-79)  0  1  1451   7   8   6   7   1   1   0   0   0   0   4   5   2   2  1  3  4   7  1  0  15   8   2  31  75  44   17    9   0   1   0   0  A
   Ea2   27   RS vKEN  W(113-79)  0  0   854   4   8   4   8   0   0   0   0   0   0   4   6   0   2  2  3  5   0  2  0   8   8   0   6  36  30    8    0   2   0   0   0  A
   Fj6   27   RS vKEN  W(113-79)  0  0   579   1   4   0   2   1   2   2   2   0   0   0   1   0   1  1  2  3   1  1  1   5   2   0  -4  22  26    9    4   0   1   1   0  A
   Jg6   27   RS vKEN  W(113-79)  0  0   579   0   0   0   0   0   0   0   0   0   0   0   0   0   0  0  1  1   1  1  0   0   0   0  -4  22  26    3    3   0   1   0   0  A
   Ic4   27   RS vKEN  W(113-79)  0  1  1380   7   9   7   9   0   0   5   8   1   1   7   9   0   0  1  5  6   0  3  4  19  19   2  24  71  47   15    2   2   1   4   0  A
