Player Game Type Opp.     Result OT St CTime FGM FGA 2PM 2PA 3PM 3PA FTM FTA PBM PBA InM InA 2JM 2JA OR DF TR Ast FC FD Pts InP 2CP +/- TPF TPA Tchs Pass IFC PFC IFD PFD CS
   Fi3    1   RS vBRE  W(105-97)  0  0     0   0   0   0   0   0   0   0   0   0   0   0   0   0   0  0  0  0   0  0  0   0   0   0   0   0   0    0    0   0   0   0   0  A
   Kf2    1   RS vBRE  W(105-97)  0  0     0   0   0   0   0   0   0   0   0   0   0   0   0   0   0  0  0  0   0  0  0   0   0   0   0   0   0    0    0   0   0   0   0  A
   If1    1   RS vBRE  W(105-97)  0  0     0   0   0   0   0   0   0   0   0   0   0   0   0   0   0  0  0  0   0  0  0   0   0   0   0   0   0    0    0   0   0   0   0  A
  He10    1   RS vBRE  W(105-97)  0  1  2359  11  20  10  16   1   4   2   3   0   0   3   4   7  12  3  4  7   2  3  1  25   6   2   8 105  97   24    3   2   1   0   1  A
   Ie8    1   RS vBRE  W(105-97)  0  0     0   0   0   0   0   0   0   0   0   0   0   0   0   0   0  0  0  0   0  0  0   0   0   0   0   0   0    0    0   0   0   0   0  A
   Ja2    1   RS vBRE  W(105-97)  0  0     0   0   0   0   0   0   0   0   0   0   0   0   0   0   0  0  0  0   0  0  0   0   0   0   0   0   0    0    0   0   0   0   0  A
   Eg6    1   RS vBRE  W(105-97)  0  0    41   0   1   0   1   0   0   0   0   0   0   0   0   0   1  0  1  1   0  0  0   0   0   0   0   0   0    1    0   0   0   0   0  A
   Ja3    1   RS vBRE  W(105-97)  0  1  2081  10  15  10  15   0   0   7  10   2   2   8  10   2   5  3 10 13   0  2  5  27  23   4   5  88  83   20    0   2   0   5   0  A
  Kc11    1   RS vBRE  W(105-97)  0  1  2400   6  14   6  14   0   0   0   0   2   2   5  10   1   4  4  8 12   0  0  0  12  10   4   8 105  97   14    0   0   0   0   0  A
   Ji7    1   RS vBRE  W(105-97)  0  1  2400   6  12   5  10   1   2   0   0   0   1   2   6   3   4  3  1  4   9  0  0  13   4   2   8 105  97   33   21   0   0   0   0  A
   Jc5    1   RS vBRE  W(105-97)  0  0     0   0   0   0   0   0   0   0   0   0   0   0   0   0   0  0  0  0   0  0  0   0   0   0   0   0   0    0    0   0   0   0   0  A
   Fj3    1   RS vBRE  W(105-97)  0  1  2400   4   9   2   6   2   3  14  15   0   1   2   5   0   1  1  3  4  10  2  6  24   4   2   8 105  97   34   19   0   2   0   6  A
   Ia3    1   RS vBRE  W(105-97)  0  0   319   2   3   2   2   0   1   0   0   0   0   2   2   0   0  0  2  2   1  1  0   4   4   0   3  17  14    4    1   1   0   0   0  A
   Fi3    5   RS @BRE   L(70-94)  0  0   600   1   2   1   2   0   0   0   0   0   0   0   0   1   2  0  2  2   1  1  0   2   0   0   4  18  14    8    6   0   1   0   0  A
   Kf2    5   RS @BRE   L(70-94)  0  0     0   0   0   0   0   0   0   0   0   0   0   0   0   0   0  0  0  0   0  0  0   0   0   0   0   0   0    0    0   0   0   0   0  A
   If1    5   RS @BRE   L(70-94)  0  0   600   0   4   0   2   0   2   0   0   0   0   0   0   0   2  0  4  4   3  1  0   0   0   0   4  18  14   11    7   0   1   0   0  A
  He10    5   RS @BRE   L(70-94)  0  1   966   2   7   2   6   0   1   2   3   0   0   2   2   0   4  0  1  1   1  1  1   6   4   0 -21  29  50   10    2   0   1   0   1  A
   Ie8    5   RS @BRE   L(70-94)  0  0   834   2   7   2   7   0   0   0   0   1   1   2   5   0   2  2  2  4   0  1  0   4   4   2  -7  23  30    7    0   1   0   0   0  A
   Eg6    5   RS @BRE   L(70-94)  0  0  1800   3   7   2   5   1   2   2   2   0   0   0   1   2   4  2  6  8   1  1  1   9   2   0 -10  55  65    9    1   0   1   1   0  A
   Ja3    5   RS @BRE   L(70-94)  0  1  1800   7  12   7  12   0   0   5   6   1   1   6   8   1   4  3  6  9   1  1  3  19  16   6 -28  52  80   18    3   0   1   2   1  A
  Kc11    5   RS @BRE   L(70-94)  0  1  1344   6  16   6  16   0   0   2   2   0   0   5  10   1   6  0  4  4   0  1  1  14  12   0 -12  38  50   17    0   1   0   1   0  A
   Ji7    5   RS @BRE   L(70-94)  0  1  1800   3   7   2   5   1   2   1   2   0   0   0   0   2   5  3  0  3   9  0  1   8   1   2 -28  52  80   36   28   0   0   1   0  A
   Jc5    5   RS @BRE   L(70-94)  0  0   600   1   3   1   3   0   0   2   2   0   0   1   1   0   2  0  4  4   0  0  1   4   4   0   4  18  14    4    0   0   0   1   0  A
   Fj3    5   RS @BRE   L(70-94)  0  1   600   0   3   0   1   0   2   0   0   0   0   0   1   0   0  0  1  1   0  1  0   0   0   0 -14  15  29    6    3   0   1   0   0  A
   Ia3    5   RS @BRE   L(70-94)  0  0  1056   1   8   1   8   0   0   2   2   0   0   1   6   0   2  0  3  3   0  1  1   4   4   0 -12  32  44   10    1   0   1   1   0  A
   Ja3    9   RS vQUE   W(82-81)  0  1  2400   9  20   9  19   0   1   0   2   0   0   6   9   3  10  4  7 11   0  0  1  18  12   0   1  82  81   23    2   0   0   1   0  A
  He10    9   RS vQUE   W(82-81)  0  1  1750   4  13   4  12   0   1   0   0   1   1   1   3   3   9  3  5  8   2  2  0   8   2   2  -6  52  58   17    4   2   0   0   0  A
   Fi3    9   RS vQUE   W(82-81)  0  0     0   0   0   0   0   0   0   0   0   0   0   0   0   0   0  0  0  0   0  0  0   0   0   0   0   0   0    0    0   0   0   0   0  A
  Kc11    9   RS vQUE   W(82-81)  0  0     0   0   0   0   0   0   0   0   0   0   0   0   0   0   0  0  0  0   0  0  0   0   0   0   0   0   0    0    0   0   0   0   0  A
   Ie8    9   RS vQUE   W(82-81)  0  0   650   4   5   4   4   0   1   2   4   0   0   3   3   1   1  0  2  2   0  0  2  10   8   2   7  30  23    7    0   0   0   2   0  A
   Jc5    9   RS vQUE   W(82-81)  0  1  2381   7  15   7  15   0   0   2   2   1   1   7  10   0   5  6  8 14   1  2  1  16  14   4   1  82  81   17    1   2   0   0   1  A
   If1    9   RS vQUE   W(82-81)  0  0   460   3   5   1   1   2   4   0   0   0   0   0   0   1   1  0  0  0   1  0  0   8   0   0   3  18  15   10    5   0   0   0   0  A
   Kf2    9   RS vQUE   W(82-81)  0  0     0   0   0   0   0   0   0   0   0   0   0   0   0   0   0  0  0  0   0  0  0   0   0   0   0   0   0    0    0   0   0   0   0  A
   Ia3    9   RS vQUE   W(82-81)  0  0    19   0   0   0   0   0   0   0   0   0   0   0   0   0   0  0  1  1   0  0  0   0   0   0   0   0   0    0    0   0   0   0   0  A
   Fj3    9   RS vQUE   W(82-81)  0  1  1131   2  12   0   8   2   4   2   2   0   0   0   4   0   4  0  1  1   2  0  1   8   2   3  -6  34  40   17    4   0   0   1   0  A
   Eg6    9   RS vQUE   W(82-81)  0  0   809   3   6   3   6   0   0   0   0   0   1   1   2   2   4  1  5  6   0  4  0   6   2   4   4  30  26    6    0   3   1   0   0  A
   Ji7    9   RS vQUE   W(82-81)  0  1  2400   4  11   4   7   0   4   0   0   0   0   2   3   2   4  3  8 11  17  1  0   8   4   2   1  82  81   47   36   0   1   0   0  A
   Ja3   11   RS @WIL  L(95-110)  0  1  1752   7  12   7  12   0   0   2   2   0   0   4   7   3   5  2  3  5   1  2  1  16  10   2 -20  63  83   18    5   2   0   1   0  A
  He10   11   RS @WIL  L(95-110)  0  0     0   0   0   0   0   0   0   0   0   0   0   0   0   0   0  0  0  0   0  0  0   0   0   0   0   0   0    0    0   0   0   0   0  A
   Fi3   11   RS @WIL  L(95-110)  0  0     0   0   0   0   0   0   0   0   0   0   0   0   0   0   0  0  0  0   0  0  0   0   0   0   0   0   0    0    0   0   0   0   0  A
  Kc11   11   RS @WIL  L(95-110)  0  1  2400   9  17   9  16   0   1   1   4   2   2   8  12   1   4  3  9 12   2  1  2  19  17   6 -15  95 110   21    2   1   0   2   0  A
   Ie8   11   RS @WIL  L(95-110)  0  1  2400   9  15   6  10   3   5   0   0   1   1   5   8   1   2  2  8 10   0  0  0  21  10   2 -15  95 110   16    1   0   0   0   0  A
   Jc5   11   RS @WIL  L(95-110)  0  0   648   3   5   3   5   0   0   0   0   0   0   1   2   2   3  1  1  2   0  0  0   6   2   0   5  32  27    5    0   0   0   0   0  A
   If1   11   RS @WIL  L(95-110)  0  0  1142   5   9   1   1   4   8   1   2   0   0   0   0   1   1  0  1  1   4  1  1  15   0   0  -5  49  54   14    4   1   0   0   1  A
   Kf2   11   RS @WIL  L(95-110)  0  0     0   0   0   0   0   0   0   0   0   0   0   0   0   0   0  0  0  0   0  0  0   0   0   0   0   0   0    0    0   0   0   0   0  A
   Ia3   11   RS @WIL  L(95-110)  0  0     0   0   0   0   0   0   0   0   0   0   0   0   0   0   0  0  0  0   0  0  0   0   0   0   0   0   0    0    0   0   0   0   0  A
   Fj3   11   RS @WIL  L(95-110)  0  0   414   0   3   0   1   0   2   0   0   0   0   0   1   0   0  0  0  0   2  0  0   0   0   0 -11  15  26    5    2   0   0   0   0  A
   Eg6   11   RS @WIL  L(95-110)  0  1   844   0   4   0   0   0   4   0   0   0   0   0   0   0   0  0  3  3   0  0  0   0   0   0   1  31  30    4    0   0   0   0   0  A
   Ji7   11   RS @WIL  L(95-110)  0  1  2400   8  17   6  13   2   4   0   0   0   0   3   6   3   7  1  1  2  18  2  0  18   6   0 -15  95 110   58   41   0   2   0   0  A
   Fi3   17   RS vBRE L(100-105)  0  1   645   5   9   3   5   2   4   0   0   0   0   1   2   2   3  0  0  0   3  1  0  12   2   3  -4  31  35   14    5   0   1   0   0  A
   Kf2   17   RS vBRE L(100-105)  0  0     0   0   0   0   0   0   0   0   0   0   0   0   0   0   0  0  0  0   0  0  0   0   0   0   0   0   0    0    0   0   0   0   0  A
   If1   17   RS vBRE L(100-105)  0  0   320   1   3   0   2   1   1   0   0   0   0   0   0   0   2  0  0  0   2  0  0   3   0   0  -1  15  16    5    2   0   0   0   0  A
  He10   17   RS vBRE L(100-105)  0  1  2400  10  15  10  14   0   1   4   6   0   0   3   4   7  10  3  4  7   2  3  3  24   6   2  -5 100 105   22    4   2   1   0   3  A
   Ie8   17   RS vBRE L(100-105)  0  0     0   0   0   0   0   0   0   0   0   0   0   0   0   0   0  0  0  0   0  0  0   0   0   0   0   0   0    0    0   0   0   0   0  I
   Eg6   17   RS vBRE L(100-105)  0  0   280   0   0   0   0   0   0   0   0   0   0   0   0   0   0  0  0  0   0  2  0   0   0   0  -2   7   9    0    0   1   1   0   0  A
   Ja3   17   RS vBRE L(100-105)  0  1  1800   4  15   4  15   0   0   3   4   0   0   4   9   0   6  1  7  8   0  1  2  11  11   4 -15  69  84   18    1   1   0   2   0  A
  Kc11   17   RS vBRE L(100-105)  0  1  2400  10  15  10  13   0   2   0   0   2   2   8  11   2   2  3  6  9   0  1  0  20  16   6  -5 100 105   15    0   0   1   0   0  A
   Ji7   17   RS vBRE L(100-105)  0  1  2201   3   7   3   7   0   0   0   0   0   1   1   4   2   3  3  9 12  11  3  0   6   2   0  -3  90  93   29   22   0   3   0   0  A
   Jc5   17   RS vBRE L(100-105)  0  0   600   3   6   3   6   0   0   0   0   0   0   2   4   1   2  1  0  1   1  1  0   6   4   0  10  31  21    7    1   0   1   0   0  A
   Fj3   17   RS vBRE L(100-105)  0  0  1354   6  14   3   8   3   6   3   3   0   0   0   2   3   6  0  3  3   4  0  1  18   0   0   0  57  57   23    8   0   0   0   1  A
   Ia3   17   RS vBRE L(100-105)  0  0     0   0   0   0   0   0   0   0   0   0   0   0   0   0   0  0  0  0   0  0  0   0   0   0   0   0   0    0    0   0   0   0   0  A
   Fi3   23   RS @QUE W(120-119)  1  1   380   0   1   0   0   0   1   0   0   0   0   0   0   0   0  1  0  1   2  0  0   0   0   0 -10   7  17    4    3   0   0   0   0  A
   Kf2   23   RS @QUE W(120-119)  1  0     4   0   0   0   0   0   0   0   0   0   0   0   0   0   0  0  0  0   0  0  0   0   0   0  -3   0   3    0    0   0   0   0   0  A
   If1   23   RS @QUE W(120-119)  1  0  1853   6  15   4  10   2   5   2   2   0   1   0   4   4   6  1  4  5   9  2  1  16   2   2   4  93  89   28   12   1   1   1   0  A
  He10   23   RS @QUE W(120-119)  1  1   847   1   6   1   5   0   1   0   0   0   0   0   1   1   4  2  6  8   0  0  0   2   0   0  -3  27  30    6    0   0   0   0   0  A
   Ie8   23   RS @QUE W(120-119)  1  0     0   0   0   0   0   0   0   0   0   0   0   0   0   0   0  0  0  0   0  0  0   0   0   0   0   0   0    0    0   0   0   0   0  I
   Eg6   23   RS @QUE W(120-119)  1  0   251   0   2   0   1   0   1   3   4   0   0   0   0   0   1  0  2  2   0  0  2   3   0   0 -10   9  19    4    0   0   0   0   2  A
   Ja3   23   RS @QUE W(120-119)  1  1  1136   7  12   7  12   0   0   1   2   1   2   6   8   1   4  2  1  3   0  3  1  15  13   4  -7  39  46   15    2   3   0   1   0  A
  Kc11   23   RS @QUE W(120-119)  1  1  2669  10  19  10  18   0   1   3   4   1   1  10  17   0   1  2 10 12   1  1  2  23  22   2   7 117 110   23    2   0   1   1   1  A
   Ji7   23   RS @QUE W(120-119)  1  1  2700   4  14   3  11   1   3   6   7   1   2   2   7   1   4  3  2  5  10  1  3  15   7   2   1 120 119   44   27   0   1   2   1  A
   Jc5   23   RS @QUE W(120-119)  1  0     0   0   0   0   0   0   0   0   0   0   0   0   0   0   0  0  0  0   0  0  0   0   0   0   0   0   0    0    0   0   0   0   0  A
   Fj3   23   RS @QUE W(120-119)  1  0  2100   9  11   6   7   3   4  15  17   1   1   2   2   4   5  2  3  5   5  0  6  36   6   5  15 107  92   28   11   0   0   1   5  A
   Ia3   23   RS @QUE W(120-119)  1  0  1560   5   9   5   7   0   2   0   0   0   0   4   6   1   1  5  6 11   1  0  0  10   8   4  11  81  70   10    1   0   0   0   0  A
   Fi3   25   RS vHAR  L(92-101)  0  0   418   1   2   1   2   0   0   0   0   0   0   0   0   1   2  0  0  0   2  0  0   2   0   0  -3  15  18    4    2   0   0   0   0  A
   Kf2   25   RS vHAR  L(92-101)  0  0     0   0   0   0   0   0   0   0   0   0   0   0   0   0   0  0  0  0   0  0  0   0   0   0   0   0   0    0    0   0   0   0   0  A
   If1   25   RS vHAR  L(92-101)  0  1   931   2   8   0   4   2   4   0   0   0   1   0   1   0   3  1  4  5   0  3  0   6   0   0  -7  35  42    9    1   2   1   0   0  A
  He10   25   RS vHAR  L(92-101)  0  0  1469   3   7   3   6   0   1   0   0   0   0   0   0   3   6  1  2  3   2  1  0   6   0   0  -2  57  59    9    2   0   1   0   0  A
   Ie8   25   RS vHAR  L(92-101)  0  0     0   0   0   0   0   0   0   0   0   0   0   0   0   0   0  0  0  0   0  0  0   0   0   0   0   0   0    0    0   0   0   0   0  I
   Eg6   25   RS vHAR  L(92-101)  0  0   158   0   0   0   0   0   0   2   2   0   0   0   0   0   0  1  0  1   1  0  1   2   2   2  -3   6   9    2    1   0   0   1   0  A
   Ja3   25   RS vHAR  L(92-101)  0  1  1826   6  12   6  12   0   0   1   2   0   0   4   6   2   6  0  7  7   0  4  1  13   9   4 -14  63  77   13    0   3   1   1   0  A
  Kc11   25   RS vHAR  L(92-101)  0  0     0   0   0   0   0   0   0   0   0   0   0   0   0   0   0  0  0  0   0  0  0   0   0   0   0   0   0    0    0   0   0   0   0  I
   Ji7   25   RS vHAR  L(92-101)  0  1  1891   4   6   4   5   0   1   2   4   0   0   2   2   2   3  0  2  2  10  4  2  10   5   0  -2  74  76   26   18   2   2   1   1  A
   Jc5   25   RS vHAR  L(92-101)  0  1  1833   1   9   1   8   0   1   0   2   0   0   1   5   0   3  4  5  9   0  1  1   2   2   0  -7  73  80   10    0   0   1   1   0  A
   Fj3   25   RS vHAR  L(92-101)  0  1  2333  11  21   5  11   6  10  12  13   0   0   3   6   2   5  1  4  5   4  1  5  40   8   3 -10  89  99   36   10   0   1   1   4  A
   Ia3   25   RS vHAR  L(92-101)  0  0  1141   5  10   4   8   1   2   0   0   1   1   3   4   1   4  2  4  6   2  3  0  11   6   5   3  48  45   17    7   2   1   0   0  A
   Fi3   33   RS vLAT   W(99-76)  0  0   405   1   1   1   1   0   0   0   0   0   0   1   1   0   0  0  1  1   2  0  0   2   2   0   1  15  14    8    7   0   0   0   0  A
   Kf2   33   RS vLAT   W(99-76)  0  0   405   0   3   0   2   0   1   5   5   0   0   0   2   0   0  0  1  1   0  0  2   5   0   0   1  15  14    5    0   0   0   0   2  A
   If1   33   RS vLAT   W(99-76)  0  1  1800   5  13   4   9   1   4   7   9   1   1   1   2   3   7  1  7  8   5  2  3  18   2   2  23  75  52   25    9   1   1   0   3  A
  He10   33   RS vLAT   W(99-76)  0  0   600   2   4   2   4   0   0   5   8   0   0   1   1   1   3  0  4  4   0  0  4   9   2   0   0  24  24    8    0   0   0   0   4  A
   Ie8   33   RS vLAT   W(99-76)  0  0     0   0   0   0   0   0   0   0   0   0   0   0   0   0   0  0  0  0   0  0  0   0   0   0   0   0   0    0    0   0   0   0   0  I
   Eg6   33   RS vLAT   W(99-76)  0  0   195   0   2   0   1   0   1   0   0   0   0   0   0   0   1  0  0  0   0  0  0   0   0   0  -1   9  10    3    1   0   0   0   0  A
   Ja3   33   RS vLAT   W(99-76)  0  1  1800   7  10   7  10   0   0   4   6   0   0   7   9   0   1  2  9 11   0  2  3  18  18   0  23  75  52   15    2   1   1   3   0  A
  Kc11   33   RS vLAT   W(99-76)  0  1  1331   5   7   5   7   0   0   0   0   2   2   5   7   0   0  3  3  6   0  3  0  10  10   6   3  53  50    7    0   3   0   0   0  A
   Ji7   33   RS vLAT   W(99-76)  0  1  1995   7  13   7  12   0   1   0   0   0   0   2   4   5   8  0  5  5  11  0  0  14   4   2  22  84  62   35   22   0   0   0   0  A
   Jc5   33   RS vLAT   W(99-76)  0  0   405   1   2   1   2   0   0   0   0   0   0   0   0   1   2  1  1  2   0  1  0   2   0   0   1  15  14    2    0   0   1   0   0  A
   Fj3   33   RS vLAT   W(99-76)  0  1  1800   4   9   3   6   1   3   4   5   0   0   0   1   3   5  2  2  4   3  0  2  13   0   0  23  75  52   18    7   0   0   0   2  A
   Ia3   33   RS vLAT   W(99-76)  0  0  1264   3   5   3   5   0   0   2   2   0   0   2   3   1   2  0  5  5   2  0  1   8   6   2  19  55  36    8    2   0   0   1   0  A
   Fi3   41   RS vWIL   W(77-74)  0  0     0   0   0   0   0   0   0   0   0   0   0   0   0   0   0  0  0  0   0  0  0   0   0   0   0   0   0    0    0   0   0   0   0  A
   Kf2   41   RS vWIL   W(77-74)  0  0     0   0   0   0   0   0   0   0   0   0   0   0   0   0   0  0  0  0   0  0  0   0   0   0   0   0   0    0    0   0   0   0   0  A
   If1   41   RS vWIL   W(77-74)  0  1  1286   1   6   0   4   1   2   2   2   0   0   0   2   0   2  2  1  3   2  3  1   5   2   5  -5  42  47   10    3   1   2   1   0  A
  He10   41   RS vWIL   W(77-74)  0  0   948   2   5   2   4   0   1   2   2   0   1   1   3   1   1  4  4  8   1  3  1   6   4   0   7  31  24    8    2   3   0   1   0  A
   Ie8   41   RS vWIL   W(77-74)  0  0     0   0   0   0   0   0   0   0   0   0   0   0   0   0   0  0  0  0   0  0  0   0   0   0   0   0   0    0    0   0   0   0   0  I
   Eg6   41   RS vWIL   W(77-74)  0  0  1471   5  10   4   6   1   4   3   4   0   0   2   2   2   4  1  8  9   1  0  2  14   7   3   6  42  36   13    1   0   0   2   0  A
   Ja3   41   RS vWIL   W(77-74)  0  1  2400  10  24   9  22   1   2   3   6   0   0   8  16   1   6  2  8 10   0  0  3  24  19   0   3  77  74   27    0   0   0   3   0  A
  Kc11   41   RS vWIL   W(77-74)  0  1  1736   4   8   4   8   0   0   0   0   0   0   1   2   3   6  3  7 10   0  3  0   8   2   0  -7  57  64    8    0   3   0   0   0  A
   Ji7   41   RS vWIL   W(77-74)  0  1  2400   6  12   5   8   1   4   2   2   0   0   4   5   1   3  0  2  2  10  1  1  15   8   5   3  77  74   42   29   1   0   0   1  A
   Jc5   41   RS vWIL   W(77-74)  0  0     0   0   0   0   0   0   0   0   0   0   0   0   0   0   0  0  0  0   0  0  0   0   0   0   0   0   0    0    0   0   0   0   0  A
   Fj3   41   RS vWIL   W(77-74)  0  1  1095   1   6   1   4   0   2   0   0   0   0   0   1   1   3  0  2  2   1  1  0   2   0   2  -2  39  41   10    4   0   1   0   0  A
   Ia3   41   RS vWIL   W(77-74)  0  0   664   0   4   0   4   0   0   3   4   0   0   0   1   0   3  1  5  6   0  1  2   3   3   2  10  20  10    7    1   1   0   2   0  A
   Fi3   43   RS @WIL W(111-101)  0  0     0   0   0   0   0   0   0   0   0   0   0   0   0   0   0  0  0  0   0  0  0   0   0   0   0   0   0    0    0   0   0   0   0  A
   Kf2   43   RS @WIL W(111-101)  0  0     0   0   0   0   0   0   0   0   0   0   0   0   0   0   0  0  0  0   0  0  0   0   0   0   0   0   0    0    0   0   0   0   0  A
   If1   43   RS @WIL W(111-101)  0  1  2400   9  16   5  10   4   6   3   5   0   0   1   1   4   9  0  6  6  11  1  2  25   2   0  10 111 101   35   17   0   1   0   2  A
  He10   43   RS @WIL W(111-101)  0  0     0   0   0   0   0   0   0   0   0   0   0   0   0   0   0  0  0  0   0  0  0   0   0   0   0   0   0    0    0   0   0   0   0  A
   Ie8   43   RS @WIL W(111-101)  0  0     0   0   0   0   0   0   0   0   0   0   0   0   0   0   0  0  0  0   0  0  0   0   0   0   0   0   0    0    0   0   0   0   0  I
   Eg6   43   RS @WIL W(111-101)  0  0   612   1   4   1   4   0   0   0   0   0   0   0   1   1   3  0  0  0   1  0  0   2   0   0 -11  22  33    5    1   0   0   0   0  A
   Ja3   43   RS @WIL W(111-101)  0  0     0   0   0   0   0   0   0   0   0   0   0   0   0   0   0  0  0  0   0  0  0   0   0   0   0   0   0    0    0   0   0   0   0  I
  Kc11   43   RS @WIL W(111-101)  0  1  2388  13  22  13  22   0   0   5   8   1   1  10  16   3   6  7  4 11   0  4  4  31  24   2  11 109  98   27    1   2   2   3   1  A
   Ji7   43   RS @WIL W(111-101)  0  1  2400   5  13   5  10   0   3   5   5   0   0   3   4   2   6  1  3  4  13  1  2  15   8   2  10 111 101   43   28   0   1   1   1  A
   Jc5   43   RS @WIL W(111-101)  0  0   902   4   4   4   4   0   0   0   0   1   1   4   4   0   0  2  2  4   0  1  0   8   8   2   3  47  44    4    0   1   0   0   0  A
   Fj3   43   RS @WIL W(111-101)  0  1  1800   6  14   2   8   4   6  10  11   0   1   1   4   1   4  1  6  7   2  3  4  26   2   0  20  91  71   21    3   1   2   0   4  A
   Ia3   43   RS @WIL W(111-101)  0  1  1498   2   7   2   7   0   0   0   0   0   1   2   5   0   2  1 10 11   0  0  0   4   4   0   7  64  57    8    1   0   0   0   0  A
   Fi3   49   RS vWIL   W(85-84)  0  0     0   0   0   0   0   0   0   0   0   0   0   0   0   0   0  0  0  0   0  0  0   0   0   0   0   0   0    0    0   0   0   0   0  A
   Kf2   49   RS vWIL   W(85-84)  0  0     0   0   0   0   0   0   0   0   0   0   0   0   0   0   0  0  0  0   0  0  0   0   0   0   0   0   0    0    0   0   0   0   0  A
   If1   49   RS vWIL   W(85-84)  0  1  1809   0   8   0   5   0   3   6   6   0   0   0   2   0   3  0  4  4   3  2  2   6   0   0  -3  56  59   19    9   2   0   0   2  A
  He10   49   RS vWIL   W(85-84)  0  0  1389   3   6   2   4   1   2   4   6   0   0   0   0   2   4  1  4  5   2  4  3  11   0   0   4  51  47   11    2   4   0   1   2  A
   Ie8   49   RS vWIL   W(85-84)  0  0     0   0   0   0   0   0   0   0   0   0   0   0   0   0   0  0  0  0   0  0  0   0   0   0   0   0   0    0    0   0   0   0   0  I
   Eg6   49   RS vWIL   W(85-84)  0  0   639   1   2   1   1   0   1   0   0   0   0   1   1   0   0  0  1  1   0  0  0   2   2   2  -4  25  29    3    1   0   0   0   0  A
   Ja3   49   RS vWIL   W(85-84)  0  0     0   0   0   0   0   0   0   0   0   0   0   0   0   0   0  0  0  0   0  0  0   0   0   0   0   0   0    0    0   0   0   0   0  I
  Kc11   49   RS vWIL   W(85-84)  0  0     0   0   0   0   0   0   0   0   0   0   0   0   0   0   0  0  0  0   0  0  0   0   0   0   0   0   0    0    0   0   0   0   0  I
   Ji7   49   RS vWIL   W(85-84)  0  1  2400   7  12   6  10   1   2   0   0   0   0   2   2   4   8  0  3  3   4  0  0  15   4   2   1  85  84   35   23   0   0   0   0  A
   Jc5   49   RS vWIL   W(85-84)  0  1  2400   7  19   7  19   0   0   2   2   0   0   3  10   4   9  2 13 15   1  2  1  16   8   2   1  85  84   22    2   2   0   1   0  A
   Fj3   49   RS vWIL   W(85-84)  0  1  2400   7  17   4  11   3   6  12  14   1   2   3   8   1   3  3  2  5   9  3  6  29   6   2   1  85  84   37   14   2   1   0   6  A
   Ia3   49   RS vWIL   W(85-84)  0  1   963   3   6   3   6   0   0   0   0   1   1   2   3   1   3  2  6  8   0  4  0   6   4   2   5  38  33    8    2   4   0   0   0  A
