Game Type Opp.     Result OT Ties LChgs FGM FGA 2PM 2PA 3PM 3PA FTM FTA PBM PBA InM InA 2JM 2JA OR DF TR Ast FC Pts InP 2CP Poss Tchs Pass IFC PFC BPts MaxL MUPt oFGM oFGA o2PM o2PA o3PM o3PA oFTM oFTA oPBM oPBA oInM oInA o2JM o2JA oOR oDF oTR oAst oFC oPts oInP o2CP oPoss oTchs oPass oIFC oPFC oBPts oMaxL oMUPt PeriodScores
   1   RS @CRO  L(97-105)  0   12    13  40  77  32  59   8  18   9  18   2   5  21  40  11  19 12 23 35  22 12  97  47  12   85  130   45   5   7   47    4    6   39   74   35   64    4   10   23   28    4    6   22   37   13   27  14  29  43   22   8  105   51   14    86   130    44    5    3     4    10    10 23-25,27-28,27-24,20-28
   3   RS @WIL   L(74-93)  0    3     5  28  70  23  49   5  21  13  27   0   1  19  36   4  13 12 26 38  19 13  74  47  11   82  131   49  10   3   31    3    6   35   70   31   54    4   16   19   27    2    3   18   33   13   21  13  36  49   20  12   93   52   15    83   128    45    7    5    22    19     6 17-23,23-26,18-18,16-26
   5   RS vCRO   W(94-70)  0    1     0  35  75  28  60   7  15  17  24   1   1  22  46   6  14 10 42 52  25  9  94  48  14   84  137   53   7   2   16   30   13   26   76   24   67    2    9   16   19    2    2   17   34    7   33  10  33  43   16   9   70   47   10    85   136    51    2    7    23     0    12 29-15,29-19,22-18,14-18
   7   RS @QUE  L(96-102)  0   15    16  31  75  21  50  10  25  24  32   0   3  17  39   4  11 14 26 40  18  9  96  45   8   89  137   48   6   3   29    9   13   40   75   33   64    7   11   15   18    1    2   18   35   15   29  10  33  43   18  14  102   45   13    84   126    42    8    6    24     8    10 31-24,18-25,23-24,24-29
  13   RS vWIL  W(111-99)  0    2     0  42  76  32  58  10  18  17  23   1   3  30  48   2  10 13 24 37  31  8 111  69  17   87  148   61   4   4    6   15    5   41   79   39   74    2    5   15   18    2    3   27   47   12   27  14  24  38   22  11   99   62   22    87   133    46    7    4     8     0     6 33-25,29-29,27-21,22-24
  17   RS @CRO W(105-100)  0    1     0  38  73  27  49  11  24  18  26   0   1  23  35   4  14  7 33 40  27  6 105  54   9   85  143   58   2   4   15   16    6   42   84   36   70    6   14   10   13    2    3   19   36   17   34  11  29  40   23  12  100   41   15    90   133    43    4    8    27     0     6 33-25,25-22,26-22,21-31
  19   RS @WIL W(108-107)  0    3     3  40  77  32  51   8  26  20  28   2   3  24  37   8  14 12 28 40  29  9 108  52  21   90  149   59   5   4   20   12    7   41   83   33   66    8   17   17   21    4    6   23   41   10   25  15  29  44   22  13  107   54   20    92   148    56    3   10    17    10    12 31-25,14-28,26-14,37-40
  21   RS vQUE  L(97-106)  0   10     9  34  75  28  53   6  22  23  37   2   2  22  38   6  15 19 24 43  20  8  97  61  20   93  150   57   4   4   13    7    7   42   74   35   57    7   17   15   18    0    0   22   30   13   27   9  30  39   34  18  106   49   13    82   135    53   13    5    30    10     9 29-24,22-34,28-22,18-26
  29   RS vLAT  W(109-87)  0    5     0  41  78  37  61   4  17  23  31   3   4  32  52   5   9 11 40 51  20 11 109  77  16   91  142   51   5   6   28   22   11   33   81   27   64    6   17   15   23    1    1   16   41   11   23  12  30  42   16  13   87   39   16    92   134    42    8    5    34     0     8 26-21,20-19,22-24,41-23
  30   RS @HAR   L(77-91)  0    0     0  32  74  27  55   5  19   8  12   0   1  23  45   4  10  7 30 37  14 12  77  51   9   80  113   33   4   8   38    0    8   32   72   27   58    5   14   22   26    1    3   17   34   10   24  12  37  49   17   6   91   39   11    84   126    42    4    2    46    20    15 16-20,17-27,19-21,25-23
  34   RS @LAT W(102-100)  0    1     4  40  76  35  61   5  15  17  23   2   4  28  46   7  15  9 29 38  27 14 102  65  12   87  139   52  10   4   11   17    8   34   77   28   66    6   11   26   31    3    6   18   42   10   24  15  31  46   18  11  100   52   13    91   138    47    6    5    35     1     8 33-25,25-28,23-25,21-22
  37   RS vRAY  L(86-111)  0    3     8  32  69  25  45   7  24  15  22   2   2  22  35   3  10  7 20 27  17  7  86  51  12   79  128   49   5   2   13    6    6   44   78   36   56    8   22   15   16    2    3   24   34   12   22  14  32  46   27  10  111   57   19    85   134    49    6    4    33    25     9 29-33,19-27,22-24,16-27
  40   RS @KEN   L(84-92)  0    2     2  33  86  26  57   7  29  11  16   2   6  21  45   5  12 20 33 53  21  8  84  49  18   94  145   51   3   5   22    7    9   35   73   27   50    8   23   14   18    1    1   14   27   13   23   7  33  40   14   8   92   32    4    81   115    34    6    2    11    11     8 15-23,26-15,17-22,26-32
  45   RS vWIL   L(81-82)  0    0     3  36  83  32  65   4  18   5  13   2   4  21  47  11  18 18 33 51  21  7  81  47  14   89  140   51   5   2   19   16    7   32   78   27   64    5   14   13   15    1    6   19   49    8   15  13  33  46   17   6   82   48   10    85   123    38    5    1    14     1     6 26-17,19-18,20-24,16-23
  47   RS @QUE   W(94-86)  0    4     7  34  81  25  57   9  24  17  23   1   2  21  46   4  11 12 41 53  21  8  94  48  17   92  143   51   7   1   11   10    8   35   81   30   67    5   14   11   16    0    0   23   46    7   21   9  38  47   24  11   86   56    7    89   147    58    3    8    14     5     7 28-24,21-23,21-16,24-23
  53   RS vQUE  L(86-101)  0    2     4  31  72  22  46   9  26  15  26   2   4  20  37   2   9 10 29 39  16  9  86  51  12   85  126   41   7   2   11    6    8   40   76   34   56    6   20   15   20    6    6   25   34    9   22  10  37  47   22  13  101   60   16    85   137    52   10    3    17    18    10 26-20,20-35,21-21,19-25
  61   RS vQUE   W(99-83)  0    4    11  38  66  29  45   9  21  14  24   2   3  24  33   5  12  6 33 39  18  8  99  60   8   77  114   37   6   2   12   16    8   33   77   27   62    6   15   11   17    2    4   20   36    7   26  13  27  40   18  11   83   47    8    85   132    47    9    2    10     4     7 26-24,21-16,25-26,27-17
  69   RS vRAY  W(106-75)  0    2     0  36  66  27  45   9  21  25  38   2   2  23  37   4   8  9 43 52  13  9 106  64  16   84  128   44   5   4   27   34   12   26   77   18   48    8   29   15   21    1    1   13   33    5   15  11  28  39    9  18   75   32    9    86   127    41   15    3    35     0     9 23-20,24-16,35-16,24-23
  77   RS vLAT  L(91-100)  0    0     0  36  81  33  55   3  26  16  20   2   2  29  44   4  11 14 27 41  25 14  91  66  12   90  154   64   5   9    9    0    5   35   72   29   58    6   14   24   31    3    3   22   35    7   23  12  33  45   17   9  100   51   15    86   131    45    6    3     0    11     7 24-31,27-25,19-19,21-25
  78   RS @HAR  L(78-105)  0    3     3  30  84  22  60   8  24  10  16   1   3  15  35   7  25 15 27 42  21 15  78  33  17   91  149   58   6   9   16   11    6   35   75   26   53    9   22   26   32    4    8   20   32    6   21  15  41  56   16   7  105   47   17    90   138    48    3    4    48    27     8 28-21,14-30,23-32,13-22
