Draft Pos Age YPro Team InPro 2JPro 3PPro InEff 2JEff 3PEff  OReb  DReb  BDom PassR PassE InDef PerDef  InFR PerFR FTEff GInj Updated
  5.7 PF1  26    6  QUE  61.0  35.0   4.0  98.0  85.0  68.0  42.0  82.0   3.0   3.0  45.0  57.0   49.0  63.0   4.0  71.0    0 Y11-D22-RSG5
  5.7 PF1  26    6  QUE  61.0  35.0   4.0  99.0  85.0  68.0  42.0  82.0   3.0   3.0  45.0  57.0   49.0  63.0   4.0  71.0    0 Y11-D24-RSG7
  5.7 PF1  26    6  QUE  61.0  35.0   4.0  99.0  85.0  68.0  42.0  82.0   3.0   3.0  45.0  57.0   49.0  63.0   5.8  71.0    0 Y11-D26-RSG9
  5.7 PF1  26    6  QUE  61.0  35.0   4.0  99.0  85.0  68.0  42.0  82.0   3.0   3.0  45.0  57.0   49.0  63.0   4.8  71.0    0 Y11-D33-RSG16
  5.7 PF1  26    6  QUE  61.0  35.0   4.0  99.0  85.0  68.0  42.0  82.0   3.0   3.0  45.0  57.0   49.0  63.0   5.8  71.0    0 Y11-D40-RSG23
  5.7 PF1  26    6  QUE  61.0  35.0   4.0  99.0  85.0  68.0  42.0  82.0   3.0   4.2  45.0  57.0   50.0  63.0   5.8  71.0    0 Y11-D45-RSG28
  5.7 PF1  26    6  QUE  60.9  35.1   4.0  99.0  85.0  68.0  42.0  82.0   3.0   4.2  45.0  57.0   50.0  63.0   5.8  71.0    0 Y11-D52-RSG35
  5.7 PF1  26    6  QUE  60.9  35.1   4.0  99.0  85.0  68.0  42.0  82.0   3.0   4.2  45.0  57.0   50.0  63.0   5.8  71.0    0 Y11-D56-RSG39
  5.7 PF1  26    6  QUE  60.9  35.1   4.0  98.0  85.0  68.0  42.0  82.0   3.0   4.2  45.0  57.0   50.0  63.0   5.8  71.0    0 Y11-D59-RSG42
  5.7 PF1  26    6  QUE  61.7  34.2   4.1  98.0  85.0  68.0  42.0  82.0   3.0   4.2  45.0  57.0   50.0  63.0   5.8  71.0    0 Y11-D64-RSG47
  5.7 PF1  26    6  QUE  61.5  34.1   4.4  98.0  85.0  68.0  42.0  82.0   3.0   4.2  45.0  57.0   50.0  63.0   5.8  71.0    0 Y11-D68-RSG51
  5.7 PF1  26    6  QUE  61.5  34.1   4.4  98.0  85.0  68.0  42.0  82.0   3.0   4.2  45.0  59.6   50.0  63.0   5.8  71.0    0 Y11-D70-RSG53
  5.7 PF1  26    6  QUE  61.5  34.1   4.4  98.0  85.0  68.0  42.0  82.0   3.0   4.2  45.0  59.6   50.0  63.0   5.8  70.0    0 Y11-D71-RSG54
  5.7 PF1  26    6  QUE  61.5  34.1   4.4  98.0  82.2  68.0  42.0  82.0   3.0   4.2  45.0  59.6   50.0  65.5   5.8  70.0    0 Y11-D72-RSG55
  5.7 PF1  26    6  QUE  61.2  34.0   4.8  98.0  82.2  68.0  42.0  82.0   3.0   4.2  45.0  59.6   50.0  65.5   5.8  70.0    0 Y11-D74-RSG57
  5.7 PF1  26    6  QUE  61.2  34.0   4.8  98.0  82.2  68.0  42.0  82.0   3.0   4.2  45.0  59.6   51.0  65.5   5.8  70.0    0 Y11-D80-RSG63
  5.7 PF1  26    6  QUE  61.2  34.0   4.8  98.0  82.2  68.0  41.0  82.0   3.0   4.2  45.0  58.6   51.0  65.5   5.8  70.0    0 Y11-D81-RSG64
  5.7 PF1  26    6  QUE  61.2  34.0   4.8  98.0  81.1  68.0  41.0  82.0   3.0   4.2  45.0  58.6   51.0  65.5   5.8  70.0    0 Y11-D82-RSG65
  5.7 PF1  26    6  QUE  61.2  34.0   4.8  96.4  81.1  68.0  41.0  82.0   3.0   4.2  45.0  58.6   51.0  65.5   5.8  70.0    3 Y11-D89-RSG72
  5.7 PF1  26    6  QUE  61.2  34.0   4.8  96.4  81.1  68.0  41.0  82.0   3.0   4.2  45.0  58.6   51.0  65.5   5.8  70.0    1 Y11-D90-RSG73
  5.7 PF1  26    6  QUE  60.9  34.3   4.8  96.4  81.1  66.0  41.0  82.0   3.0   4.2  45.0  58.6   51.0  65.5   5.8  70.0    0 Y11-D91-RSG74
  5.7 PF1  26    6  QUE  60.9  34.3   4.8  96.4  81.1  66.0  41.0  82.0   3.0   4.2  45.0  58.6   51.0  65.5   5.8  67.8    0 Y11-D93-RSG76
