Draft Pos Age YPro Team InPro 2JPro 3PPro InEff 2JEff 3PEff  OReb  DReb  BDom PassR PassE InDef PerDef  InFR PerFR FTEff GInj Updated
  7.2  C1  24    4  KEN  52.7  40.2   7.1 108.0  79.0  50.0  50.0 113.0  57.0  27.0  54.0 109.0   26.0  58.0   9.0  68.0    0 Y11-D22-RSG5
  7.2  C1  24    4  KEN  52.7  40.2   7.1 108.0  79.0  50.0  50.0 113.0  57.0  27.0  54.0 109.0   26.0  58.0   7.9  68.0    0 Y11-D25-RSG8
  7.2  C1  24    4  KEN  52.7  40.2   7.1 108.0  80.0  50.0  50.0 113.0  57.0  27.0  54.0 109.0   26.0  58.0   7.9  68.0    0 Y11-D29-RSG12
  7.2  C1  24    4  KEN  52.7  40.2   7.1 108.0  80.0  50.0  50.0 113.0  57.0  27.0  54.0 109.0   26.0  58.0   8.9  68.0    0 Y11-D33-RSG16
  7.2  C1  24    4  KEN  52.7  40.2   7.1 107.0  80.0  50.0  50.0 113.0  57.0  27.0  54.0 109.0   26.0  58.0   8.9  68.0    0 Y11-D35-RSG18
  7.2  C1  24    4  KEN  52.7  40.2   7.1 107.0  80.0  50.0  50.0 113.0  57.0  27.0  54.0 109.0   26.0  58.0   8.9  68.0   15 Y11-D36-RSG19
  7.2  C1  24    4  KEN  52.7  40.2   7.1 108.3  80.0  50.0  50.0 113.0  57.0  27.0  54.0 109.0   26.0  58.0   8.9  68.0   14 Y11-D37-RSG20
  7.2  C1  24    4  KEN  52.7  40.2   7.1 108.3  80.0  50.0  50.0 113.0  57.0  27.0  54.0 109.0   26.0  58.0   8.9  68.0   13 Y11-D38-RSG21
  7.2  C1  24    4  KEN  52.7  40.2   7.1 108.3  80.0  50.0  50.0 113.0  57.0  27.0  54.0 109.0   26.0  58.0   8.9  68.0   12 Y11-D39-RSG22
  7.2  C1  24    4  KEN  52.7  40.2   7.1 108.3  80.0  50.0  50.0 113.0  57.0  27.0  54.0 109.0   26.0  58.0   8.9  68.0   10 Y11-D40-RSG23
  7.2  C1  24    4  KEN  52.7  40.2   7.1 108.3  80.0  50.0  50.0 113.0  57.0  27.0  54.0 109.0   26.0  58.0   7.9  68.0    9 Y11-D41-RSG24
  7.2  C1  24    4  KEN  52.7  40.2   7.1 108.3  80.0  50.0  50.0 113.0  57.0  27.0  54.0 109.0   26.0  58.0   7.9  68.0    8 Y11-D42-RSG25
  7.2  C1  24    4  KEN  52.7  40.2   7.1 108.3  80.0  50.0  50.0 113.0  57.0  27.0  54.0 109.0   26.0  58.0   7.9  68.0    7 Y11-D43-RSG26
  7.2  C1  24    4  KEN  52.7  40.2   7.1 108.3  80.0  50.0  50.0 113.0  57.0  27.0  54.0 109.0   23.4  58.0   7.9  68.0    6 Y11-D44-RSG27
  7.2  C1  24    4  KEN  52.7  40.2   7.1 108.3  80.0  50.0  50.0 113.0  57.0  27.0  54.0 109.0   23.4  58.0   7.9  68.0    4 Y11-D45-RSG28
  7.2  C1  24    4  KEN  52.7  40.2   7.1 108.3  80.0  50.0  50.0 113.0  57.0  27.0  54.0 109.0   23.4  58.0   7.9  68.0    4 Y11-D46-RSG29
  7.2  C1  24    4  KEN  52.7  40.2   7.1 108.3  80.0  50.0  50.0 113.0  57.0  27.0  54.0 109.0   23.4  58.0   7.9  68.0    3 Y11-D47-RSG30
  7.2  C1  24    4  KEN  52.7  40.2   7.1 108.3  80.0  50.0  50.0 113.0  57.0  27.0  54.0 109.0   23.4  58.0   7.9  68.0    2 Y11-D48-RSG31
  7.2  C1  24    4  KEN  52.7  40.2   7.1 108.3  80.0  50.0  50.0 113.0  57.0  27.0  52.4 109.0   22.4  58.0   7.9  68.0    2 Y11-D49-RSG32
  7.2  C1  24    4  KEN  52.7  40.2   7.1 108.3  80.0  50.0  50.0 113.0  57.0  27.0  52.4 109.0   22.4  55.2   7.9  68.0    2 Y11-D50-RSG33
  7.2  C1  24    4  KEN  52.7  40.2   7.1 108.3  80.0  50.0  50.0 113.0  57.0  27.0  52.4 109.0   22.4  55.2   7.9  68.0    1 Y11-D51-RSG34
  7.2  C1  24    4  KEN  52.7  40.2   7.1 108.3  80.0  50.0  50.0 113.0  57.0  27.0  52.4 109.0   22.4  55.2   7.9  68.0    0 Y11-D52-RSG35
  7.2  C1  24    4  KEN  52.5  40.4   7.1 108.3  80.0  50.0  50.0 113.0  57.9  27.0  52.4 109.0   22.4  55.2   6.4  68.0    0 Y11-D56-RSG39
  7.2  C1  24    4  KEN  52.5  40.4   7.1 108.3  80.0  51.2  48.9 113.0  57.9  27.0  52.4 110.0   22.4  55.2   6.4  68.0    0 Y11-D57-RSG40
  7.2  C1  24    4  KEN  52.5  40.4   7.1 106.0  80.0  51.2  48.9 113.0  57.9  27.0  52.4 110.0   22.4  55.2   6.4  68.0    0 Y11-D59-RSG42
  7.2  C1  24    4  KEN  52.5  40.4   7.1 106.0  80.0  51.2  48.9 113.0  57.9  27.0  52.4 110.0   22.4  55.2   7.4  68.0    0 Y11-D65-RSG48
  7.2  C1  24    4  KEN  52.5  40.4   7.1 106.0  80.0  51.2  49.9 113.0  57.9  27.0  52.4 110.0   22.4  55.2   7.4  68.0    0 Y11-D66-RSG49
  7.2  C1  24    4  KEN  52.5  40.4   7.1 106.0  80.0  51.2  49.9 113.0  57.9  27.0  52.4 110.0   22.4  58.7   7.4  69.0    0 Y11-D67-RSG50
  7.2  C1  24    4  KEN  52.5  40.4   7.1 106.0  80.0  51.2  49.9 113.0  57.9  27.0  51.4 110.0   22.4  58.7   7.4  69.0    0 Y11-D73-RSG56
  7.2  C1  24    4  KEN  52.5  40.4   7.1 106.0  80.0  51.2  49.9 113.0  57.9  27.0  51.4 110.0   21.4  58.7   7.4  69.0    0 Y11-D79-RSG62
  7.2  C1  24    4  KEN  52.5  40.4   7.1 106.0  80.0  51.2  49.9 113.0  57.9  27.0  50.4 110.0   21.4  58.7   7.4  69.0    0 Y11-D81-RSG64
  7.2  C1  24    4  KEN  52.2  40.5   7.3 106.0  80.0  51.2  49.9 113.0  57.9  27.0  50.4 110.0   21.4  58.7   7.4  69.0    0 Y11-D82-RSG65
  7.2  C1  24    4  KEN  51.1  41.4   7.5 106.0  80.0  51.2  49.9 113.0  57.9  27.0  50.4 110.0   21.4  58.7   7.4  69.0    0 Y11-D84-RSG67
  7.2  C1  24    4  KEN  51.1  41.4   7.5 106.0  80.0  51.2  49.9 113.0  57.9  27.0  50.4 110.0   21.4  60.1   7.4  69.0    0 Y11-D86-RSG69
  7.2  C1  24    4  KEN  51.2  41.5   7.3 106.0  80.0  51.2  49.9 113.0  57.9  26.6  48.1 110.0   21.4  60.1   7.4  69.0    0 Y11-D89-RSG72
  7.2  C1  24    4  KEN  51.0  41.7   7.3 106.0  80.0  51.2  49.9 113.0  57.9  26.6  48.1 110.0   21.4  60.1   7.4  69.0    0 Y11-D91-RSG74
  7.2  C1  24    4  KEN  51.0  41.7   7.3 106.0  80.0  51.2  49.9 113.0  59.4  26.6  48.1 110.0   21.4  60.1   6.4  69.0    0 Y11-D92-RSG75
  7.2  C1  24    4  KEN  51.0  41.7   7.3 106.0  80.0  52.2  49.9 113.0  59.4  26.6  48.1 110.0   21.4  60.1   6.4  69.0    0 Y11-D93-RSG76
