Draft Pos Age YPro Team InPro 2JPro 3PPro InEff 2JEff 3PEff  OReb  DReb  BDom PassR PassE InDef PerDef  InFR PerFR FTEff GInj Updated
 7.13 PG1  24    4  LAT  24.1  49.3  26.6  92.0 108.0  97.0  19.0  36.0  27.0  51.0  84.0  10.0   75.0  21.0  47.0  56.0    0 Y11-D19-RSG2
 7.13 PG1  24    4  LAT  24.1  49.3  26.6  92.0 108.0  94.3  20.0  38.2  27.0  51.0  84.0  10.0   75.0  21.0  47.0  56.0    0 Y11-D21-RSG4
 7.13 PG1  24    4  LAT  24.5  48.5  27.0  92.0 108.0  94.3  20.0  38.2  27.0  51.0  84.0  11.0   73.2  21.0  47.0  56.0    0 Y11-D29-RSG12
 7.13 PG1  24    4  LAT  23.7  49.0  27.3  92.0 108.0  94.3  20.0  38.2  27.0  51.0  84.0  11.0   73.2  21.0  47.0  56.0    0 Y11-D31-RSG14
 7.13 PG1  24    4  LAT  23.7  49.0  27.3  92.0 108.0  94.3  20.0  38.2  27.0  51.0  84.0  11.0   74.2  21.0  47.0  56.0    0 Y11-D38-RSG21
 7.13 PG1  24    4  LAT  24.1  49.7  26.2  92.0 108.0  94.3  20.0  38.2  27.0  51.0  84.0  11.0   74.2  21.0  47.0  55.0    0 Y11-D39-RSG22
 7.13 PG1  24    4  LAT  24.1  49.7  26.2  92.0 108.0  94.3  20.0  38.2  27.0  51.0  84.0  11.0   74.2  21.0  47.0  54.0    0 Y11-D46-RSG29
 7.13 PG1  24    4  LAT  24.1  49.7  26.2  92.0 108.0  94.3  20.0  38.2  27.0  51.0  85.0  11.0   74.2  21.0  47.0  54.0    0 Y11-D50-RSG33
 7.13 PG1  24    4  LAT  24.1  49.7  26.2  92.0 107.0  94.3  20.0  38.2  27.0  51.0  85.0  11.0   74.2  21.0  47.0  54.0    0 Y11-D51-RSG34
 7.13 PG1  24    4  LAT  24.1  49.7  26.2  92.0 107.0  94.3  20.0  38.2  27.0  51.0  85.0  10.0   74.2  21.0  47.0  54.0    0 Y11-D55-RSG38
 7.13 PG1  24    4  LAT  24.1  49.7  26.2  92.0 107.0  94.3  20.0  38.2  27.0  50.6  85.0  10.0   73.1  21.0  47.0  54.0    0 Y11-D59-RSG42
 7.13 PG1  24    4  LAT  24.1  49.7  26.2  92.0 107.0  92.4  20.0  38.2  27.0  50.6  85.0  10.0   73.1  21.0  48.0  54.0    0 Y11-D60-RSG43
 7.13 PG1  24    4  LAT  24.1  49.7  26.2  93.0 107.0  92.4  20.0  38.2  27.0  50.6  85.0  10.0   73.1  21.0  48.0  54.0    0 Y11-D62-RSG45
 7.13 PG1  24    4  LAT  24.1  49.7  26.2  93.0 107.0  92.4  20.0  38.2  27.0  50.6  85.0  10.0   73.1  21.0  48.0  55.0    0 Y11-D63-RSG46
 7.13 PG1  24    4  LAT  24.1  49.7  26.2  93.0 107.0  92.4  20.0  38.2  26.5  50.6  85.0  10.0   73.1  21.0  48.0  55.0    0 Y11-D67-RSG50
 7.13 PG1  24    4  LAT  25.2  48.6  26.2  93.0 107.0  92.4  20.0  38.2  26.5  50.6  85.0  10.0   73.1  21.0  48.0  55.0    0 Y11-D69-RSG52
 7.13 PG1  24    4  LAT  25.2  48.6  26.2  93.0 107.0  92.4  20.0  38.2  26.5  50.6  85.0  10.0   73.1  21.0  48.0  56.0    0 Y11-D79-RSG62
 7.13 PG1  24    4  LAT  25.7  47.7  26.6  93.0 107.0  92.4  20.0  38.2  25.4  50.6  85.0  10.0   73.1  24.8  48.0  56.0    0 Y11-D81-RSG64
 7.13 PG1  24    4  LAT  26.2  47.4  26.4  93.0 107.0  92.4  20.0  38.2  25.4  50.6  85.0  10.0   73.1  24.8  48.0  56.0    0 Y11-D83-RSG66
 7.13 PG1  24    4  LAT  26.2  47.4  26.4  93.0 107.0  90.8  20.0  38.2  25.4  50.6  85.0  10.0   73.1  24.8  48.0  56.0    0 Y11-D89-RSG72
 7.13 PG1  24    4  LAT  26.5  47.9  25.6  93.0 107.0  90.8  20.0  38.2  25.4  47.0  85.0  10.0   73.1  24.8  48.0  56.0    0 Y11-D91-RSG74
 7.13 PG1  24    4  LAT  26.5  47.9  25.6  93.0 107.0  90.8  20.0  38.2  25.4  47.0  85.0  10.0   72.1  24.8  48.0  56.0    0 Y11-D93-RSG76
