Draft Pos Age YPro Team InPro 2JPro 3PPro InEff 2JEff 3PEff  OReb  DReb  BDom PassR PassE InDef PerDef  InFR PerFR FTEff GInj Updated
  7.1 PG2  24    4  KEN  12.0  34.0  54.0  54.0 119.0 114.0  11.0  49.0  70.0  72.0  89.3   7.0   98.0  35.0  72.0  86.0    0 Y11-D24-RSG7
  7.1 PG2  24    4  KEN  12.0  34.0  54.0  54.0 120.0 114.0  11.0  49.0  70.0  72.0  89.3   7.0   98.0  35.0  72.0  86.0    0 Y11-D25-RSG8
  7.1 PG2  24    4  KEN  12.0  34.0  54.0  54.0 120.0 114.0  11.0  49.0  70.0  72.0  89.3   7.0   99.0  35.0  72.0  86.0    0 Y11-D26-RSG9
  7.1 PG2  24    4  KEN  12.0  34.0  54.0  54.0 120.0 114.0  11.0  49.0  70.0  72.0  89.3   7.0   99.0  36.0  72.0  86.0    0 Y11-D29-RSG12
  7.1 PG2  24    4  KEN  11.7  35.6  52.7  54.0 120.0 114.0  11.0  49.0  70.0  68.8  89.3   7.0   99.0  36.0  70.4  86.0    0 Y11-D33-RSG16
  7.1 PG2  24    4  KEN  11.2  35.9  52.9  54.0 120.0 115.0  11.0  49.0  70.0  68.8  89.3   7.0   99.0  36.0  70.4  86.0    0 Y11-D39-RSG22
  7.1 PG2  24    4  KEN  11.2  35.9  52.9  54.0 120.0 115.0  11.0  49.0  70.0  68.8  89.3   7.0   99.0  36.0  70.4  85.0    0 Y11-D44-RSG27
  7.1 PG2  24    4  KEN  11.2  36.0  52.8  54.0 120.0 115.0  11.0  49.0  68.7  68.8  88.3   7.0   96.6  36.0  70.4  85.0    0 Y11-D49-RSG32
  7.1 PG2  24    4  KEN  11.2  36.0  52.8  54.0 120.0 115.0  11.0  49.0  68.7  68.8  88.3   7.0   97.6  36.0  70.4  85.0    0 Y11-D51-RSG34
  7.1 PG2  24    4  KEN  11.1  36.8  52.1  54.0 120.0 115.0  11.0  49.0  68.7  68.8  88.3   7.0   97.6  36.0  70.4  86.0    0 Y11-D52-RSG35
  7.1 PG2  24    4  KEN  12.1  36.4  51.5  54.0 120.0 115.0  11.0  49.0  68.7  68.8  88.3   7.0   97.6  36.0  70.4  86.0    0 Y11-D54-RSG37
  7.1 PG2  24    4  KEN  12.3  36.9  50.8  54.0 120.0 115.0  11.0  49.0  68.7  68.8  88.3   7.0   97.6  36.0  70.4  86.0    0 Y11-D61-RSG44
  7.1 PG2  24    4  KEN  12.3  36.9  50.8  52.6 120.0 115.0  11.0  49.0  68.7  68.8  88.3   7.0   97.6  36.0  70.4  86.0    0 Y11-D63-RSG46
  7.1 PG2  24    4  KEN  12.6  37.7  49.7  52.6 120.0 115.0  11.0  49.0  68.7  68.8  88.3   7.0   97.6  36.0  70.4  86.0    0 Y11-D65-RSG48
  7.1 PG2  24    4  KEN  12.6  37.7  49.7  52.6 120.0 116.0  11.0  49.0  68.7  68.8  88.3   7.0   97.6  36.0  70.4  86.0    0 Y11-D67-RSG50
  7.1 PG2  24    4  KEN  12.6  37.7  49.7  52.6 120.0 114.7  11.0  49.0  68.7  68.8  88.3   7.0   97.6  36.0  70.4  86.0    0 Y11-D71-RSG54
  7.1 PG2  24    4  KEN  12.6  37.7  49.7  52.6 120.0 114.7  11.0  49.0  68.7  68.8  88.3   7.0   97.6  36.0  70.4  86.0    4 Y11-D73-RSG56
  7.1 PG2  24    4  KEN  12.6  37.7  49.7  52.6 120.0 114.7  11.0  49.0  68.7  68.8  88.3   7.0   97.6  36.0  70.4  86.0    3 Y11-D74-RSG57
  7.1 PG2  24    4  KEN  12.6  37.7  49.7  52.6 120.0 114.7  11.0  49.0  68.7  69.4  88.3   7.0   97.6  36.0  70.4  86.0    3 Y11-D75-RSG58
  7.1 PG2  24    4  KEN  12.6  37.7  49.7  52.6 120.0 114.7  11.0  49.0  68.7  69.4  88.3   7.0   97.6  36.0  70.4  86.0    2 Y11-D76-RSG59
  7.1 PG2  24    4  KEN  12.6  37.7  49.7  52.6 120.0 114.7  11.0  49.0  68.7  69.4  88.3   7.0   97.6  36.0  70.4  86.0    2 Y11-D77-RSG60
  7.1 PG2  24    4  KEN  12.6  37.7  49.7  52.6 120.0 114.7  11.0  49.0  68.7  69.4  88.3   7.0   97.6  36.0  70.4  86.0    0 Y11-D78-RSG61
  7.1 PG2  24    4  KEN  12.6  37.7  49.7  51.6 120.0 114.7  11.0  49.0  64.9  69.4  88.3   7.0   98.8  36.0  70.4  86.0    0 Y11-D79-RSG62
  7.1 PG2  24    4  KEN  12.9  38.6  48.5  51.6 120.0 114.7  11.0  49.0  66.9  69.4  88.3   7.0   98.8  36.0  70.4  86.0    0 Y11-D81-RSG64
  7.1 PG2  24    4  KEN  12.9  38.6  48.5  51.6 120.0 114.7  11.0  50.0  66.9  69.4  88.3   7.0   98.8  37.1  70.4  86.0    0 Y11-D89-RSG72
  7.1 PG2  24    4  KEN  12.9  38.6  48.5  51.6 120.0 114.7  11.0  50.0  66.9  69.4  88.3   5.8   98.8  37.1  70.4  86.0    0 Y11-D91-RSG74
  7.1 PG2  24    4  KEN  12.9  38.6  48.5  51.6 120.0 114.7  11.0  50.0  66.9  69.4  88.3   5.8   97.8  37.1  70.4  86.0    0 Y11-D92-RSG75
  7.1 PG2  24    4  KEN  12.9  38.6  48.5  51.6 120.0 114.7  11.0  51.0  66.9  69.4  88.3   5.8   97.8  37.1  70.4  86.0    0 Y11-D96-RSG79
