Draft Pos Age YPro Team InPro 2JPro 3PPro InEff 2JEff 3PEff  OReb  DReb  BDom PassR PassE InDef PerDef  InFR PerFR FTEff GInj Updated
  8.1  C1  23    3  HAR  82.9  16.0   1.1 112.0  70.0  52.0  37.0  77.0   4.0  28.0  37.0  83.0   30.0  75.0   7.0  64.0    0 Y11-D21-RSG4
  8.1  C1  23    3  HAR  82.9  16.0   1.1 112.0  71.0  52.0  37.0  77.0   4.0  28.0  37.0  83.0   30.0  75.0   7.0  64.0    0 Y11-D23-RSG6
  8.1  C1  23    3  HAR  82.9  16.0   1.1 112.0  71.0  52.0  37.0  77.0   4.0  28.0  37.0  84.0   30.0  75.0   7.0  64.0    0 Y11-D24-RSG7
  8.1  C1  23    3  HAR  83.2  16.1   0.7 112.0  71.0  52.0  37.0  77.0   4.0  28.0  37.0  84.0   30.0  75.0   7.0  64.0    0 Y11-D27-RSG10
  8.1  C1  23    3  HAR  83.4  15.9   0.7 112.0  71.0  52.0  35.7  77.0   5.9  28.0  37.0  84.0   30.0  75.0   7.0  64.0    0 Y11-D31-RSG14
  8.1  C1  23    3  HAR  83.4  15.9   0.7 112.0  71.0  52.0  35.7  77.0   7.9  28.0  37.0  84.0   30.0  75.0   7.0  64.0    0 Y11-D33-RSG16
  8.1  C1  23    3  HAR  83.4  15.9   0.7 112.0  71.0  54.0  35.7  77.0   7.9  28.0  37.0  84.0   30.0  75.0   7.0  64.0    0 Y11-D35-RSG18
  8.1  C1  23    3  HAR  83.4  15.9   0.7 112.0  71.0  54.0  35.7  77.0   7.9  28.0  37.0  84.0   31.0  76.0   7.0  64.0    0 Y11-D37-RSG20
  8.1  C1  23    3  HAR  83.4  15.9   0.7 112.0  71.0  54.0  35.7  77.0   7.9  26.2  37.0  84.0   31.0  76.0   8.0  64.0    0 Y11-D39-RSG22
  8.1  C1  23    3  HAR  83.4  15.9   0.7 112.0  71.0  54.0  35.7  77.0   7.9  26.2  37.0  84.0   31.0  76.0   9.0  64.0    0 Y11-D42-RSG25
  8.1  C1  23    3  HAR  83.4  15.9   0.7 112.0  71.0  54.0  34.7  78.0   8.5  26.2  37.0  84.0   31.0  76.0   9.0  64.0    0 Y11-D48-RSG31
  8.1  C1  23    3  HAR  83.4  15.9   0.7 112.0  71.0  54.0  34.7  78.0   8.5  26.2  37.0  85.3   31.0  76.0   9.0  64.0    0 Y11-D55-RSG38
  8.1  C1  23    3  HAR  83.4  15.9   0.7 109.8  71.0  54.0  34.7  78.0   8.5  26.2  37.0  85.3   31.0  76.0   9.0  64.0    0 Y11-D63-RSG46
  8.1  C1  23    3  HAR  83.4  15.9   0.7 109.8  71.0  54.0  36.1  78.0   8.5  26.2  37.0  85.3   31.0  76.0   9.0  64.0    0 Y11-D64-RSG47
  8.1  C1  23    3  HAR  83.4  15.9   0.7 109.8  72.0  54.0  36.1  78.0   8.5  26.2  37.0  85.3   31.0  76.0   9.0  65.0    0 Y11-D71-RSG54
  8.1  C1  23    3  HAR  83.4  15.9   0.7 109.8  72.0  54.0  36.1  78.0   8.5  26.2  37.0  85.3   31.0  76.0   9.0  62.1    0 Y11-D75-RSG58
  8.1  C1  23    3  HAR  83.4  15.9   0.7 109.8  72.0  54.0  36.1  80.3   8.5  26.2  37.0  85.3   32.0  76.0   9.0  62.1    0 Y11-D77-RSG60
  8.1  C1  23    3  HAR  83.4  15.9   0.7 109.8  72.0  54.0  36.1  80.3   8.5  26.2  37.0  85.3   32.0  76.0   9.0  59.3    0 Y11-D78-RSG61
  8.1  C1  23    3  HAR  83.4  15.9   0.7 109.8  72.0  54.0  36.1  80.3   8.5  26.2  34.9  85.3   32.0  76.0   9.0  59.3    0 Y11-D79-RSG62
  8.1  C1  23    3  HAR  83.4  15.9   0.7 109.8  73.4  54.0  36.1  80.3   8.5  24.8  34.9  85.3   32.0  76.0   9.0  59.3    0 Y11-D81-RSG64
  8.1  C1  23    3  HAR  83.4  15.9   0.7 109.8  73.4  54.0  36.1  80.3   6.8  24.8  34.9  85.3   32.0  76.0   9.0  59.3    0 Y11-D88-RSG71
  8.1  C1  23    3  HAR  83.4  15.9   0.7 109.8  73.4  53.0  36.1  80.3   6.8  24.8  34.9  85.3   32.0  76.0   9.0  59.3    0 Y11-D90-RSG73
  8.1  C1  23    3  HAR  83.8  15.5   0.7 109.8  73.4  53.0  36.1  80.3   6.8  24.8  34.9  85.3   32.0  76.0   9.0  59.3    0 Y11-D92-RSG75
  8.1  C1  23    3  HAR  83.8  15.5   0.7 109.8  74.4  53.0  36.1  80.3   6.8  24.8  34.9  85.3   32.0  76.0   9.0  57.8    0 Y11-D95-RSG78
