Draft Pos Age YPro Team InPro 2JPro 3PPro InEff 2JEff 3PEff  OReb  DReb  BDom PassR PassE InDef PerDef  InFR PerFR FTEff GInj Updated
  8.9 PF1  23    3  WIL  69.9  29.9   0.2  94.0  82.0  35.0  26.0  71.0  24.0  27.0  45.0  78.0   51.0  63.0   6.0  80.0    7 Y11-D18-RSG1
  8.9 PF1  23    3  WIL  69.9  29.9   0.2  94.0  82.0  35.0  26.0  71.0  24.0  27.0  45.0  78.0   51.0  63.0   6.0  80.0    6 Y11-D19-RSG2
  8.9 PF1  23    3  WIL  69.9  29.9   0.2  94.0  82.0  35.0  26.0  71.0  24.0  27.0  45.0  78.0   51.0  63.0   6.0  80.0    4 Y11-D20-RSG3
  8.9 PF1  23    3  WIL  69.9  29.9   0.2  94.0  82.0  35.0  26.0  71.0  24.0  27.0  45.0  78.0   51.0  63.0   6.0  80.0    3 Y11-D21-RSG4
  8.9 PF1  23    3  WIL  69.9  29.9   0.2  94.0  82.0  35.0  26.0  71.0  24.0  27.0  45.0  78.0   51.0  63.0   6.0  80.0    2 Y11-D22-RSG5
  8.9 PF1  23    3  WIL  69.9  29.9   0.2  92.1  82.0  35.0  26.0  71.0  24.0  27.0  45.0  78.0   51.0  63.0   6.0  80.0    2 Y11-D23-RSG6
  8.9 PF1  23    3  WIL  69.9  29.9   0.2  92.1  82.0  35.0  26.0  71.0  24.0  27.0  45.0  78.0   51.0  63.0   6.0  80.0    0 Y11-D24-RSG7
  8.9 PF1  23    3  WIL  69.9  29.9   0.2  92.1  82.0  35.0  26.0  71.0  24.0  29.0  45.0  78.0   51.0  63.0   6.0  80.0    0 Y11-D26-RSG9
  8.9 PF1  23    3  WIL  69.9  29.9   0.2  92.1  82.0  35.0  26.0  71.0  24.0  29.0  45.0  78.0   51.0  63.0   6.0  80.0    4 Y11-D28-RSG11
  8.9 PF1  23    3  WIL  69.9  29.9   0.2  92.1  82.0  35.0  26.0  71.0  24.0  29.0  45.0  78.0   51.0  63.0   6.0  80.0    3 Y11-D29-RSG12
  8.9 PF1  23    3  WIL  69.9  29.9   0.2  92.1  82.0  35.0  26.0  71.0  24.0  29.0  45.0  78.0   49.9  63.0   6.0  80.0    1 Y11-D30-RSG13
  8.9 PF1  23    3  WIL  69.9  29.9   0.2  92.1  82.0  35.0  26.0  71.0  24.0  29.0  45.0  78.0   49.9  63.0   6.0  80.0    0 Y11-D31-RSG14
  8.9 PF1  23    3  WIL  69.9  29.9   0.2  92.1  82.0  35.0  26.0  71.0  24.0  29.0  45.0  78.0   49.9  65.0   6.0  80.0    0 Y11-D39-RSG22
  8.9 PF1  23    3  WIL  69.7  30.1   0.2  92.1  83.0  35.0  26.0  71.0  24.0  29.0  45.0  76.8   49.9  65.0   6.0  80.0    0 Y11-D44-RSG27
  8.9 PF1  23    3  WIL  69.7  30.1   0.2  92.1  83.0  35.0  26.0  71.0  24.0  29.0  45.0  76.8   47.2  65.0   6.0  80.0    0 Y11-D45-RSG28
  8.9 PF1  23    3  WIL  69.7  30.1   0.2  92.1  83.0  35.0  26.0  71.0  24.0  29.0  45.0  76.8   45.2  65.0   6.0  80.0    0 Y11-D47-RSG30
  8.9 PF1  23    3  WIL  69.7  30.1   0.2  92.1  84.0  35.0  26.0  71.0  23.0  29.0  45.0  76.8   45.2  65.0   6.0  78.0    0 Y11-D49-RSG32
  8.9 PF1  23    3  WIL  69.7  30.1   0.2  92.1  84.0  35.0  27.0  71.0  23.0  29.0  45.0  76.8   45.2  65.0   6.0  78.0    0 Y11-D50-RSG33
  8.9 PF1  23    3  WIL  69.7  30.1   0.2  92.1  84.0  35.0  26.0  71.0  23.0  29.0  45.0  76.8   45.2  65.0   6.0  78.0    0 Y11-D53-RSG36
  8.9 PF1  23    3  WIL  69.7  30.1   0.2  92.1  84.0  35.0  26.0  71.0  23.0  27.1  45.0  76.8   45.2  65.0   6.0  78.0    0 Y11-D56-RSG39
  8.9 PF1  23    3  WIL  69.3  30.5   0.2  90.7  84.0  35.0  26.0  71.0  23.0  27.1  46.0  76.8   45.2  65.0   6.0  78.0    0 Y11-D60-RSG43
  8.9 PF1  23    3  WIL  69.3  30.5   0.2  90.7  84.0  35.0  26.0  70.0  23.0  27.1  46.0  76.8   45.2  65.0   6.0  78.0    0 Y11-D61-RSG44
  8.9 PF1  23    3  WIL  69.3  30.5   0.2  90.7  84.0  35.0  26.0  70.0  23.0  27.1  46.0  76.8   46.2  65.0   6.0  78.0    0 Y11-D66-RSG49
  8.9 PF1  23    3  WIL  69.3  30.5   0.2  90.7  84.0  35.0  24.7  70.0  21.1  27.1  46.0  76.8   46.2  65.0   6.0  78.0    0 Y11-D74-RSG57
  8.9 PF1  23    3  WIL  69.3  30.5   0.2  90.7  84.0  35.0  24.7  70.0  21.1  27.1  46.0  76.8   46.2  65.0   6.0  78.0    0 Y11-D77-RSG60
  8.9 PF1  23    3  WIL  69.3  30.5   0.2  90.7  84.0  36.0  24.7  70.0  21.1  27.1  46.0  75.3   46.2  65.0   6.0  78.0    0 Y11-D80-RSG63
  8.9 PF1  23    3  WIL  69.3  30.5   0.2  90.7  84.0  36.0  24.7  70.0  21.1  27.1  47.0  75.3   46.2  65.0   6.0  78.0    0 Y11-D83-RSG66
  8.9 PF1  23    3  WIL  69.3  30.5   0.2  90.7  84.0  36.0  24.7  68.6  21.1  27.1  47.0  75.3   46.2  65.0   6.0  78.0    0 Y11-D92-RSG75
  8.9 PF1  23    3  WIL  69.3  30.5   0.2  90.7  84.0  36.0  24.7  68.6  21.1  27.1  47.0  76.3   46.2  65.0   6.0  78.0    0 Y11-D94-RSG77
  8.9 PF1  23    3  WIL  69.3  30.5   0.2  90.7  84.0  38.5  24.7  68.6  21.1  27.1  47.0  76.3   46.2  65.0   6.0  78.0    0 Y11-D95-RSG78
