Draft Pos Age YPro Team InPro 2JPro 3PPro InEff 2JEff 3PEff  OReb  DReb  BDom PassR PassE InDef PerDef  InFR PerFR FTEff GInj Updated
 8.14 SG2  23    3  BRE  20.0  23.0  57.0  78.0  77.0 103.0  15.0  40.9  41.0  48.0  35.0  33.0  106.0  38.0  57.0  38.0    0 Y11-D18-RSG1
 8.14 SG2  23    3  BRE  20.1  23.1  56.8  78.0  77.0 103.0  15.0  40.9  41.0  48.0  35.0  33.0  106.0  38.0  57.0  38.0    0 Y11-D22-RSG5
 8.14 SG2  23    3  BRE  19.9  22.9  57.2  78.0  77.0 103.0  15.0  40.9  41.0  48.0  35.0  33.0  106.0  38.0  57.0  38.0    0 Y11-D30-RSG13
 8.14 SG2  23    3  BRE  19.9  22.9  57.2  78.0  76.0 103.0  13.8  40.9  40.3  48.0  35.0  33.0  106.0  38.0  57.0  38.0    0 Y11-D36-RSG19
 8.14 SG2  23    3  BRE  19.9  22.9  57.2  78.0  79.4 103.0  13.8  40.9  40.3  48.0  35.0  33.0  106.0  38.0  57.0  38.0    0 Y11-D37-RSG20
 8.14 SG2  23    3  BRE  19.9  22.9  57.2  78.0  79.4 103.0  13.8  40.9  40.3  48.0  39.9  33.0  106.0  38.0  59.2  38.0    0 Y11-D46-RSG29
 8.14 SG2  23    3  BRE  20.2  21.8  58.0  78.0  79.4 103.0  14.8  38.3  40.3  48.0  39.9  33.0  106.0  38.0  59.2  38.0    0 Y11-D47-RSG30
 8.14 SG2  23    3  BRE  19.1  22.1  58.8  78.0  79.4 103.0  14.8  38.3  40.3  48.0  39.9  33.0  106.0  38.0  59.2  38.0    0 Y11-D48-RSG31
 8.14 SG2  23    3  BRE  19.1  22.1  58.8  78.0  79.4 103.0  14.8  38.3  37.5  48.0  39.9  33.0  106.0  38.0  59.2  38.0    0 Y11-D51-RSG34
 8.14 SG2  23    3  BRE  18.7  23.8  57.5  78.0  79.4 103.0  14.8  38.3  37.5  48.0  39.9  34.0  106.0  38.0  59.2  38.0    0 Y11-D55-RSG38
 8.14 SG2  23    3  BRE  18.7  23.8  57.5  78.0  79.4 103.0  14.8  38.3  37.5  48.0  38.9  34.0  103.6  36.8  59.2  38.0    0 Y11-D62-RSG45
 8.14 SG2  23    3  BRE  18.7  23.8  57.5  75.7  79.4 103.0  14.8  39.3  37.5  48.0  38.9  34.0  103.6  36.8  59.2  38.0    0 Y11-D64-RSG47
 8.14 SG2  23    3  BRE  18.7  23.8  57.5  76.7  79.4 103.0  14.8  39.3  37.5  48.0  38.9  34.0  103.6  36.8  59.2  38.0    2 Y11-D67-RSG50
 8.14 SG2  23    3  BRE  18.7  23.8  57.5  76.7  79.4 103.0  14.8  39.3  37.5  48.0  38.9  34.0  103.6  36.8  59.2  38.0    1 Y11-D68-RSG51
 8.14 SG2  23    3  BRE  18.7  23.8  57.5  76.7  79.4 103.0  14.8  39.3  37.5  48.0  38.9  33.0  103.6  36.8  59.2  38.0    0 Y11-D69-RSG52
 8.14 SG2  23    3  BRE  18.7  23.8  57.5  76.7  79.4 103.0  14.8  39.3  37.5  48.0  39.9  33.0  103.6  36.8  59.2  38.0    0 Y11-D70-RSG53
 8.14 SG2  23    3  BRE  18.7  23.8  57.5  76.7  76.9 103.0  14.8  39.3  37.5  48.0  39.9  33.0  103.6  36.8  59.2  38.0    0 Y11-D73-RSG56
 8.14 SG2  23    3  BRE  18.7  23.8  57.5  76.7  76.9 103.0  14.8  39.3  37.5  48.0  40.9  33.0  103.6  36.8  59.2  38.0    3 Y11-D78-RSG61
 8.14 SG2  23    3  BRE  18.7  23.8  57.5  74.8  76.9 103.0  14.8  39.3  37.5  48.0  40.9  33.0  103.6  36.8  59.2  38.0    2 Y11-D79-RSG62
 8.14 SG2  23    3  BRE  18.7  23.8  57.5  74.8  76.9 103.0  14.8  39.3  37.5  48.0  40.9  33.0  103.6  36.8  59.2  38.0    1 Y11-D80-RSG63
 8.14 SG2  23    3  BRE  18.5  23.5  58.0  74.8  76.9 103.0  14.8  39.3  37.5  48.0  40.9  33.0  103.6  36.8  59.2  38.0    0 Y11-D81-RSG64
 8.14 SG2  23    3  BRE  18.5  23.5  58.0  74.8  76.9 103.0  14.8  39.3  37.5  48.0  40.9  33.0  104.9  36.8  59.2  38.0    0 Y11-D95-RSG78
