Draft Pos Age YPro Team InPro 2JPro 3PPro InEff 2JEff 3PEff  OReb  DReb  BDom PassR PassE InDef PerDef  InFR PerFR FTEff GInj Updated
  9.1  C1  22    2  CRO  63.0  34.0   3.0 102.0  73.0  56.0  32.0 105.0  21.0  32.0  57.0 104.0   23.0  90.0   6.0  75.0    0 Y11-D18-RSG1
  9.1  C1  22    2  CRO  63.3  33.7   3.0 102.0  73.0  56.0  32.0 105.0  21.0  33.1  57.0 104.0   23.0  90.0   6.0  76.0    0 Y11-D22-RSG5
  9.1  C1  22    2  CRO  64.0  33.0   3.0 102.0  73.0  56.0  32.0 105.0  21.0  33.1  57.0 104.0   23.0  90.0   6.0  76.0    0 Y11-D26-RSG9
  9.1  C1  22    2  CRO  64.9  32.4   2.7 102.0  73.0  56.0  32.0 105.0  21.0  33.1  57.0 104.0   23.0  90.0   6.0  76.0    0 Y11-D28-RSG11
  9.1  C1  22    2  CRO  64.0  33.3   2.7 102.0  73.0  56.0  32.0 105.0  21.0  33.1  57.0 104.0   23.0  90.0   6.0  76.0    0 Y11-D37-RSG20
  9.1  C1  22    2  CRO  64.0  33.3   2.7 102.0  73.0  56.0  32.0 105.0  21.0  33.1  57.0 104.0   23.0  91.0   6.0  76.0    0 Y11-D38-RSG21
  9.1  C1  22    2  CRO  64.3  33.4   2.3 102.0  73.0  56.0  32.0 106.0  21.0  33.1  57.0 104.0   23.0  91.0   6.0  76.0    0 Y11-D40-RSG23
  9.1  C1  22    2  CRO  64.3  33.4   2.3 102.0  73.0  56.0  32.0 106.0  21.0  33.1  57.0 104.0   23.0  91.0   6.0  75.0    0 Y11-D41-RSG24
  9.1  C1  22    2  CRO  64.3  33.4   2.3 102.0  73.0  56.0  31.0 106.0  21.0  33.1  57.0 104.0   23.0  91.0   6.0  75.0    0 Y11-D42-RSG25
  9.1  C1  22    2  CRO  64.3  33.4   2.3 100.2  73.0  56.0  31.0 106.0  21.0  33.1  57.0 104.0   23.0  91.0   6.0  75.0    0 Y11-D45-RSG28
  9.1  C1  22    2  CRO  64.3  33.4   2.3 100.2  73.0  56.0  31.0 106.0  21.0  33.1  57.0 104.0   21.3  91.0   6.0  75.0    0 Y11-D47-RSG30
  9.1  C1  22    2  CRO  64.3  33.4   2.3 100.2  73.0  56.0  31.0 106.0  21.0  33.1  57.0 104.0   21.3  91.0   4.8  75.0    0 Y11-D51-RSG34
  9.1  C1  22    2  CRO  64.3  33.4   2.3 100.2  74.6  56.0  31.0 106.0  21.0  33.1  57.0 104.0   21.3  91.0   4.8  75.0    0 Y11-D55-RSG38
  9.1  C1  22    2  CRO  64.3  33.4   2.3 100.2  73.5  56.0  31.0 106.0  21.0  33.1  58.0 104.0   22.3  91.0   4.8  75.0    0 Y11-D58-RSG41
  9.1  C1  22    2  CRO  64.3  33.4   2.3 100.2  73.5  56.0  31.0 106.0  19.9  33.1  58.0 104.0   22.3  91.0   4.8  75.0    0 Y11-D63-RSG46
  9.1  C1  22    2  CRO  65.1  32.7   2.2 100.2  73.5  56.0  31.0 106.0  19.9  33.1  58.0 104.0   22.3  91.0   4.8  75.0    0 Y11-D66-RSG49
  9.1  C1  22    2  CRO  65.1  32.7   2.2 100.2  73.5  53.9  31.0 106.0  19.9  33.1  58.0 104.0   22.3  91.0   4.8  75.0    0 Y11-D67-RSG50
  9.1  C1  22    2  CRO  65.1  32.7   2.2 100.2  74.5  53.9  32.0 106.0  19.9  33.1  58.0 104.0   22.3  91.0   4.8  75.0    0 Y11-D74-RSG57
  9.1  C1  22    2  CRO  65.1  32.7   2.2 102.0  74.5  53.9  32.0 106.0  19.9  33.1  58.0 104.0   22.3  91.0   4.8  75.0    0 Y11-D76-RSG59
  9.1  C1  22    2  CRO  65.1  32.7   2.2 102.0  74.5  53.9  32.0 106.0  19.9  33.1  59.0 104.0   22.3  91.0   4.8  75.0    0 Y11-D77-RSG60
  9.1  C1  22    2  CRO  65.1  32.7   2.2 102.0  74.5  53.9  32.0 106.0  19.9  33.1  59.0 104.0   22.3  91.0   4.8  72.9    0 Y11-D80-RSG63
  9.1  C1  22    2  CRO  65.1  32.7   2.2 102.0  74.5  55.4  32.0 106.0  19.9  33.1  56.5 104.0   22.3  91.0   4.8  73.9   26 Y11-D82-RSG65
  9.1  C1  22    2  CRO  65.1  32.7   2.2 102.0  74.5  55.4  32.0 106.0  19.9  33.1  56.5 104.0   22.3  91.0   4.8  73.9   24 Y11-D83-RSG66
  9.1  C1  22    2  CRO  65.1  32.7   2.2 102.0  74.5  55.4  32.0 106.0  19.9  33.1  56.5 104.0   22.3  91.0   4.8  73.9   22 Y11-D84-RSG67
  9.1  C1  22    2  CRO  65.1  32.7   2.2 102.0  74.5  55.4  32.0 106.0  19.9  33.1  56.5 104.0   22.3  91.0   3.8  73.9   20 Y11-D85-RSG68
  9.1  C1  22    2  CRO  65.1  32.7   2.2 102.0  74.5  55.4  32.0 106.0  19.9  33.1  56.5 104.0   22.3  91.0   3.8  73.9   19 Y11-D86-RSG69
  9.1  C1  22    2  CRO  65.1  32.7   2.2 102.0  74.5  55.4  32.0 106.0  19.9  33.1  56.5 104.0   22.3  91.0   3.8  73.9   19 Y11-D87-RSG70
  9.1  C1  22    2  CRO  65.1  32.7   2.2 102.0  74.5  55.4  32.0 106.0  19.9  33.1  56.5 104.0   22.3  91.0   3.8  73.9   19 Y11-D88-RSG71
  9.1  C1  22    2  CRO  65.1  32.7   2.2 102.0  74.5  55.4  32.0 106.0  19.9  33.1  56.5 104.0   22.3  91.0   3.8  73.9   18 Y11-D89-RSG72
  9.1  C1  22    2  CRO  65.1  32.7   2.2 102.0  74.5  55.4  32.0 106.0  19.9  33.1  56.5 104.0   22.3  91.0   3.8  73.9   18 Y11-D90-RSG73
  9.1  C1  22    2  CRO  65.1  32.7   2.2 102.0  72.6  55.4  32.0 106.0  19.9  33.1  56.5 104.0   22.3  91.0   3.8  73.9   18 Y11-D91-RSG74
  9.1  C1  22    2  CRO  65.1  32.7   2.2 102.0  72.6  55.4  32.0 106.0  19.9  33.1  56.5 104.0   22.3  91.0   3.8  73.9   17 Y11-D92-RSG75
  9.1  C1  22    2  CRO  65.1  32.7   2.2 102.0  72.6  55.4  32.0 106.0  19.9  33.1  56.5 104.0   22.3  91.0   3.8  73.9   16 Y11-D93-RSG76
  9.1  C1  22    2  CRO  65.1  32.7   2.2 102.0  72.6  55.4  32.0 106.0  19.9  31.5  56.5 104.0   22.3  91.0   3.8  73.9   16 Y11-D94-RSG77
  9.1  C1  22    2  CRO  65.1  32.7   2.2 102.0  72.6  55.4  32.0 106.0  19.9  31.5  56.5 104.0   22.3  91.0   3.8  73.9   15 Y11-D95-RSG78
  9.1  C1  22    2  CRO  65.1  32.7   2.2 102.0  72.6  55.4  32.0 106.0  19.9  31.5  56.5 104.0   22.3  91.0   3.8  73.9   13 Y11-D96-RSG79
  9.1  C1  22    2  CRO  64.2  33.6   2.2 102.0  72.6  54.4  32.0 106.0  19.9  31.5  56.5 104.0   22.3  91.0   3.8  73.9   12 Y11-D97-RSG80
