Draft Pos Age YPro Team InPro 2JPro 3PPro InEff 2JEff 3PEff  OReb  DReb  BDom PassR PassE InDef PerDef  InFR PerFR FTEff GInj Updated
  9.2 SF1  22    2  QUE  50.0  40.0  10.0  97.0  96.0  99.0  20.0  83.0  19.0  30.0  42.0  79.0   64.0  46.0  34.0  79.0    0 Y11-D19-RSG2
  9.2 SF1  22    2  QUE  50.0  40.0  10.0  97.0  96.0  99.0  20.0  83.0  19.0  30.0  42.0  80.0   64.0  46.0  34.0  79.0    0 Y11-D23-RSG6
  9.2 SF1  22    2  QUE  49.7  40.4   9.9  97.0  96.0  99.0  20.0  83.0  19.0  30.0  42.0  80.0   64.0  46.0  34.0  79.0    0 Y11-D24-RSG7
  9.2 SF1  22    2  QUE  49.7  40.4   9.9  97.0  96.0  99.0  20.0  83.0  19.0  30.0  42.0  77.5   64.0  46.0  34.0  79.0    0 Y11-D25-RSG8
  9.2 SF1  22    2  QUE  50.4  41.0   8.6  97.0  96.0  99.0  20.0  83.0  19.0  30.0  42.0  77.5   64.0  46.0  34.0  79.0    0 Y11-D26-RSG9
  9.2 SF1  22    2  QUE  51.3  39.9   8.8  97.0  96.0  99.0  20.0  81.7  19.0  30.0  42.0  77.5   64.0  46.0  34.0  79.0    0 Y11-D32-RSG15
  9.2 SF1  22    2  QUE  51.3  39.9   8.8  97.0  96.0  99.0  20.0  81.7  19.0  30.0  45.7  77.5   64.0  46.0  34.0  79.0    0 Y11-D34-RSG17
  9.2 SF1  22    2  QUE  51.3  39.9   8.8  97.0  96.0  99.0  20.0  82.7  19.0  30.0  45.7  77.5   64.0  46.0  34.0  79.0   11 Y11-D40-RSG23
  9.2 SF1  22    2  QUE  51.3  39.9   8.8  97.0  96.0  99.0  20.0  82.7  19.0  30.0  45.7  77.5   64.0  46.0  34.0  79.0    9 Y11-D41-RSG24
  9.2 SF1  22    2  QUE  51.3  39.9   8.8  97.0  96.0  99.0  20.0  82.7  19.0  30.0  45.7  77.5   64.0  46.0  34.0  79.0    9 Y11-D42-RSG25
  9.2 SF1  22    2  QUE  51.3  39.9   8.8  97.0  96.0  99.0  20.0  82.7  19.0  30.0  45.7  77.5   64.0  46.0  34.0  79.0    8 Y11-D43-RSG26
  9.2 SF1  22    2  QUE  51.3  39.9   8.8  97.0  96.0  99.0  20.0  82.7  19.0  30.0  45.7  77.5   64.0  46.0  34.0  79.0    7 Y11-D44-RSG27
  9.2 SF1  22    2  QUE  51.7  40.2   8.1  97.0  96.0  99.0  20.0  82.7  19.0  30.0  45.7  77.5   64.0  46.0  34.0  79.0    5 Y11-D45-RSG28
  9.2 SF1  22    2  QUE  51.7  40.2   8.1  97.0  96.0  99.0  20.0  82.7  19.0  30.0  45.7  77.5   64.0  46.0  34.0  79.0    4 Y11-D46-RSG29
  9.2 SF1  22    2  QUE  51.7  40.2   8.1  97.0  96.0  99.0  20.0  82.7  19.0  30.0  45.7  77.5   64.0  46.0  34.0  79.0    4 Y11-D47-RSG30
  9.2 SF1  22    2  QUE  51.7  40.2   8.1  97.0  96.0  99.0  20.0  82.7  19.0  30.0  45.7  76.1   64.0  46.0  34.0  79.0    2 Y11-D48-RSG31
  9.2 SF1  22    2  QUE  51.7  40.2   8.1  97.0  96.0  99.0  20.0  82.7  19.0  30.0  45.7  76.1   64.0  46.0  34.0  79.0    1 Y11-D49-RSG32
  9.2 SF1  22    2  QUE  51.7  40.2   8.1  97.0  96.0  99.0  20.0  82.7  19.0  30.0  45.7  76.1   64.0  46.0  34.0  79.0    0 Y11-D50-RSG33
  9.2 SF1  22    2  QUE  51.1  40.7   8.2  97.0  96.0  99.0  20.0  82.7  19.0  30.0  45.7  76.1   64.0  46.0  34.0  79.0    0 Y11-D53-RSG36
  9.2 SF1  22    2  QUE  50.6  41.1   8.3  97.0  96.0  99.0  20.0  82.7  19.0  30.0  45.7  76.1   64.0  46.0  34.0  79.0    0 Y11-D58-RSG41
  9.2 SF1  22    2  QUE  50.6  41.1   8.3  97.0  96.0  99.0  20.0  82.7  19.0  30.0  45.7  77.3   64.0  46.0  34.0  79.0    0 Y11-D64-RSG47
  9.2 SF1  22    2  QUE  50.6  41.1   8.3  97.0  96.0  99.0  20.0  82.7  19.0  30.0  45.7  77.3   64.0  46.0  34.0  78.0    0 Y11-D70-RSG53
  9.2 SF1  22    2  QUE  50.6  41.1   8.3  97.0  96.0  99.0  20.0  82.7  19.0  30.0  45.7  77.3   62.6  46.0  34.0  78.0    0 Y11-D72-RSG55
  9.2 SF1  22    2  QUE  50.6  41.1   8.3  97.0  96.0  99.0  20.0  82.7  19.0  30.0  45.7  77.3   62.6  49.1  34.0  78.0    0 Y11-D73-RSG56
  9.2 SF1  22    2  QUE  49.9  42.0   8.1  97.0  97.0  99.0  20.0  82.7  19.0  30.0  45.7  77.3   62.6  50.2  34.0  78.0    0 Y11-D74-RSG57
  9.2 SF1  22    2  QUE  49.0  43.0   8.0  97.0  97.0  99.0  20.0  82.7  19.0  30.0  45.7  77.3   62.6  50.2  34.0  78.0    0 Y11-D75-RSG58
  9.2 SF1  22    2  QUE  49.0  43.0   8.0  97.0  97.0  99.0  21.0  82.7  19.0  30.0  45.7  77.3   62.6  48.7  34.0  78.0    0 Y11-D76-RSG59
  9.2 SF1  22    2  QUE  49.6  42.5   7.9  97.0  98.0  99.0  21.0  82.7  19.0  30.0  45.7  77.3   62.6  48.7  34.0  78.0    0 Y11-D80-RSG63
  9.2 SF1  22    2  QUE  49.6  42.5   7.9  97.0  98.0  99.0  21.0  82.7  19.4  30.0  45.7  77.3   62.6  48.7  34.0  78.0    0 Y11-D83-RSG66
  9.2 SF1  22    2  QUE  49.6  42.5   7.9  97.0  98.0  97.4  21.0  82.7  19.4  30.0  45.7  76.3   62.6  48.7  34.0  78.0    0 Y11-D89-RSG72
  9.2 SF1  22    2  QUE  49.6  42.5   7.9  98.0  98.0  97.4  22.5  82.7  19.4  30.0  45.7  76.3   61.6  48.7  34.0  78.0   20 Y11-D91-RSG74
  9.2 SF1  22    2  QUE  50.2  42.3   7.5  98.0  98.0  97.4  22.5  82.7  19.4  30.0  45.7  76.3   61.6  48.7  34.0  78.0   20 Y11-D92-RSG75
  9.2 SF1  22    2  QUE  50.2  42.3   7.5  98.0  98.0  97.4  22.5  82.7  19.4  30.0  45.7  76.3   61.6  48.7  34.0  77.0   18 Y11-D93-RSG76
  9.2 SF1  22    2  QUE  50.2  42.3   7.5  98.0  98.0  97.4  22.5  82.7  19.4  30.0  45.7  76.3   61.6  48.7  34.0  77.0   16 Y11-D94-RSG77
  9.2 SF1  22    2  QUE  50.2  42.3   7.5  98.0  98.0  97.4  22.5  82.7  19.4  30.0  45.7  76.3   61.6  48.7  34.0  77.0   15 Y11-D95-RSG78
  9.2 SF1  22    2  QUE  50.2  42.3   7.5  98.0  98.0  97.4  22.5  82.7  19.4  30.0  45.7  76.3   61.6  48.7  34.0  77.0   14 Y11-D96-RSG79
  9.2 SF1  22    2  QUE  50.2  42.3   7.5  98.0  98.0  97.4  22.5  82.7  19.4  30.0  45.7  76.3   61.6  48.7  34.0  77.0   12 Y11-D97-RSG80
