Draft Pos Age YPro Team InPro 2JPro 3PPro InEff 2JEff 3PEff  OReb  DReb  BDom PassR PassE InDef PerDef  InFR PerFR FTEff GInj Updated
 9.15 PG1  22    2  LAT  43.0  25.9  31.1  90.0  93.0  98.0   7.0  30.0 104.0  83.0  88.0  48.0   71.0  51.0  32.0  80.0    0 Y11-D19-RSG2
 9.15 PG1  22    2  LAT  43.0  25.9  31.1  90.0  93.0  98.0   7.0  30.0 102.2  83.0  88.0  48.0   71.0  51.0  32.0  80.0    0 Y11-D29-RSG12
 9.15 PG1  22    2  LAT  42.6  25.6  31.8  90.0  93.0  98.0   7.0  30.0 102.2  83.0  88.0  48.0   71.0  51.0  32.0  80.0    0 Y11-D33-RSG16
 9.15 PG1  22    2  LAT  42.6  25.6  31.8  90.0  93.0  98.0   7.0  30.0 102.2  83.0  88.0  48.0   71.0  50.0  32.0  80.0    0 Y11-D35-RSG18
 9.15 PG1  22    2  LAT  42.6  25.6  31.8  90.0  93.0  98.0   7.0  30.0 102.2  83.0  88.0  48.0   71.0  50.0  32.0  80.0    8 Y11-D41-RSG24
 9.15 PG1  22    2  LAT  42.6  25.6  31.8  90.0  93.0  98.0   7.0  30.0 102.2  83.0  88.0  46.3   71.0  50.0  32.0  80.0    8 Y11-D42-RSG25
 9.15 PG1  22    2  LAT  42.6  25.6  31.8  90.0  93.0  98.0   7.0  30.0 102.2  81.4  88.0  46.3   71.0  50.0  32.0  80.0    8 Y11-D43-RSG26
 9.15 PG1  22    2  LAT  42.6  25.6  31.8  90.0  93.0  98.0   7.0  30.0 102.2  81.4  88.0  46.3   71.0  50.0  32.0  80.0    7 Y11-D44-RSG27
 9.15 PG1  22    2  LAT  42.6  25.6  31.8  90.0  93.0  98.0   7.0  30.0 102.2  81.4  88.0  46.3   71.0  50.0  32.0  80.0    6 Y11-D45-RSG28
 9.15 PG1  22    2  LAT  42.6  25.6  31.8  90.0  93.0  98.0   7.0  30.0 102.2  81.4  88.0  46.3   71.0  50.0  32.0  80.0    4 Y11-D46-RSG29
 9.15 PG1  22    2  LAT  42.6  25.6  31.8  90.0  93.0  98.0   7.0  27.6 102.2  81.4  88.0  46.3   71.0  50.0  32.0  80.0    3 Y11-D47-RSG30
 9.15 PG1  22    2  LAT  42.6  25.6  31.8  90.0  93.0  98.0   7.0  27.6 102.2  81.4  88.0  46.3   71.0  50.0  32.0  80.0    1 Y11-D48-RSG31
 9.15 PG1  22    2  LAT  42.4  25.7  31.9  90.0  93.0  98.0   7.0  27.6 102.2  81.4  88.0  46.3   71.0  50.0  32.0  80.0    0 Y11-D49-RSG32
 9.15 PG1  22    2  LAT  42.4  25.7  31.9  91.0  93.0  98.0   7.0  27.6 102.2  81.4  88.0  46.3   71.0  50.0  32.0  80.0    0 Y11-D50-RSG33
 9.15 PG1  22    2  LAT  42.7  25.9  31.4  91.0  95.4  98.0   7.0  27.6 102.2  81.4  89.3  46.3   71.0  50.0  32.0  80.0    0 Y11-D51-RSG34
 9.15 PG1  22    2  LAT  42.7  25.9  31.4  91.0  95.4  98.0   7.0  27.6 102.2  81.4  89.3  44.9   71.0  50.0  32.0  80.0    0 Y11-D55-RSG38
 9.15 PG1  22    2  LAT  42.9  26.0  31.1  91.0  95.4  98.0   7.0  27.6 102.2  82.2  89.3  44.9   71.0  50.0  32.0  80.0    0 Y11-D63-RSG46
 9.15 PG1  22    2  LAT  42.8  25.9  31.3  91.0  95.4  98.0   7.0  27.6 102.2  82.2  89.3  44.9   71.0  50.0  32.0  80.0    0 Y11-D66-RSG49
 9.15 PG1  22    2  LAT  42.8  25.9  31.3  91.0  94.4  98.0   7.0  27.6 102.2  82.2  89.3  44.9   70.0  51.0  32.0  80.0    0 Y11-D67-RSG50
 9.15 PG1  22    2  LAT  43.3  26.2  30.5  91.0  94.4  98.0   7.0  27.6 102.2  82.2  91.2  44.9   70.0  51.0  32.0  80.0    0 Y11-D69-RSG52
 9.15 PG1  22    2  LAT  43.3  26.2  30.5  91.0  94.4  98.0   7.0  27.6 102.2  82.2  91.2  44.9   72.0  51.0  32.0  80.0    0 Y11-D70-RSG53
 9.15 PG1  22    2  LAT  43.3  26.2  30.5  91.0  94.4  96.2   7.0  27.6 102.2  82.2  93.7  43.7   72.0  51.0  32.0  80.0    0 Y11-D81-RSG64
 9.15 PG1  22    2  LAT  43.3  26.2  30.5  91.0  94.4  96.2   7.0  27.6 102.2  82.2  93.7  43.7   72.0  51.0  33.0  80.0    0 Y11-D82-RSG65
 9.15 PG1  22    2  LAT  43.3  26.1  30.6  91.0  94.4  96.2   7.0  27.6 102.2  82.2  96.3  43.7   72.0  51.0  33.0  80.0    0 Y11-D83-RSG66
 9.15 PG1  22    2  LAT  43.3  26.1  30.6  91.0  94.4  97.2   7.0  27.6 102.2  82.2  96.3  43.7   72.0  51.0  33.0  80.0    0 Y11-D91-RSG74
 9.15 PG1  22    2  LAT  43.3  26.1  30.6  91.0  95.8  97.2   7.0  28.6 102.2  82.2  96.3  43.7   72.0  52.0  33.0  81.0    0 Y11-D94-RSG77
