Draft Pos Age YPro Team InPro 2JPro 3PPro InEff 2JEff 3PEff  OReb  DReb  BDom PassR PassE InDef PerDef  InFR PerFR FTEff GInj Updated
  9.8 PG1  22    2  KEN  34.0  32.0  34.0  84.0  97.0  97.0  19.0  50.0  51.0  59.2  98.0  24.0   69.7  29.0  38.0  76.0    0 Y11-D20-RSG3
  9.8 PG1  22    2  KEN  34.0  32.0  34.0  84.0  97.0  97.0  19.0  50.0  51.0  59.2  98.0  24.0   72.6  29.0  38.0  76.0    0 Y11-D22-RSG5
  9.8 PG1  22    2  KEN  34.0  32.0  34.0  84.0  97.0  97.0  19.0  50.0  49.8  59.2  98.0  24.0   72.6  29.0  38.0  76.0    0 Y11-D23-RSG6
  9.8 PG1  22    2  KEN  34.0  32.0  34.0  84.0  97.0  97.0  19.0  50.0  49.8  59.2  98.0  24.0   72.6  29.0  38.0  73.6    0 Y11-D25-RSG8
  9.8 PG1  22    2  KEN  34.9  31.6  33.5  84.0  97.0  97.0  19.0  50.0  49.8  59.2  98.0  24.0   72.6  29.0  38.0  71.1    0 Y11-D33-RSG16
  9.8 PG1  22    2  KEN  34.9  31.6  33.5  84.0  97.0  97.0  19.0  50.0  49.8  59.2  98.0  24.0   72.6  29.0  39.0  71.1    0 Y11-D39-RSG22
  9.8 PG1  22    2  KEN  34.9  31.6  33.5  84.0  97.0  97.0  19.0  50.0  49.8  59.2  98.0  24.0   72.6  31.7  39.0  71.1    0 Y11-D41-RSG24
  9.8 PG1  22    2  KEN  34.9  31.6  33.5  84.0  97.0  97.0  19.0  50.0  49.8  59.2  98.0  24.0   72.6  31.7  37.5  71.1    0 Y11-D44-RSG27
  9.8 PG1  22    2  KEN  34.9  31.6  33.5  84.0  97.0  97.0  19.0  50.0  49.8  59.2  98.0  24.0   74.7  31.7  37.5  71.1    0 Y11-D45-RSG28
  9.8 PG1  22    2  KEN  35.7  30.2  34.1  84.0  97.0  97.0  19.0  50.0  49.8  59.2  98.0  24.0   74.7  31.7  37.5  71.1    0 Y11-D49-RSG32
  9.8 PG1  22    2  KEN  35.7  30.2  34.1  84.0  97.0  97.0  19.0  50.0  50.4  59.2  98.0  24.0   74.7  31.7  37.5  71.1    0 Y11-D54-RSG37
  9.8 PG1  22    2  KEN  35.5  30.1  34.4  84.0  96.0  97.0  19.0  50.0  50.4  59.2  98.0  24.0   74.7  31.7  37.5  71.1    0 Y11-D57-RSG40
  9.8 PG1  22    2  KEN  35.5  30.1  34.4  85.0  96.0  97.0  19.0  50.0  50.4  59.2  97.0  24.0   74.7  31.7  38.8  71.1    0 Y11-D59-RSG42
  9.8 PG1  22    2  KEN  35.5  30.1  34.4  85.0  96.0  97.0  20.0  50.0  50.4  59.2  97.0  24.0   74.7  31.7  38.8  71.1    0 Y11-D62-RSG45
  9.8 PG1  22    2  KEN  34.4  30.6  35.0  85.0  96.0  97.0  20.0  50.0  51.6  61.8  97.0  21.1   74.7  31.7  38.8  71.1    0 Y11-D65-RSG48
  9.8 PG1  22    2  KEN  34.4  30.6  35.0  85.0  96.0  97.0  20.0  50.0  48.2  61.8  97.0  21.1   74.7  31.7  38.8  71.1    0 Y11-D73-RSG56
  9.8 PG1  22    2  KEN  34.4  30.6  35.0  85.0  96.0  97.0  20.0  50.0  48.2  63.1  97.0  21.1   74.7  31.7  38.8  71.1    0 Y11-D79-RSG62
  9.8 PG1  22    2  KEN  34.4  30.6  35.0  85.0  95.0  97.0  20.0  50.0  48.2  63.1  97.0  21.1   74.7  31.7  38.8  71.1    0 Y11-D81-RSG64
  9.8 PG1  22    2  KEN  34.4  30.6  35.0  85.0  95.0  97.0  20.0  50.0  48.2  63.1  98.7  21.1   74.7  32.7  38.8  71.1    0 Y11-D82-RSG65
  9.8 PG1  22    2  KEN  34.4  30.6  35.0  85.0  95.0  97.0  20.0  50.0  48.2  63.1  98.7  21.1   73.7  32.7  38.8  71.1    0 Y11-D87-RSG70
  9.8 PG1  22    2  KEN  34.4  30.6  35.0  85.0  95.0  97.0  20.0  50.0  48.2  64.1  98.7  21.1   71.1  32.7  38.8  71.1    0 Y11-D89-RSG72
  9.8 PG1  22    2  KEN  34.4  30.6  35.0  85.0  95.0  97.0  21.0  50.0  48.2  64.1  98.7  21.1   71.1  32.7  40.5  71.1    0 Y11-D92-RSG75
  9.8 PG1  22    2  KEN  34.4  30.6  35.0  85.0  95.0  97.0  22.0  50.0  48.2  64.1  98.7  21.1   71.1  32.7  40.5  71.1    0 Y11-D96-RSG79
  9.8 PG1  22    2  KEN  34.3  30.4  35.3  85.0  95.0  97.0  22.0  50.0  48.2  64.1  98.7  21.1   71.1  32.7  40.5  71.1    0 Y11-D97-RSG80
