Draft Pos Age YPro Team InPro 2JPro 3PPro InEff 2JEff 3PEff  OReb  DReb  BDom PassR PassE InDef PerDef  InFR PerFR FTEff GInj Updated
 10.5 PF1  21    1  QUE  77.8  22.0   0.2  93.0  85.0  31.0  32.0  83.0  23.0  30.9  52.0  57.0   27.0  50.0  11.0  67.0    0 Y11-D21-RSG4
 10.5 PF1  21    1  QUE  77.8  22.0   0.2  93.0  85.0  31.0  33.0  83.0  23.0  30.9  52.0  57.0   27.0  50.0  11.0  67.0    0 Y11-D24-RSG7
 10.5 PF1  21    1  QUE  77.8  22.0   0.2  93.0  85.0  31.0  34.6  83.0  23.0  30.9  52.0  57.0   27.0  50.0  11.0  67.0    0 Y11-D26-RSG9
 10.5 PF1  21    1  QUE  77.8  22.0   0.2  93.0  85.0  31.0  34.6  83.0  23.3  30.9  52.0  57.0   27.0  50.0  11.0  67.0    0 Y11-D27-RSG10
 10.5 PF1  21    1  QUE  77.8  22.0   0.2  93.0  85.0  31.0  34.6  83.0  23.3  30.9  52.0  57.0   27.0  50.0  11.0  65.4    0 Y11-D36-RSG19
 10.5 PF1  21    1  QUE  77.8  22.0   0.2  93.0  85.0  31.0  34.6  83.0  23.3  30.9  51.0  57.0   27.0  50.0  11.0  65.4    0 Y11-D37-RSG20
 10.5 PF1  21    1  QUE  77.5  22.3   0.2  93.0  85.0  31.0  35.6  84.0  23.3  30.9  51.0  57.0   25.5  50.0  11.0  65.4    0 Y11-D40-RSG23
 10.5 PF1  21    1  QUE  77.5  22.3   0.2  93.0  85.0  31.0  35.6  84.0  23.3  30.0  51.0  57.0   25.5  50.0  11.0  65.4    0 Y11-D45-RSG28
 10.5 PF1  21    1  QUE  77.7  22.1   0.2  93.0  85.0  31.0  35.6  84.0  25.1  30.0  51.0  57.0   25.5  50.0  11.0  65.4    0 Y11-D48-RSG31
 10.5 PF1  21    1  QUE  77.7  22.1   0.2  93.0  86.3  31.0  35.6  84.0  25.1  30.0  51.0  57.0   25.5  50.0  11.0  65.4    0 Y11-D49-RSG32
 10.5 PF1  21    1  QUE  77.7  22.1   0.2  93.0  86.3  31.0  35.6  84.0  25.1  30.6  51.0  57.0   25.5  50.0  11.0  65.4    0 Y11-D53-RSG36
 10.5 PF1  21    1  QUE  77.7  22.1   0.2  93.0  86.3  31.0  35.6  84.0  25.1  28.6  51.0  57.0   25.5  50.0  11.0  65.4    0 Y11-D55-RSG38
 10.5 PF1  21    1  QUE  77.7  22.1   0.2  93.0  87.3  31.0  35.6  84.0  25.1  28.6  51.0  57.0   25.5  50.0  11.0  65.4    0 Y11-D57-RSG40
 10.5 PF1  21    1  QUE  77.7  22.1   0.2  93.0  87.3  31.0  37.0  84.0  25.1  28.6  51.0  57.0   25.5  50.0  11.0  65.4    0 Y11-D62-RSG45
 10.5 PF1  21    1  QUE  77.7  22.1   0.2  93.0  87.3  31.0  37.0  84.0  25.1  28.6  51.0  57.0   25.5  50.0  11.0  65.4    0 Y11-D65-RSG48
 10.5 PF1  21    1  QUE  77.7  22.1   0.2  93.0  87.3  31.0  37.0  84.0  25.1  28.6  51.0  57.0   25.5  50.0  12.7  65.4    0 Y11-D67-RSG50
 10.5 PF1  21    1  QUE  76.7  23.1   0.2  93.0  87.3  31.0  37.0  84.0  26.2  28.6  51.0  57.0   25.5  50.0  12.7  65.4    0 Y11-D74-RSG57
 10.5 PF1  21    1  QUE  76.7  23.1   0.2  93.0  87.3  31.0  37.0  84.0  26.2  28.6  51.0  57.0   25.5  50.0  11.7  65.4    0 Y11-D75-RSG58
 10.5 PF1  21    1  QUE  76.7  23.1   0.2  93.0  87.3  31.0  37.0  84.0  26.2  28.6  51.0  57.0   25.5  50.0  12.7  65.4    0 Y11-D78-RSG61
 10.5 PF1  21    1  QUE  76.6  23.1   0.3  93.0  87.3  31.0  37.0  84.0  26.2  28.9  51.0  57.0   25.5  50.0  12.7  65.4    0 Y11-D80-RSG63
 10.5 PF1  21    1  QUE  76.6  23.1   0.3  93.0  87.3  31.0  37.0  84.0  26.2  28.9  51.0  58.0   25.5  50.0  12.7  65.4    0 Y11-D83-RSG66
 10.5 PF1  21    1  QUE  76.6  23.1   0.3  93.0  87.3  31.0  37.0  84.0  26.2  28.9  51.0  58.0   25.5  50.0  13.7  65.4    0 Y11-D84-RSG67
 10.5 PF1  21    1  QUE  76.6  23.1   0.3  94.8  87.3  31.0  37.0  84.0  26.2  28.9  51.0  58.0   25.5  50.0  13.7  65.4    0 Y11-D85-RSG68
 10.5 PF1  21    1  QUE  76.6  23.1   0.3  94.8  87.3  31.0  37.0  84.0  26.2  28.9  51.0  58.0   25.5  50.0  14.7  65.4    0 Y11-D86-RSG69
 10.5 PF1  21    1  QUE  76.1  23.6   0.3  94.8  87.3  31.0  38.3  84.0  26.2  28.9  51.0  58.0   25.5  50.0  14.7  65.4    0 Y11-D89-RSG72
 10.5 PF1  21    1  QUE  76.1  23.6   0.3  94.8  88.3  31.0  38.3  84.0  26.2  28.9  51.0  58.0   25.5  50.0  14.7  66.4    0 Y11-D91-RSG74
 10.5 PF1  21    1  QUE  76.1  23.6   0.3  94.8  88.3  31.0  38.3  84.0  26.2  28.9  51.0  58.0   28.1  50.0  14.7  66.4    0 Y11-D93-RSG76
 10.5 PF1  21    1  QUE  76.6  23.1   0.3  94.8  88.3  31.0  38.3  84.0  26.2  28.9  51.0  58.0   28.1  50.0  14.7  66.4    0 Y11-D96-RSG79
