Draft Pos Age YPro Team InPro 2JPro 3PPro InEff 2JEff 3PEff  OReb  DReb  BDom PassR PassE InDef PerDef  InFR PerFR FTEff GInj Updated
 10.2 SG1  21    1  WIL  44.0  42.0  14.0  93.0  96.0  82.0  17.0  59.0  32.0  51.0  62.0  42.0   76.0  32.4  38.0  78.0    0 Y11-D19-RSG2
 10.2 SG1  21    1  WIL  43.6  41.5  14.9  94.0  96.0  82.0  18.0  59.0  32.0  51.0  62.0  44.3   76.0  32.4  38.0  78.0    0 Y11-D20-RSG3
 10.2 SG1  21    1  WIL  43.6  41.5  14.9  94.0  96.0  82.0  18.0  59.0  32.0  53.1  62.0  44.3   76.0  32.4  38.0  78.0    0 Y11-D23-RSG6
 10.2 SG1  21    1  WIL  43.6  41.5  14.9  94.0  96.0  82.0  17.0  59.0  32.0  53.1  65.8  43.2   76.0  32.4  38.0  78.0    0 Y11-D28-RSG11
 10.2 SG1  21    1  WIL  43.6  41.5  14.9  94.0  96.0  82.0  17.0  59.0  32.0  54.0  65.8  44.7   76.0  32.4  39.3  78.0    0 Y11-D30-RSG13
 10.2 SG1  21    1  WIL  44.0  41.0  15.0  94.0  96.0  82.0  17.0  56.5  32.0  54.0  65.8  44.7   73.6  32.4  39.3  78.0    0 Y11-D36-RSG19
 10.2 SG1  21    1  WIL  45.4  39.2  15.4  94.0  96.0  82.0  15.5  56.5  32.0  54.0  65.8  44.7   73.6  32.4  39.3  78.0    0 Y11-D37-RSG20
 10.2 SG1  21    1  WIL  45.4  39.2  15.4  94.0  96.0  82.0  16.5  56.5  32.0  54.0  65.8  44.7   73.6  32.4  39.3  78.0    0 Y11-D45-RSG28
 10.2 SG1  21    1  WIL  45.4  39.2  15.4  94.0  96.0  82.0  16.5  56.5  32.0  53.6  66.8  44.7   73.6  32.4  39.3  78.0    0 Y11-D49-RSG32
 10.2 SG1  21    1  WIL  45.7  38.8  15.5  94.0  96.0  82.0  15.5  56.5  32.0  53.6  66.8  44.7   73.6  32.4  39.3  78.0    0 Y11-D52-RSG35
 10.2 SG1  21    1  WIL  45.7  38.8  15.5  95.1  98.4  82.0  15.5  56.5  32.6  53.6  66.8  44.7   73.6  32.4  39.3  78.0    0 Y11-D53-RSG36
 10.2 SG1  21    1  WIL  45.7  38.8  15.5  95.1  98.4  82.0  15.5  55.5  32.6  53.6  66.8  44.7   73.6  32.4  39.3  78.0    0 Y11-D54-RSG37
 10.2 SG1  21    1  WIL  45.7  38.8  15.5  95.1  98.4  82.0  15.5  55.5  32.2  53.6  66.8  44.7   73.6  32.4  39.3  78.0    0 Y11-D58-RSG41
 10.2 SG1  21    1  WIL  45.7  38.8  15.5  95.1  98.4  82.0  16.5  55.5  32.2  53.6  66.8  44.7   73.6  32.4  37.9  78.0    0 Y11-D60-RSG43
 10.2 SG1  21    1  WIL  45.6  38.9  15.5  95.1  98.4  82.0  16.5  55.5  32.2  53.6  66.8  44.7   70.8  35.4  36.2  79.0    0 Y11-D62-RSG45
 10.2 SG1  21    1  WIL  46.1  39.3  14.6  95.1  98.4  82.0  16.5  55.5  32.2  53.6  66.8  44.7   70.8  35.4  36.2  79.0    0 Y11-D66-RSG49
 10.2 SG1  21    1  WIL  45.1  40.0  14.9  95.1  98.4  82.0  17.5  55.5  32.2  53.6  66.8  44.7   70.8  35.4  36.2  79.0    0 Y11-D67-RSG50
 10.2 SG1  21    1  WIL  45.1  40.0  14.9  95.1  97.4  82.0  17.5  55.5  32.2  53.6  66.8  44.7   70.8  36.4  36.2  79.0    0 Y11-D68-RSG51
 10.2 SG1  21    1  WIL  45.1  40.0  14.9  95.1  97.4  82.0  17.5  55.5  32.2  53.6  66.8  44.7   70.8  36.4  36.2  80.0    0 Y11-D70-RSG53
 10.2 SG1  21    1  WIL  45.1  40.0  14.9  95.1  97.4  82.0  17.5  55.5  30.8  53.6  66.8  44.7   70.8  36.4  36.2  80.0    0 Y11-D71-RSG54
 10.2 SG1  21    1  WIL  43.9  41.6  14.5  95.1  97.4  82.0  17.5  55.5  30.8  53.6  66.8  44.7   70.8  36.4  36.2  80.0    0 Y11-D80-RSG63
 10.2 SG1  21    1  WIL  43.5  41.2  15.3  95.1  97.4  82.0  17.5  55.5  30.8  53.6  66.8  44.7   70.8  36.4  36.2  80.0    0 Y11-D83-RSG66
 10.2 SG1  21    1  WIL  43.5  41.2  15.3  95.1  97.4  82.0  17.5  55.5  30.8  53.5  66.8  44.7   70.8  36.4  36.2  80.0    0 Y11-D90-RSG73
 10.2 SG1  21    1  WIL  43.5  41.2  15.3  95.1  97.4  81.0  17.5  55.5  30.8  53.5  66.8  44.7   70.8  36.4  36.2  80.0    0 Y11-D93-RSG76
