Draft Pos Age YPro Team InPro 2JPro 3PPro InEff 2JEff 3PEff  OReb  DReb  BDom PassR PassE InDef PerDef  InFR PerFR FTEff GInj Updated
 11.U  C1  21    0  DRA  72.3  24.7   3.0  82.1  64.6  23.9  24.1  48.6  14.5  31.0  12.0  71.6   10.4  69.8  20.0  68.8    0 Y11-D1-Draft
 11.U  C1  21    0   FA  72.3  24.7   3.0  82.1  64.6  23.9  24.1  48.6  14.5  31.0  12.0  71.6    9.4  69.8  20.0  68.8    0 Y11-D21-RSG4
 11.U  C1  21    0   FA  72.3  24.7   3.0  82.1  64.6  23.9  22.2  48.6  14.5  31.0  12.0  71.6    9.4  69.8  20.0  68.8    0 Y11-D30-RSG13
 11.U  C1  21    0   FA  71.7  25.4   2.9  82.1  64.6  23.9  22.2  48.6  14.5  31.0  12.0  71.6    9.4  69.8  20.0  68.8    0 Y11-D36-RSG19
 11.U  C1  21    0   FA  71.1  26.1   2.8  82.1  64.6  23.9  22.2  48.6  14.5  31.0  12.0  71.6    9.4  69.8  20.0  68.8    0 Y11-D37-RSG20
 11.U  C1  21    0   FA  71.1  26.1   2.8  82.1  64.6  23.9  22.2  48.6  14.5  31.0  12.0  68.9    9.4  69.8  20.0  68.8    0 Y11-D44-RSG27
 11.U  C1  21    0   FA  71.1  26.1   2.8  82.1  64.6  23.9  22.2  48.6  14.5  31.0  12.0  68.9    9.4  69.8  20.0  67.8    0 Y11-D50-RSG33
 11.U  C1  21    0   FA  71.1  26.1   2.8  81.1  64.6  23.9  22.2  48.6  14.5  31.0  12.0  68.9    9.4  69.8  20.0  65.2    0 Y11-D61-RSG44
 11.U  C1  21    0   FA  71.1  26.1   2.8  81.1  64.6  23.9  22.2  48.6  14.5  31.0  12.0  68.9    9.4  68.8  20.0  65.2    0 Y11-D62-RSG45
 11.U  C1  21    0   FA  71.1  26.1   2.8  81.1  64.6  23.9  22.2  48.6  14.5  31.0  12.0  68.9    7.9  68.8  20.0  65.2    0 Y11-D63-RSG46
 11.U  C1  21    0   FA  71.1  26.1   2.8  81.1  64.6  23.9  22.2  48.6  13.4  31.0  12.0  68.9    5.7  68.8  20.0  65.2    0 Y11-D68-RSG51
 11.U  C1  21    0   FA  71.0  26.0   3.0  81.1  66.4  23.9  22.2  48.6  13.4  31.0  12.0  68.9    5.7  68.8  20.0  65.2    0 Y11-D72-RSG55
 11.U  C1  21    0   FA  71.8  25.3   2.9  81.1  66.4  23.9  22.2  48.6  13.4  31.0  12.0  68.9    5.7  68.8  20.0  65.2    0 Y11-D88-RSG71
 11.U  C1  21    0   FA  70.9  26.2   2.9  81.1  66.4  23.9  22.2  48.6  13.4  31.0  12.0  68.9    5.7  68.8  20.0  65.2    0 Y11-D98-AS3PC
