Draft Pos Age YPro Team InPro 2JPro 3PPro InEff 2JEff 3PEff  OReb  DReb  BDom PassR PassE InDef PerDef  InFR PerFR FTEff GInj Updated
 11.U SG1  20    0  DRA  30.4  41.1  28.5  61.6  86.8  52.5  14.9  44.2  36.1  57.5  43.3  24.6   68.2  65.9  37.4  79.8    0 Y11-D1-Draft
 11.U SG1  20    0   FA  30.5  41.3  28.2  61.6  86.8  52.5  14.9  44.2  36.1  57.5  43.3  24.6   68.2  65.9  37.4  79.8    0 Y11-D22-RSG5
 11.U SG1  20    0   FA  30.5  41.3  28.2  61.6  84.1  52.5  14.9  44.2  36.1  57.5  43.3  24.6   68.2  65.9  37.4  79.8    0 Y11-D25-RSG8
 11.U SG1  20    0   FA  31.4  39.5  29.1  61.6  84.1  52.5  14.9  44.2  36.1  57.5  43.3  24.6   68.2  65.9  37.4  79.8    0 Y11-D35-RSG18
 11.U SG1  20    0   FA  31.4  39.5  29.1  61.6  84.1  52.5  14.9  44.2  36.1  55.8  43.3  24.6   68.2  65.9  37.4  79.8    0 Y11-D43-RSG26
 11.U SG1  20    0   FA  31.4  39.5  29.1  61.6  84.1  52.5  14.9  44.2  36.1  55.8  42.3  24.6   68.2  65.9  37.4  79.8    0 Y11-D47-RSG30
 11.U SG1  20    0   FA  31.4  39.5  29.1  61.6  85.9  52.5  14.9  44.2  36.1  55.8  42.3  24.6   68.2  65.9  37.4  79.8    0 Y11-D48-RSG31
 11.U SG1  20    0   FA  31.4  39.5  29.1  61.6  85.9  52.5  14.9  44.2  36.1  55.8  42.3  24.6   68.2  65.9  37.4  79.8   22 Y11-D50-RSG33
 11.U SG1  20    0   FA  31.4  39.5  29.1  61.6  85.9  52.5  14.9  44.2  36.1  55.8  42.3  24.6   68.2  65.9  37.4  79.8   20 Y11-D51-RSG34
 11.U SG1  20    0   FA  31.4  39.5  29.1  61.6  85.9  53.5  14.9  41.3  36.1  55.8  42.3  24.6   65.4  65.9  37.4  79.8   19 Y11-D52-RSG35
 11.U SG1  20    0   FA  31.4  39.5  29.1  61.6  85.9  53.5  14.9  41.3  36.1  55.8  42.3  24.6   62.6  65.9  37.4  79.8   18 Y11-D53-RSG36
 11.U SG1  20    0   FA  32.1  38.2  29.7  61.6  85.9  53.5  14.9  41.3  36.1  55.8  42.3  24.6   62.6  65.9  37.4  79.8   16 Y11-D54-RSG37
 11.U SG1  20    0   FA  32.1  38.2  29.7  61.6  85.9  53.5  14.9  41.3  36.1  55.8  42.3  24.6   62.6  65.9  37.4  79.8   15 Y11-D55-RSG38
 11.U SG1  20    0   FA  32.1  38.2  29.7  61.6  85.9  53.5  14.9  41.3  36.1  55.8  42.3  24.6   62.6  65.9  37.4  79.8   15 Y11-D56-RSG39
 11.U SG1  20    0   FA  32.1  38.2  29.7  61.6  85.9  53.5  14.9  41.3  36.1  55.8  42.3  24.6   62.6  65.9  37.4  79.8   15 Y11-D57-RSG40
 11.U SG1  20    0   FA  32.1  38.2  29.7  61.6  85.9  53.5  14.9  41.3  36.1  55.8  42.3  24.6   62.6  65.9  37.4  79.8   14 Y11-D58-RSG41
 11.U SG1  20    0   FA  32.1  38.2  29.7  59.8  85.9  53.5  14.9  41.3  36.1  55.8  42.3  24.6   62.6  65.9  37.4  79.8   13 Y11-D59-RSG42
 11.U SG1  20    0   FA  32.1  38.2  29.7  59.8  85.9  53.5  14.9  41.3  36.1  55.8  42.3  24.6   62.6  65.9  37.4  79.8   12 Y11-D60-RSG43
 11.U SG1  20    0   FA  32.1  38.2  29.7  59.8  85.9  53.5  14.9  41.3  36.1  55.8  42.3  24.6   62.6  65.9  37.4  79.8   11 Y11-D61-RSG44
 11.U SG1  20    0   FA  32.1  38.2  29.7  59.8  85.9  53.5  14.9  41.3  36.1  55.8  42.3  24.6   62.6  65.9  37.4  79.8    9 Y11-D62-RSG45
 11.U SG1  20    0   FA  32.1  38.2  29.7  59.8  85.9  53.5  14.9  41.3  36.1  55.8  42.3  24.6   62.6  65.9  37.4  79.8    8 Y11-D63-RSG46
 11.U SG1  20    0   FA  32.1  38.2  29.7  59.8  85.9  53.5  14.9  41.3  36.1  55.8  42.3  24.6   62.6  65.9  37.4  79.8    7 Y11-D64-RSG47
 11.U SG1  20    0   FA  32.1  38.2  29.7  59.8  85.9  53.5  14.9  41.3  36.1  55.8  42.3  24.6   62.6  65.9  37.4  79.8    5 Y11-D65-RSG48
 11.U SG1  20    0   FA  32.1  38.2  29.7  59.8  85.9  53.5  14.9  41.3  36.1  55.8  42.3  24.6   62.6  65.9  37.4  79.8    5 Y11-D66-RSG49
 11.U SG1  20    0   FA  32.1  38.2  29.7  59.8  85.9  53.5  14.9  41.3  36.1  55.8  42.3  24.6   62.6  65.9  37.4  79.8    5 Y11-D67-RSG50
 11.U SG1  20    0   FA  32.1  38.2  29.7  59.8  85.9  53.5  14.9  41.3  36.1  55.8  42.3  24.6   62.6  65.9  37.4  79.8    5 Y11-D68-RSG51
 11.U SG1  20    0   FA  32.1  38.2  29.7  59.8  85.9  53.5  13.6  41.3  36.1  55.8  42.3  24.6   62.6  65.9  37.4  77.3    4 Y11-D69-RSG52
 11.U SG1  20    0   FA  32.1  38.2  29.7  59.8  85.9  53.5  13.6  41.3  36.1  55.8  42.3  24.6   62.6  65.9  37.4  77.3    2 Y11-D70-RSG53
 11.U SG1  20    0   FA  32.1  38.2  29.7  59.8  85.9  53.5  13.6  41.3  36.1  55.8  42.3  24.6   62.6  65.9  37.4  77.3    0 Y11-D71-RSG54
 11.U SG1  20    0   FA  32.1  38.2  29.7  59.8  88.1  53.5  13.6  41.3  36.1  55.8  42.3  24.6   62.6  65.9  37.4  77.3    0 Y11-D73-RSG56
 11.U SG1  20    0   FA  32.1  38.2  29.7  59.8  88.1  50.9  13.6  41.3  36.1  55.8  42.3  24.6   62.6  65.9  37.4  77.3    0 Y11-D76-RSG59
 11.U SG1  20    0   FA  32.1  38.2  29.7  59.8  88.1  50.9  13.6  41.3  36.1  55.8  42.3  24.6   63.6  65.9  37.4  77.3    0 Y11-D80-RSG63
 11.U SG1  20    0   FA  32.1  38.2  29.7  62.7  88.1  50.9  13.6  41.3  36.1  55.8  42.3  24.6   63.6  65.9  37.4  77.3    0 Y11-D87-RSG70
 11.U SG1  20    0   FA  32.1  38.2  29.7  62.7  88.1  50.9  13.6  41.3  36.1  55.8  42.3  24.6   63.6  65.9  37.4  74.3    0 Y11-D93-RSG76
 11.U SG1  20    0   FA  32.1  38.2  29.7  62.7  88.1  50.9  13.6  41.3  36.1  55.8  42.3  24.6   61.1  65.9  37.4  74.3    0 Y11-D95-RSG78
 11.U SG1  20    0   FA  32.1  38.2  29.7  62.7  88.1  50.9  12.6  41.3  36.1  55.8  42.3  24.6   61.1  65.9  37.4  74.3    0 Y11-D98-AS3PC
