Draft Pos Age YPro Team InPro 2JPro 3PPro InEff 2JEff 3PEff  OReb  DReb  BDom PassR PassE InDef PerDef  InFR PerFR FTEff GInj Updated
 11.U SG2  20    0  DRA  13.0  51.9  35.1  57.9  80.0  79.2  11.2  25.9  31.5  38.0  46.9  10.9   87.7  25.9  32.6  88.7    0 Y11-D1-Draft
 11.U SG2  20    0   FA  13.0  51.9  35.1  57.9  80.0  79.2  11.2  25.9  31.5  38.0  45.9  10.9   87.7  25.9  32.6  88.7    0 Y11-D18-RSG1
 11.U SG2  20    0   FA  13.0  51.9  35.1  60.3  80.0  79.2  11.2  25.9  31.5  38.0  45.9  10.9   87.7  25.9  32.6  88.7    0 Y11-D20-RSG3
 11.U SG2  20    0   FA  13.0  51.9  35.1  60.3  79.0  79.2  11.2  25.9  31.5  38.0  45.9  10.9   87.7  25.9  32.6  88.7    0 Y11-D21-RSG4
 11.U SG2  20    0   FA  13.0  51.9  35.1  60.3  79.0  79.2  11.2  25.9  30.7  38.0  45.9  10.9   87.7  25.9  32.6  88.7    0 Y11-D23-RSG6
 11.U SG2  20    0   FA  13.0  51.9  35.1  60.3  79.0  79.2  11.2  25.9  28.9  38.0  45.9  10.9   87.7  25.9  32.6  88.7    0 Y11-D25-RSG8
 11.U SG2  20    0   FA  13.0  51.9  35.1  60.3  79.0  79.2  11.2  25.9  28.9  38.0  45.9  12.8   87.7  25.9  32.6  88.7    0 Y11-D35-RSG18
 11.U SG2  20    0   FA  13.0  51.9  35.1  60.3  79.0  79.2  11.2  25.9  29.3  38.0  45.9  12.8   87.7  25.9  32.6  88.7    0 Y11-D45-RSG28
 11.U SG2  20    0   FA  13.0  51.9  35.1  60.3  79.0  79.2  11.2  25.9  29.3  38.0  45.9  12.8   87.7  25.9  33.6  88.7    0 Y11-D49-RSG32
 11.U SG2  20    0   FA  13.0  51.9  35.1  60.3  79.0  79.2  11.2  25.9  29.3  38.0  45.9  12.8   87.7  25.9  33.6  87.7    0 Y11-D64-RSG47
 11.U SG2  20    0   FA  13.0  51.9  35.1  60.3  79.0  76.8  11.2  25.9  29.3  38.0  45.9  12.8   87.7  25.9  33.6  87.7    0 Y11-D65-RSG48
 11.U SG2  20    0   FA  13.0  51.9  35.1  60.3  79.0  76.8  11.2  25.9  29.3  38.0  45.9  12.8   87.7  25.9  31.7  87.7    0 Y11-D67-RSG50
 11.U SG2  20    0   FA  12.7  50.7  36.6  60.3  79.0  76.8  11.2  25.9  29.3  38.0  45.9  12.8   87.7  25.9  31.7  87.7    0 Y11-D71-RSG54
 11.U SG2  20    0   FA  12.7  50.7  36.6  58.1  79.0  76.8  11.2  24.1  29.3  38.0  45.9  12.8   87.7  25.9  31.7  87.7    0 Y11-D73-RSG56
 11.U SG2  20    0   FA  12.7  50.7  36.6  58.1  79.0  76.8  11.2  24.1  29.3  38.0  45.9  11.8   87.7  25.9  31.7  87.7    0 Y11-D74-RSG57
 11.U SG2  20    0   FA  12.7  50.7  36.6  58.1  79.0  76.8  11.2  24.1  29.3  38.0  45.9  11.8   87.7  25.9  31.7  88.7    0 Y11-D82-RSG65
 11.U SG2  20    0   FA  12.7  50.7  36.6  58.1  78.0  76.8  11.2  24.1  29.3  38.0  45.9  11.8   87.7  25.9  31.7  87.7    0 Y11-D86-RSG69
 11.U SG2  20    0   FA  12.7  50.7  36.6  58.1  78.0  76.8  11.2  24.1  29.3  38.0  45.9  11.8   87.7  26.9  31.7  87.7    0 Y11-D88-RSG71
 11.U SG2  20    0   FA  12.7  50.7  36.6  58.1  78.0  76.8  11.2  24.1  28.2  38.0  45.9  11.8   87.7  26.9  31.7  87.7    0 Y11-D89-RSG72
