Draft Pos Age YPro Team InPro 2JPro 3PPro InEff 2JEff 3PEff  OReb  DReb  BDom PassR PassE InDef PerDef  InFR PerFR FTEff GInj Updated
 11.U PG1  19    0  DRA  30.1  38.4  31.5  77.2  69.8  68.7   5.8  27.2  70.3  62.6  88.1  11.3   76.4  34.8  36.5  89.1    0 Y11-D1-Draft
 11.U PG1  19    0   FA  30.1  38.4  31.5  77.2  69.8  68.7   5.8  27.2  70.3  60.8  88.1  11.3   76.4  34.8  37.5  89.1    0 Y11-D20-RSG3
 11.U PG1  19    0   FA  30.1  38.4  31.5  79.1  69.8  68.7   5.8  27.2  70.3  60.8  88.1  11.3   76.4  34.8  37.5  89.1    0 Y11-D28-RSG11
 11.U PG1  19    0   FA  30.1  38.4  31.5  79.1  69.8  68.7   5.8  27.2  72.4  60.8  88.1  11.3   76.4  34.8  37.5  89.1    0 Y11-D38-RSG21
 11.U PG1  19    0   FA  30.1  38.4  31.5  79.1  69.8  67.7   5.8  27.2  72.4  60.8  88.1  11.3   76.4  34.8  37.5  89.1    0 Y11-D39-RSG22
 11.U PG1  19    0   FA  30.1  38.4  31.5  79.1  69.8  67.7   5.8  27.2  72.4  60.8  88.1  11.3   76.4  34.8  38.5  89.1    0 Y11-D40-RSG23
 11.U PG1  19    0   FA  30.1  38.4  31.5  79.1  69.8  65.1   5.8  27.2  72.4  60.8  88.1  11.3   76.4  34.8  38.5  89.1    0 Y11-D44-RSG27
 11.U PG1  19    0   FA  30.1  38.4  31.5  79.1  69.8  68.8   5.8  27.2  72.4  60.8  88.1  11.3   76.4  34.8  38.5  89.1    0 Y11-D47-RSG30
 11.U PG1  19    0   FA  30.1  38.4  31.5  80.5  69.8  68.8   5.8  27.2  72.4  60.8  88.1  11.3   76.4  34.8  38.5  89.1    0 Y11-D50-RSG33
 11.U PG1  19    0   FA  30.1  38.4  31.5  80.5  69.8  68.8   5.8  27.2  72.4  60.8  89.1  11.3   76.4  34.8  38.5  89.1    0 Y11-D51-RSG34
 11.U PG1  19    0   FA  30.1  38.4  31.5  80.5  70.8  68.8   5.8  27.2  72.4  60.8  89.1  11.3   76.4  34.8  38.5  89.1    0 Y11-D59-RSG42
 11.U PG1  19    0   FA  31.1  37.8  31.1  80.5  70.8  68.8   5.8  27.2  72.4  60.8  89.1  11.3   76.4  34.8  38.5  89.1    0 Y11-D70-RSG53
 11.U PG1  19    0   FA  31.1  37.8  31.1  80.5  70.8  68.8   5.8  27.2  72.4  60.8  89.1  11.3   78.3  34.8  38.5  89.1    0 Y11-D71-RSG54
 11.U PG1  19    0   FA  31.1  37.8  31.1  80.5  70.8  68.8   4.3  27.2  72.4  60.8  89.1  11.3   78.3  34.8  38.5  89.1    0 Y11-D84-RSG67
 11.U PG1  19    0   FA  31.1  37.8  31.1  80.5  70.8  68.8   4.3  28.3  72.4  60.8  89.1  11.3   78.3  34.8  38.5  89.1    0 Y11-D91-RSG74
 11.U PG1  19    0   FA  31.1  37.8  31.1  80.5  70.8  68.8   4.3  29.3  72.4  60.8  89.1  11.3   78.3  34.8  38.5  89.1    0 Y11-D96-RSG79
 11.U PG1  19    0   FA  30.8  37.4  31.8  80.5  70.8  68.8   4.3  29.3  72.4  60.8  89.1  11.3   78.3  34.8  38.5  89.1    0 Y11-D97-RSG80
 11.U PG1  19    0   FA  30.8  37.4  31.8  80.5  70.8  68.8   5.3  29.3  72.4  60.8  89.1  11.3   78.3  34.8  38.5  89.1    0 Y11-D98-ASRoSo
